   6.35 53.08 4.0 0.00 0.00
         6       1995        1         1320       -0.8      3.7      0.621      8.2          8
         6       1995        2         1460        0.7      3.7      0.667      5.7        5.7
         6       1995        3         3330       -6.4      2.7      0.498      1.5          0
         6       1995        4         3550         -7     -1.2      0.463      2.1          0
         6       1995        5         5470       -7.1       -3      0.374      4.6          0
         6       1995        6         1320       -5.3     -2.6      0.398      2.6          0
         6       1995        7          890       -8.8     -3.9      0.390      2.6          0
         6       1995        8          610       -5.9      3.7      0.578      5.1        5.1
         6       1995        9         1440          1      7.2      0.811      6.7        9.1
         6       1995       10         1690        0.7      6.5      0.702      8.7        5.1
         6       1995       11         2780        0.6      4.5      0.669      6.7        2.1
         6       1995       12         3430       -3.9      4.2      0.540      5.7        3.5
         6       1995       13         2120       -3.6      3.3      0.605      3.1          0
         6       1995       14          680        2.9      6.9      0.872      4.6        0.4
         6       1995       15          640        6.8      8.1      1.031      4.6          1
         6       1995       16         3780        1.4      7.3      0.761      6.2          0
         6       1995       17         3460        1.1      7.1      0.631      7.2          0
         6       1995       18          500        3.4      7.6      0.821      5.7        2.7
         6       1995       19         3810        1.3        6      0.734      6.7          3
         6       1995       20         1890        4.1      8.8      0.772      8.2        0.2
         6       1995       21         2380        3.5      6.4      0.775      7.2        3.3
         6       1995       22         2020          1      6.8      0.777      5.7         34
         6       1995       23         2960        1.7      7.1      0.748     11.3        5.2
         6       1995       24         2760        1.8      6.7      0.764      9.3       11.7
         6       1995       25         1440        2.8      5.2      0.798      3.1        8.1
         6       1995       26          480        1.4     11.5      0.864      9.8       22.2
         6       1995       27         3280        0.3      5.5      0.656      7.2        3.5
         6       1995       28          860        0.3      8.9      0.822      8.7        9.3
         6       1995       29         1230        5.6      8.1      0.963      5.7        4.5
         6       1995       30         5150       -2.4      5.9      0.621      4.1        0.1
         6       1995       31          830       -1.7      6.6      0.671      6.7        1.3
         6       1995       32          570        5.7     10.6      1.058      6.2       19.7
         6       1995       33         5690       -0.9        7      0.677      3.6          0
         6       1995       34         2440        1.3      7.1      0.730      6.2        0.1
         6       1995       35         1300        3.3      8.9      0.908      6.7        0.3
         6       1995       36         1620        1.1      7.6      0.833      5.1        0.1
         6       1995       37         1130        7.2      9.9      1.065      8.2        0.6
         6       1995       38          520        3.1      8.7      0.887      7.7       12.4
         6       1995       39         1620       -3.5      3.5      0.593      2.6        6.2
         6       1995       40         5920       -2.9        4      0.591      3.1        0.1
         6       1995       41         3320       -2.2      3.2      0.595      2.6        1.1
         6       1995       42         1390        0.5     10.8      0.899      5.7        5.3
         6       1995       43         6990        6.2     10.6      0.918     10.3        0.7
         6       1995       44         3460        5.3      9.9      0.932      5.1        0.3
         6       1995       45         4720        5.4      9.6      0.935      6.7        2.5
         6       1995       46         3480        6.3     11.6      1.028      8.7       10.4
         6       1995       47         4400        6.4      9.9      0.914      9.8        4.2
         6       1995       48         4340        2.1      9.2      0.785     10.8        7.3
         6       1995       49         5130        1.8      7.8      0.800      4.6        0.2
         6       1995       50         5170        4.2     10.4      0.904      6.7        7.7
         6       1995       51         6510        5.4      9.6      0.827      7.2        2.9
         6       1995       52         1960        2.7      9.7      0.868      7.2        2.7
         6       1995       53         8040        2.8      9.3      0.744      8.7          0
         6       1995       54         4010        1.8      7.4      0.757      8.2        3.7
         6       1995       55         4760       -0.1      6.6      0.737      2.6        0.3
         6       1995       56         4720       -0.1      4.9      0.717      1.5        0.1
         6       1995       57         6890        0.2      7.6      0.746      3.6        1.1
         6       1995       58         7680       -1.5      7.9      0.691      7.2        4.8
         6       1995       59         2290        7.8     10.4      1.049     10.8        1.5
         6       1995       60         2810        3.2      9.9      0.796     10.3        1.9
         6       1995       61         8680        1.3      6.1      0.684      6.7        0.5
         6       1995       62         3350        0.9        5      0.701     10.3        6.9
         6       1995       63         8300       -0.2      6.7      0.708      4.6        1.2
         6       1995       64         1660        0.3      1.9      0.651      6.7        9.6
         6       1995       65         5100        0.4      5.6      0.718      6.2        2.2
         6       1995       66        10670        0.1      7.5      0.673      6.7        2.3
         6       1995       67         5990        0.5        8      0.701      6.2        4.6
         6       1995       68        12240          1      9.7      0.762      4.1          0
         6       1995       69        12670        0.2       10      0.674      4.6          0
         6       1995       70        11950        1.4     12.1      0.741      4.1          0
         6       1995       71        10240        1.8     12.3      0.813      2.6          0
         6       1995       72        13440        0.6      9.7      0.743      3.6          0
         6       1995       73        11830         -1      4.5      0.508      4.6          0
         6       1995       74         8740         -2      7.8      0.670      4.1        4.2
         6       1995       75         9780       -0.2      7.6      0.653      6.2        0.4
         6       1995       76         3480        4.2     11.3      0.900     10.3        7.4
         6       1995       77         7660        2.7      9.3      0.706     10.3        2.1
         6       1995       78        13120        1.4      8.5      0.667      7.2        2.6
         6       1995       79         8570          1      7.2      0.671      9.3        2.2
         6       1995       80        12230       -2.9        8      0.578      6.7        0.2
         6       1995       81         8490         -3      7.7      0.618      4.1          0
         6       1995       82        15130        0.7     12.5      0.752      5.1          0
         6       1995       83         8040        4.6     11.2      0.858      6.7        0.2
         6       1995       84        12540        2.4      8.6      0.692      9.3        3.6
         6       1995       85         4240        0.8      9.2      0.811      6.7        7.1
         6       1995       86         9810       -1.3      7.4      0.633      8.2       11.2
         6       1995       87         6430       -1.6      2.3      0.607      5.1        6.2
         6       1995       88        13560       -1.7      6.1      0.578      6.7        2.2
         6       1995       89        15170       -2.8      8.6      0.570      3.6        0.4
         6       1995       90         2120          4      9.5      0.947      5.1        9.1
         6       1995       91         3580        6.3     12.4      1.088      5.7        1.6
         6       1995       92        16890          7     17.7      1.099      7.7          0
         6       1995       93         5460        7.1     10.5      1.007      7.2          0
         6       1995       94        15600        1.2     10.4      0.714      5.7          0
         6       1995       95        13310       -1.7     12.8      0.728      4.6        0.1
         6       1995       96         9680        4.7     13.1      1.024      4.6        1.3
         6       1995       97         7140        4.2     12.2      0.906      8.7          0
         6       1995       98        12310        3.4        9      0.670      9.3        0.5
         6       1995       99         6980        3.2      7.4      0.691      5.7        0.1
         6       1995      100         4910        6.1      9.6      0.977      3.1        0.7
         6       1995      101        14640        5.3     13.7      1.019      2.6          0
         6       1995      102        14610          2       12      0.858      5.7          0
         6       1995      103        18020        5.9     11.6      0.993      4.6          0
         6       1995      104        15050        4.3     12.4      0.936      3.6          0
         6       1995      105         3710        2.7      9.3      0.893      4.1        6.4
         6       1995      106        12630        3.3      9.6      0.800      5.7        1.6
         6       1995      107         5280        4.1      8.8      0.919      4.1        9.1
         6       1995      108         9230         -1      9.4      0.746      6.7        7.4
         6       1995      109        15600       -1.5      8.8      0.689      2.6        2.5
         6       1995      110        13170       -1.5      9.2      0.713      4.1        1.2
         6       1995      111        17440       -2.7     12.5      0.690      3.6        0.2
         6       1995      112        11490        6.6     15.5      1.088      3.1          0
         6       1995      113        12020          6     14.2      1.107      3.6          0
         6       1995      114        20890        6.8     24.2      1.171      5.1          0
         6       1995      115        20630        9.3     19.7      1.164      6.7          0
         6       1995      116        20180          8     18.3      1.243      5.1          0
         6       1995      117         5060        5.2      8.6      0.852      5.7          0
         6       1995      118         9270        4.4      8.4      0.733      3.6        0.1
         6       1995      119        18490        4.4     12.4      0.803      3.6          0
         6       1995      120        12020        3.9     14.2      0.957      3.6          0
         6       1995      121        23270        2.8     17.4      0.942      3.1          0
         6       1995      122        22340        6.7     22.5      1.060      2.1          0
         6       1995      123        22590        6.2     22.7      1.034      2.1          0
         6       1995      124        23810        5.5     22.6      1.055      1.5          0
         6       1995      125        21120        6.6     24.1      1.243      2.1          0
         6       1995      126        21960        5.1     19.3      1.170      2.6          0
         6       1995      127        21350        6.9     22.3      1.123      2.6        0.5
         6       1995      128        10490        8.7     14.3      1.120      5.7        0.6
         6       1995      129         6090        5.9     10.4      0.955      5.7        1.8
         6       1995      130        13660        3.5     12.7      0.921      3.1        0.7
         6       1995      131        11480        2.9     10.3      0.789      3.6        0.5
         6       1995      132        15640        0.5     10.9      0.692      5.1          0
         6       1995      133        18340        4.7     12.2      0.816      7.2          0
         6       1995      134        20630        1.9     12.3      0.729      5.7        0.8
         6       1995      135        18010          3     13.1      0.867      5.1        0.9
         6       1995      136        22340        3.7     13.2      0.784      3.1          0
         6       1995      137         4810        7.3      9.8      0.980      3.1        8.5
         6       1995      138         8470        1.2      9.4      0.785      4.1        4.9
         6       1995      139        18220        0.7     14.6      0.895      4.1        1.2
         6       1995      140        18060        2.6     16.6      1.003      4.1          0
         6       1995      141        17250        3.4     11.6      0.728      2.6          0
         6       1995      142        26750        1.4     17.3      0.830      2.6          0
         6       1995      143        19870        7.4     21.3      1.122      2.6          0
         6       1995      144        22910        9.6     27.3      1.422      2.6        0.8
         6       1995      145        12760         14     20.3      1.724      2.6       16.7
         6       1995      146        19610       11.5     20.5      1.467      2.6         16
         6       1995      147        17950       10.7     19.3      1.379      2.1          0
         6       1995      148        15360       10.3     24.3      1.609      3.6       25.7
         6       1995      149        20060        9.4     19.9      1.333      3.1        3.2
         6       1995      150        14120        8.2     19.3      1.320      1.5        2.2
         6       1995      151        23190        7.5     17.5      1.248      3.6          0
         6       1995      152        13390        6.4     15.5      1.143      3.6        3.7
         6       1995      153        16340        4.8     17.1      1.119      2.1          0
         6       1995      154        17810        6.9       19      1.213      2.6          0
         6       1995      155        10930        8.3     17.3      1.300      2.6        1.6
         6       1995      156        15880        6.2     17.8      1.236      3.6          1
         6       1995      157        10420        9.8     15.7      1.254      3.1          0
         6       1995      158         6680        6.5       16      1.229      4.6       15.5
         6       1995      159        16520        6.6     14.2      1.104      7.7        3.4
         6       1995      160         7230        8.4       12      1.197      5.7       11.6
         6       1995      161        14350        8.4     15.1      1.282      4.1        8.4
         6       1995      162        14690        7.4     15.8      1.231      3.1        2.9
         6       1995      163        14770        6.5     15.3      1.127      3.1        0.2
         6       1995      164        25550        5.3     18.2      1.151      3.6          0
         6       1995      165         6380        9.6     12.3      1.243      6.2       11.8
         6       1995      166         5160        8.9     12.7      1.256      4.6          7
         6       1995      167         7120          9     12.4      1.236      4.6        3.4
         6       1995      168         7550        9.4     14.3      1.330      5.1        5.9
         6       1995      169        24370        9.4     18.2      1.234      4.6        0.9
         6       1995      170        21950          9     21.5      1.351      3.6          0
         6       1995      171        16550       10.7       25      1.625      2.6          0
         6       1995      172        13030        7.2     20.4      1.400      4.1          0
         6       1995      173        11550          6     14.4      1.019      6.2          0
         6       1995      174        15890       10.9     17.2      1.300      5.1          0
         6       1995      175        17140        8.1     19.7      1.348      3.6          0
         6       1995      176        29320        9.8     22.2      1.519      3.6          0
         6       1995      177        28590       10.9     25.5      1.680      3.1          0
         6       1995      178        28020       11.5     27.7      1.742      3.6          0
         6       1995      179        28410       11.2     28.1      1.660      3.1          0
         6       1995      180        29280        9.1     21.1      1.371      3.6          0
         6       1995      181        26780       12.4     26.1      1.621      2.6          0
         6       1995      182        23970        7.2     18.2      1.124      4.1          0
         6       1995      183        26900        5.5     23.5      1.242      3.1          0
         6       1995      184         3800        9.2     15.1      1.275      4.1       13.4
         6       1995      185        12130       10.1     17.9      1.280      5.7          0
         6       1995      186        26520        7.7     20.1      1.151      3.1          0
         6       1995      187        23680       12.4     24.5      1.645      4.1          0
         6       1995      188        25080       12.5     24.6      1.696      3.1          0
         6       1995      189        26020       11.3     26.1      1.732      3.1          0
         6       1995      190        19830       15.9     24.7      1.999      5.1        2.8
         6       1995      191        25120       16.1     29.4      2.183      3.6          0
         6       1995      192        26900         15     27.6      1.906      4.1          0
         6       1995      193        21840         17     28.8      2.203      2.6          0
         6       1995      194        26760       16.3     27.8      1.841      2.6          0
         6       1995      195        19700       13.4     26.7      1.857      3.6          2
         6       1995      196        18790         14     24.7      1.716      3.6          0
         6       1995      197        18220       13.2     22.8      1.679      3.6        1.8
         6       1995      198        12910       13.5     21.6      1.748      4.1       19.2
         6       1995      199         6640       13.7     19.4      1.751      5.1        2.5
         6       1995      200        17400       14.7     24.7      1.928      4.1          0
         6       1995      201        20140         15     27.3      2.056      2.1          0
         6       1995      202        21490       14.2     30.4      2.177      3.1       11.2
         6       1995      203        23350       10.2     20.6      1.347      4.1          0
         6       1995      204        21110        8.4     21.8      1.273      2.1          0
         6       1995      205        21870         11     24.4      1.533      3.6          0
         6       1995      206        25920        8.7     22.1      1.364      3.1          0
         6       1995      207        26190       11.3     28.3      1.521      3.6          0
         6       1995      208         7520       16.3     24.8      2.168      2.6       47.6
         6       1995      209        17640       15.4     24.9      2.003      1.5          0
         6       1995      210        20080         16     27.6      2.088      2.1          0
         6       1995      211        23830       14.7     29.6      1.801      2.6          0
         6       1995      212        24530       17.3     30.3      1.929      3.6          0
         6       1995      213        25670       17.7     28.1      1.856      3.6          0
         6       1995      214        25460       15.7       28      1.794      4.1          0
         6       1995      215        23150       13.8       27      1.805      3.1          0
         6       1995      216        11370       12.6     20.5      1.482      3.1          0
         6       1995      217        21370         15     25.5      1.834      2.6          0
         6       1995      218        20880       14.4     25.9      2.003      3.6          0
         6       1995      219        11940       14.6     20.6      1.370      4.6          0
         6       1995      220        21760       10.6     22.1      1.375      4.6          0
         6       1995      221        24080        8.2     25.1      1.437      2.6          0
         6       1995      222        23790        8.9     25.1      1.524      3.1          0
         6       1995      223        23850       13.2     31.2      1.756      3.1          0
         6       1995      224        21340       13.4     32.9      1.749      2.6          0
         6       1995      225        11320       12.4     24.8      1.823      3.6        0.1
         6       1995      226        17210        9.3     22.4      1.402      3.1          0
         6       1995      227        16750        9.1     23.4      1.508      3.1          0
         6       1995      228        15770         14     23.8      1.753      3.6          0
         6       1995      229        21690       14.4       26      1.874      2.6          0
         6       1995      230        21360       13.1     29.5      1.881      3.1          0
         6       1995      231        20610       14.8     30.6      2.019      3.6          0
         6       1995      232        21750       13.9     26.8      1.914      4.1          0
         6       1995      233        18970         14       27      1.954      3.6          0
         6       1995      234        18620       16.9     30.3      2.101      2.6          0
         6       1995      235        12170       15.6     27.9      2.131      2.1        9.1
         6       1995      236        13630       14.1     22.7      1.660      3.1        3.6
         6       1995      237         8960       14.8     23.3      1.853      5.7       10.1
         6       1995      238        11770       12.6       20      1.424      5.1        5.5
         6       1995      239         8110        9.2     17.3      1.367      4.1       15.4
         6       1995      240        15610        9.4     19.5      1.301      5.7        2.8
         6       1995      241        13020       10.3     17.7      1.296      5.7        9.6
         6       1995      242        19460        6.8     18.4      1.117      3.6          0
         6       1995      243        16220          4     18.4      1.022      4.1          0
         6       1995      244        11340        8.9     19.3      1.288      5.1        0.9
         6       1995      245         4160       12.3     16.6      1.505      2.1        1.8
         6       1995      246         9540         10     18.2      1.442      3.1        2.2
         6       1995      247         3570       11.9     15.2      1.437      6.7       12.8
         6       1995      248        11740       10.3     19.7      1.460      4.1        1.3
         6       1995      249        11940         10     19.1      1.404      3.1        0.1
         6       1995      250         9380        9.7     21.1      1.464      3.6        0.5
         6       1995      251         6190       13.3     18.8      1.576      3.6          2
         6       1995      252         1400       13.4     15.6      1.526      7.7       25.8
         6       1995      253        12060       12.4     21.1      1.591      4.1          0
         6       1995      254         4880       13.3     20.1      1.695      4.1        7.8
         6       1995      255        13550       11.1     20.5      1.518      3.1          0
         6       1995      256         3520       12.7     15.6      1.523      2.6        5.9
         6       1995      257        13130        9.4     19.1      1.424      4.1        2.4
         6       1995      258        10670        7.8     18.7      1.338      2.1          0
         6       1995      259        12570       12.2     20.3      1.490      2.1          0
         6       1995      260        13460       10.8     21.5      1.533      2.1          0
         6       1995      261        10140       11.7     18.8      1.599      3.1          0
         6       1995      262        11920       11.5     19.2      1.509      4.1          0
         6       1995      263        10850        6.7     16.5      1.114      4.6          0
         6       1995      264         7640        7.3     17.4      1.318      2.6        1.2
         6       1995      265         7350        7.9     17.9      1.365      2.6          0
         6       1995      266         6890        7.4     17.6      1.289      2.1        2.5
         6       1995      267         9830        8.2     17.5      1.276      5.1        2.6
         6       1995      268        10990        7.2     16.9      1.119      4.6          0
         6       1995      269         1860       10.8     14.9      1.389      6.2       18.8
         6       1995      270         7580          7     16.8      1.188      6.7        5.4
         6       1995      271        12020        5.3       12      0.880      5.7        4.8
         6       1995      272         9060        4.7     12.4      0.980      5.1        5.3
         6       1995      273         4460        1.3       12      0.876      2.6        3.8
         6       1995      274         2990        0.1     13.8      0.941      3.6        1.1
         6       1995      275         9810        6.2     16.8      1.158      4.1          0
         6       1995      276         4620        9.7     17.8      1.440      3.1        0.8
         6       1995      277         8890       14.6     21.1      1.742      5.7        0.3
         6       1995      278         3780        9.3     15.9      1.326      3.6        1.4
         6       1995      279        11250        8.1     17.9      1.202      5.1          0
         6       1995      280         4940       13.5     18.2      1.522      5.7          0
         6       1995      281         9660       12.4     21.7      1.621      3.6          0
         6       1995      282         9950         10     22.9      1.669      2.6          0
         6       1995      283         9460        8.5     23.5      1.658      1.5          0
         6       1995      284         2830       13.3     15.9      1.614      2.6          0
         6       1995      285         3140       13.9     17.1      1.590      2.1          0
         6       1995      286         1870       12.1     15.1      1.486      2.1          0
         6       1995      287         7340       12.3     19.3      1.586      2.6          0
         6       1995      288         7630        9.9     19.6      1.518      2.6          0
         6       1995      289         4040       10.5     14.8      1.427      2.6          0
         6       1995      290         7470       11.3     17.9      1.503      5.1        0.2
         6       1995      291         5870        7.9     16.3      1.163      4.1          0
         6       1995      292         4540        7.7     14.9      1.182      5.7          0
         6       1995      293         4990        4.8     14.7      1.024      5.1        1.5
         6       1995      294         5780        0.8     12.6      0.850      1.5          0
         6       1995      295         7150        0.1     11.2      0.777      3.1          0
         6       1995      296         8100        3.1     14.1      0.962      3.6          0
         6       1995      297         7690       10.5     19.2      1.221      5.7          0
         6       1995      298         6030          9     16.7      1.092      6.7          0
         6       1995      299         3650        7.7     15.4      1.188      4.6        0.7
         6       1995      300          780        6.3     16.1      1.225      5.1        5.7
         6       1995      301         5040        1.8     13.4      0.971      2.6          0
         6       1995      302         7050       -0.8     12.3      0.878      1.5          0
         6       1995      303         4630       -0.8     11.3      0.875        1          0
         6       1995      304         5130       -0.2     12.8      0.901      4.1          2
         6       1995      305         1450        2.7     10.2      0.892      3.6        5.5
         6       1995      306         5130       -1.1     10.9      0.806      3.6        1.9
         6       1995      307         3170        1.5      9.7      0.714      7.2        4.1
         6       1995      308         6430       -3.6      5.3      0.529      3.1          0
         6       1995      309         6690         -6      5.8      0.526      2.1          0
         6       1995      310         4290        1.5      8.5      0.761      5.1          0
         6       1995      311         2860        4.3     11.9      1.045      2.6        0.3
         6       1995      312          870        7.1     10.8      1.137      3.1        0.6
         6       1995      313         1730        9.8     12.2      1.285      3.6        0.3
         6       1995      314         3920        6.5     11.6      1.067      3.1          0
         6       1995      315         3530        7.9     14.3      1.142      3.6          0
         6       1995      316         2640        4.9       10      0.883      6.7          0
         6       1995      317         2340        0.7      6.4      0.752      3.6          0
         6       1995      318          750        0.6      9.3      0.875      3.1          0
         6       1995      319          770        7.2     10.5      1.075      5.7        0.8
         6       1995      320         2020          4     11.4      0.968      6.7        9.9
         6       1995      321         2270       -3.3      4.5      0.618      2.6          1
         6       1995      322         3030       -3.1      5.6      0.658      4.6       15.6
         6       1995      323         3560        1.3      8.4      0.745      6.2       13.4
         6       1995      324         3200       -0.5      5.5      0.687      2.6        0.1
         6       1995      325         4540       -0.8      4.1      0.538      4.1          0
         6       1995      326         2150         -1      8.1      0.677      3.6          0
         6       1995      327         1970        5.1     10.2      0.985      5.7          0
         6       1995      328         1460        7.8     10.2      0.954      6.2          0
         6       1995      329         3610        4.8     11.1      0.933      4.1          0
         6       1995      330         3020        1.7      9.7      0.805      3.1          0
         6       1995      331         1870        3.7        8      0.849      2.1          0
         6       1995      332         1430        0.3      5.1      0.746      2.6          0
         6       1995      333          680        1.3      2.9      0.690      3.1          0
         6       1995      334          430       -0.5      3.4      0.654      5.7          0
         6       1995      335         3220       -2.4      1.8      0.564      4.1          0
         6       1995      336          530       -1.3        0      0.562      4.1          0
         6       1995      337         1990       -2.4      0.8      0.535      4.6          0
         6       1995      338          900       -3.1      0.8      0.533      5.1          0
         6       1995      339         2740       -5.5     -0.5      0.377      6.2          0
         6       1995      340         1820       -6.3     -4.5      0.354      6.7        0.2
         6       1995      341          930       -6.2     -2.1      0.427      4.1          0
         6       1995      342         1690       -7.3     -1.4      0.459      2.6          0
         6       1995      343          800         -7     -0.1      0.494      2.6          0
         6       1995      344          800       -2.8     -0.6      0.560      2.1          0
         6       1995      345          590       -2.3      5.3      0.695      2.6          0
         6       1995      346         2620       -0.4      3.2      0.671      3.6          0
         6       1995      347          920       -1.3      1.5      0.621      1.5          0
         6       1995      348         3250       -1.8      1.9      0.554      7.2          0
         6       1995      349         3290       -5.3      0.2      0.442      6.2          0
         6       1995      350          870       -5.2     -1.4      0.489      6.2          0
         6       1995      351          430       -3.3     -2.6      0.505      3.6          0
         6       1995      352          750       -2.8      0.3      0.577      2.1          0
         6       1995      353         1060        0.1      2.9      0.695      2.1        0.1
         6       1995      354         2230       -3.6      2.8      0.606      2.6        0.1
         6       1995      355         1740       -4.7        0      0.506      3.1          0
         6       1995      356          160       -3.8     10.1      0.754      6.2       11.2
         6       1995      357          430        0.7       10      0.855      5.1          9
         6       1995      358         4330       -4.4      0.9      0.476      2.6          0
         6       1995      359         1230       -5.1      2.3      0.545      5.7        1.2
         6       1995      360         3040       -8.2        2      0.468      2.6          0
         6       1995      361         4290      -10.4     -1.8      0.397      1.5          0
         6       1995      362         5050       -8.6     -1.7      0.403      3.1          0
         6       1995      363         5350      -10.5       -2      0.356      2.1          0
         6       1995      364         4110      -10.1     -5.6      0.288      5.7          0
         6       1995      365         1890         -7       -5      0.344      6.7        0.1
