*---------------------------------------------------------*
* Contry:	The Netherlands
* Year:		2010
* Station:	De Bilt
* Source:	Department Plant Research International,
*		Wageningen University and Research Centre
* Author:	generated file
* Longitude:	5.18
* Latitude:	52.1
* Elevation:	1.9
* Comments:		 
*
* Columns:
* ========
* Station number
* Year
* Day
* Irradiation (kJ m^-2 d^-1)
* Minimum temperature (degrees Celsius)
* Maximum temperature (degrees Celsius)
* Vapour pressure (kPa)
* Mean wind speed (m s-1)
* Precipitation (mm d-1)
*---------------------------------------------------------*
5.18	52.1	1.9	0.00	0.00
260	2010	1	3180	-6.3	0.7	0.39	3.8	0
260	2010	2	1170	-6.4	1.2	0.46	3.1	0.1
260	2010	3	3880	-6.5	-1	0.39	2.5	0
260	2010	4	1790	-5.4	-0.6	0.44	3.1	0
260	2010	5	2530	-3	1.9	0.53	2.8	0.9
260	2010	6	4550	-5.2	-0.5	0.42	2.5	0.1
260	2010	7	4080	-10	-2.1	0.34	2	0
260	2010	8	2160	-10.7	-2.1	0.33	3.6	0
260	2010	9	1660	-4.9	-0.5	0.42	7.3	1
260	2010	10	1490	-1	0.2	0.52	3.5	1.1
260	2010	11	1250	-0.9	0	0.51	2.5	0
260	2010	12	2220	-4.2	-0.7	0.42	3.8	0
260	2010	13	2230	-5	-1.2	0.38	4.8	0
260	2010	14	3930	-3	4.8	0.58	2.5	0
260	2010	15	1140	0.1	1.8	0.6	2.4	0
260	2010	16	1500	-0.1	1.9	0.59	5.4	7.7
260	2010	17	1830	0.8	6.7	0.74	2.8	1.4
260	2010	18	1100	0.2	5.3	0.72	3.2	1.2
260	2010	19	1330	1.9	5.8	0.77	1.6	0.3
260	2010	20	4170	1.6	5.5	0.71	3.9	0
260	2010	21	1560	1.9	3.8	0.65	3.1	0
260	2010	22	4080	0.2	4.9	0.65	3.4	0
260	2010	23	1430	-0.5	2.4	0.58	3.5	5
260	2010	24	1340	-0.7	0.6	0.57	1.8	1.1
260	2010	25	1600	-7.5	-0.6	0.39	2.3	0
260	2010	26	6890	-10.1	-3.7	0.28	2.5	0
260	2010	27	1970	-11.1	4.5	0.39	3.8	3.9
260	2010	28	3410	0.9	5.2	0.62	3.4	1.3
260	2010	29	1300	-0.3	4.6	0.64	3.5	8.5
260	2010	30	7100	-1.6	1.7	0.53	2.8	7.5
260	2010	31	5380	-0.5	3.7	0.56	3.4	0.1
260	2010	32	3430	-4.1	3.4	0.54	3.2	3.1
260	2010	33	850	-0.6	5.2	0.66	5.3	18.2
260	2010	34	6030	-1.1	6.2	0.62	3	0.3
260	2010	35	2100	1.7	8.2	0.8	3.6	2.3
260	2010	36	1370	2.5	6.5	0.78	3.4	1.1
260	2010	37	2520	1.1	5.7	0.76	2.1	0
260	2010	38	1530	0.2	2.4	0.61	2.1	0
260	2010	39	4000	-4.5	0.2	0.43	4.4	0
260	2010	40	4960	-5	-1.5	0.35	4	0
260	2010	41	3800	-5.5	-1.2	0.4	3.8	1.7
260	2010	42	6200	-5.3	-0.8	0.37	5.4	0
260	2010	43	9110	-6.5	0.9	0.38	3.9	0
260	2010	44	2290	-4.3	0	0.39	2.8	0
260	2010	45	2210	-4.6	-1.3	0.4	2.2	0.5
260	2010	46	5140	-5.3	-1	0.38	2.1	0.5
260	2010	47	3720	-3.2	1.7	0.44	4.5	0.1
260	2010	48	5760	-4.5	2.6	0.43	2.8	0.1
260	2010	49	2690	1	5.7	0.68	3	0.7
260	2010	50	1270	1	5.3	0.66	4.9	0.2
260	2010	51	6450	-3.2	5.1	0.53	3.7	0.2
260	2010	52	2620	-4.5	4.2	0.54	3.1	3.9
260	2010	53	1330	1.7	8.3	0.82	3	13.1
260	2010	54	5460	0.8	4.4	0.63	4.5	0.5
260	2010	55	3720	1.5	10.2	0.85	3.3	1.8
260	2010	56	2710	6.8	11	1.02	5.2	5.3
260	2010	57	2580	5.7	10.3	0.87	6	1.1
260	2010	58	3500	4.3	9.1	0.78	4.8	2.1
260	2010	59	1520	3.4	10.9	0.88	5.6	20.2
260	2010	60	7660	1.1	7	0.67	4.1	2.7
260	2010	61	7320	-1.8	8	0.63	2.4	0
260	2010	62	10840	-3.2	7.1	0.56	2.3	0
260	2010	63	11810	-1.3	5.8	0.55	3.4	0
260	2010	64	6810	-4.6	6	0.53	3.7	5.6
260	2010	65	12750	-2.5	3.2	0.4	5.3	0.2
260	2010	66	13500	-5	3.9	0.33	3.4	0
260	2010	67	4670	-5.1	5.2	0.51	2.3	0.9
260	2010	68	14110	-3.8	5.6	0.47	2.7	0
260	2010	69	13510	-2.7	4.8	0.5	4.6	0
260	2010	70	7240	-1.2	5.8	0.56	3.6	0
260	2010	71	4700	3.1	6.8	0.64	2.6	0
260	2010	72	5140	2.8	7.3	0.71	3.6	0.1
260	2010	73	5970	4.8	8.5	0.78	4	0
260	2010	74	5470	4.8	9.2	0.86	4.2	10.1
260	2010	75	8060	3.7	10.9	0.81	2.8	0.2
260	2010	76	11860	2.7	13.6	0.74	3.6	0
260	2010	77	11530	1.3	17.3	0.7	3.5	0
260	2010	78	3150	10	14.7	1.14	3.9	2.6
260	2010	79	3690	11.7	16.7	1.43	5	20.5
260	2010	80	11320	2	12.3	0.82	3.2	0.3
260	2010	81	10200	0.7	12.5	0.75	3.1	0
260	2010	82	15290	4.2	13.7	0.85	2.5	0
260	2010	83	10510	8.2	17.9	1.06	3.6	0
260	2010	84	14020	10.4	19.7	1.13	4.3	0.7
260	2010	85	5290	7.9	12.4	0.94	3.3	1.5
260	2010	86	9660	7.8	12.7	0.94	4.3	0.6
260	2010	87	8360	7	11.6	0.9	4.6	0.4
260	2010	88	9240	7.5	12.7	1.02	3.4	3.2
260	2010	89	4450	5.6	13.8	1	4.5	2.9
260	2010	90	8320	3.9	10.2	0.75	7.2	2.1
260	2010	91	12360	2.5	8.6	0.65	5.8	3
260	2010	92	16080	2.1	13.6	0.69	5.4	1.5
260	2010	93	6590	5.4	10.7	0.93	3.3	8.6
260	2010	94	6420	2.7	10.6	0.86	3.6	3.6
260	2010	95	11680	2.8	10.9	0.74	3.5	0
260	2010	96	19400	5	16	0.78	3.8	0
260	2010	97	15840	8	19.5	0.96	3.1	0.2
260	2010	98	12910	3.3	13.3	0.84	3	1
260	2010	99	19730	3.5	15.7	0.86	2.9	0
260	2010	100	17370	4.1	12.1	0.81	3.4	0
260	2010	101	8470	2.3	10.3	0.75	4.4	0
260	2010	102	17420	3.8	14.9	0.81	5.2	0
260	2010	103	19470	2.8	15.2	0.81	4.5	0
260	2010	104	17260	2.7	15.4	0.76	3.8	0
260	2010	105	21210	3.8	15.3	0.74	4.1	0
260	2010	106	13310	1.5	12	0.68	3	0
260	2010	107	22590	-0.9	16.6	0.73	1.3	0
260	2010	108	21780	-0.1	18	0.71	2.4	0
260	2010	109	19790	5.4	13.4	0.78	3	0
260	2010	110	19480	5.3	12.5	0.74	3.8	0
260	2010	111	16140	2.4	9.8	0.57	3.6	0
260	2010	112	15940	0.7	12	0.64	2.1	0
260	2010	113	23950	-2	14.8	0.57	2.4	0
260	2010	114	21870	0.8	19.3	0.64	2.4	0
260	2010	115	16860	4.3	23.5	0.89	2.8	0.1
260	2010	116	16670	9.3	16.8	1.15	3.5	0
260	2010	117	17680	5	18.9	1	1.6	0
260	2010	118	20340	5.7	23	1	2.6	0
260	2010	119	18640	9.3	25.2	1.21	2.5	6.2
260	2010	120	10010	9.8	14.6	1.14	4.3	6.6
260	2010	121	10150	6.3	14.9	1.06	2.8	6.1
260	2010	122	2490	5.5	8.7	0.94	4.5	18.3
260	2010	123	2800	5.4	7.5	0.88	4.3	7.4
260	2010	124	19420	4	11.2	0.72	4	0
260	2010	125	16640	1.1	13.2	0.75	3.1	0
260	2010	126	20700	3.9	13.9	0.81	4.8	0
260	2010	127	7410	5.8	9.4	0.86	2.8	0.4
260	2010	128	3980	7.3	10.9	1.01	1.1	0.1
260	2010	129	11070	5	11.8	0.87	2.9	0
260	2010	130	12790	2	11	0.67	2.3	0
260	2010	131	11730	4.4	11.5	0.8	4.5	7.5
260	2010	132	5720	4.5	7.7	0.84	3.5	8.7
260	2010	133	5200	3.9	9.2	0.86	1.9	1.5
260	2010	134	13160	1.8	12.8	0.78	1.8	0
260	2010	135	17680	0.5	14.6	0.75	2.5	0
260	2010	136	19720	8.2	15.5	0.92	3.5	0
260	2010	137	19970	5.8	15.9	0.95	3.3	0.7
260	2010	138	23430	3.4	15.7	0.87	2.9	0
260	2010	139	28250	5.1	17.1	0.82	3.7	0
260	2010	140	27470	3.4	20.7	0.9	2.6	0
260	2010	141	22190	9.6	20.1	1.24	3.3	0
260	2010	142	27600	8.5	19.8	1.23	3.5	0
260	2010	143	26780	8.2	23.7	1.33	2.3	0
260	2010	144	25540	10.2	22.5	1.33	3.4	0
260	2010	145	26150	8.1	18.1	1.01	3.1	0
260	2010	146	9960	6.6	13	0.79	3	0
260	2010	147	12740	6.7	15.4	0.95	1.6	0.7
260	2010	148	26590	4	17.2	0.95	2.9	0
260	2010	149	19390	4.4	21	1	3.7	3.4
260	2010	150	8590	9.4	15.9	1.29	4.2	11.2
260	2010	151	10760	9.8	17.2	1.29	3.2	0
260	2010	152	18180	5.8	18.5	1.12	1.8	0
260	2010	153	29470	10.4	21.4	1.25	3.5	0
260	2010	154	29830	9.4	21.6	1.1	3.5	0
260	2010	155	29660	9.3	23.3	1.15	2.7	0
260	2010	156	27760	9.3	26.5	1.24	1.5	0
260	2010	157	13330	12.4	26.1	1.64	2.4	1.1
260	2010	158	13640	11.5	18.8	1.37	3.4	0
260	2010	159	13530	11.5	23	1.68	2.2	12.9
260	2010	160	9140	15.3	20.1	1.83	1.9	1.8
260	2010	161	7300	15.9	21.7	1.96	1.8	1.6
260	2010	162	7360	9.7	20.1	1.45	3.8	0
260	2010	163	23860	8.1	19.1	1.19	3.1	0
260	2010	164	13730	9	16.6	1.13	1.5	0
260	2010	165	27400	9.7	21.5	1.19	4	0
260	2010	166	25040	9.3	16.8	0.93	4.6	0
260	2010	167	29470	8.3	22	1.16	4.8	0
260	2010	168	28530	10.2	23.1	1.24	4.8	0
260	2010	169	9130	10.8	15.9	1.15	3.6	0
260	2010	170	18230	9.5	15.7	1.04	4	0.5
260	2010	171	10590	9.8	14	1.01	3.5	0
260	2010	172	27470	6.7	18.2	0.97	2.9	0
260	2010	173	27870	4.3	20.9	0.98	1.8	0
260	2010	174	28730	7.5	25.9	1.28	1.7	0
260	2010	175	26750	10.4	27	1.39	2	0
260	2010	176	28480	12.2	24.6	1.43	2.4	0
260	2010	177	28920	10.6	25.5	1.33	1.9	0
260	2010	178	28680	12.3	28.4	1.37	2.1	0
260	2010	179	26990	12.7	29.8	1.58	2.2	0
260	2010	180	23240	11.1	26.6	1.51	2.1	0.3
260	2010	181	23440	14.2	27	1.78	2.3	0
260	2010	182	22690	14.2	28.4	1.71	2.2	0
260	2010	183	24770	20.5	33.6	1.95	3.1	0
260	2010	184	14760	16	27.8	2.06	2.5	5.5
260	2010	185	26830	14.5	25.8	1.54	2.6	0
260	2010	186	19990	13.7	23.6	1.43	3	0
260	2010	187	23240	9	20.9	1.04	2.8	0
260	2010	188	24910	8	25.7	1.18	2.3	0
260	2010	189	25220	13.2	28.9	1.63	2	0
260	2010	190	23500	14.6	34.4	1.86	2.3	0
260	2010	191	24270	16.5	32.7	1.99	2.2	29.6
260	2010	192	24090	18.4	29.3	2.32	2.5	1.8
260	2010	193	16710	16.9	25.8	1.97	3.1	2.5
260	2010	194	17880	14.4	26.5	1.72	2.1	0
260	2010	195	22110	17.3	28.6	2.11	3.5	15
260	2010	196	17360	16.3	22.5	1.49	5.2	0
260	2010	197	15860	15	24.1	1.67	3.9	2.1
260	2010	198	20140	11.8	21.1	1.39	3.7	1.2
260	2010	199	25830	10.2	23.3	1.34	2.2	0
260	2010	200	26940	11.8	27.5	1.5	1.5	0
260	2010	201	23040	13.7	29.3	1.52	2.9	0
260	2010	202	15480	18.7	25.9	1.68	2.7	0
260	2010	203	16620	12.5	23.5	1.51	2.4	0.6
260	2010	204	18710	10.5	22.6	1.44	2.1	0
260	2010	205	26760	12.6	20.4	1.21	2.5	0
260	2010	206	11250	12.1	19.8	1.46	2.5	1.2
260	2010	207	12870	12.5	20.6	1.59	2.9	6.1
260	2010	208	14260	11.9	21.2	1.55	2.2	1.5
260	2010	209	20870	14.4	22.3	1.59	3.1	8.1
260	2010	210	16920	13.8	20.7	1.54	3.1	1
260	2010	211	22080	13.5	22.7	1.52	1.9	0
260	2010	212	7600	14.1	21.5	1.72	3	1
260	2010	213	13160	12.8	22.8	1.58	1.9	0.1
260	2010	214	8310	10.6	20.1	1.56	1.4	2.6
260	2010	215	23810	10.7	22.1	1.4	2.5	0
260	2010	216	8890	13.9	20.1	1.6	3.5	3.2
260	2010	217	14650	9.1	20.2	1.32	2.5	0.1
260	2010	218	22510	7.6	23.3	1.23	2	0
260	2010	219	6800	14.4	20.8	1.66	2	2.5
260	2010	220	13030	12.3	20.9	1.63	2.3	0.6
260	2010	221	17030	12.3	22.3	1.51	1.7	1.4
260	2010	222	10910	11.6	22.5	1.64	3.7	2
260	2010	223	19640	9.6	21.3	1.34	2.7	0.6
260	2010	224	11150	8.2	20.3	1.35	2.1	0.5
260	2010	225	19700	9.5	21	1.36	2.3	0
260	2010	226	19050	10.1	24.2	1.4	2.3	0
260	2010	227	11390	15.3	20.2	1.67	5.4	18.9
260	2010	228	11930	16.6	22.3	1.91	1.9	3.5
260	2010	229	2870	15.1	18	1.7	3.8	0.7
260	2010	230	12400	14.4	19.9	1.53	3.9	2.7
260	2010	231	13230	13.2	21	1.51	3.4	0
260	2010	232	20700	14.3	27.6	1.67	3.3	0
260	2010	233	12580	17.5	25.9	2.04	3.8	0
260	2010	234	10710	17.4	22.5	1.97	2.9	0
260	2010	235	9020	16.8	21.4	1.84	5.5	13.2
260	2010	236	17500	13.5	19.9	1.28	5.7	2
260	2010	237	13790	13.6	20.5	1.48	2.5	6.4
260	2010	238	3280	13.5	20.4	1.84	2.8	50.6
260	2010	239	7460	10.1	17.2	1.36	3.4	3
260	2010	240	14660	8.6	18.4	1.27	3.1	5.6
260	2010	241	7650	9.7	16.7	1.34	4.2	25.6
260	2010	242	14680	10.1	17.9	1.28	5.4	9.5
260	2010	243	15530	6.7	18.7	1.19	2.2	0
260	2010	244	12800	5.9	18.5	1.18	1.5	0
260	2010	245	10580	6.2	17.7	1.21	1.6	0
260	2010	246	15410	7.6	19.6	1.28	1.3	0
260	2010	247	17490	7	19.5	1.16	2.4	0
260	2010	248	16890	7.2	19.7	1.11	3.1	0
260	2010	249	18770	9	20.5	1.06	5.9	0
260	2010	250	3430	10.8	15	1.3	4.9	12.1
260	2010	251	6170	12.3	21	1.73	3.3	4.2
260	2010	252	13190	11.2	20.8	1.52	2.5	0
260	2010	253	5530	11.2	18.3	1.52	3.2	1.3
260	2010	254	15970	14.9	23.3	1.71	3.4	0
260	2010	255	6710	9.5	19.1	1.44	2.4	0.8
260	2010	256	12020	7.8	19.1	1.19	3.3	0.1
260	2010	257	2050	13.5	16.7	1.62	5.9	21.9
260	2010	258	14110	10.4	17.1	1.15	5.1	6.6
260	2010	259	9020	9	17.2	1.3	3.2	6.3
260	2010	260	9580	8.6	15	1.19	2.9	2.7
260	2010	261	11650	7.4	16.7	1.04	2.5	0
260	2010	262	5750	8.3	16.2	1.14	3.8	0
260	2010	263	6630	12.6	18.1	1.45	4.4	0
260	2010	264	8390	9.7	18.6	1.52	1.6	0
260	2010	265	14180	8.7	22.5	1.51	2	0
260	2010	266	8680	11.7	20.8	1.63	2	22.6
260	2010	267	7920	12.2	17.8	1.46	2.9	1.1
260	2010	268	12460	7.8	15	1.03	3.1	0.8
260	2010	269	7630	4.4	14.4	1.1	1.9	0
260	2010	270	1580	4.3	12.7	1.09	1.5	5.5
260	2010	271	3510	8.5	15	1.3	1.6	0.1
260	2010	272	12260	5.8	14.2	1.03	2.5	0
260	2010	273	2560	6.5	14.9	1.24	2.1	4.2
260	2010	274	12050	6	17	1.14	3.6	4.2
260	2010	275	5120	12.2	18.2	1.61	4.2	7.8
260	2010	276	11430	14.7	22.3	1.69	4.5	0
260	2010	277	8130	13	22	1.69	2.7	0
260	2010	278	5840	13.6	19.5	1.63	3.3	0
260	2010	279	3990	12.3	19.2	1.58	3.5	1.7
260	2010	280	5490	9.7	16.9	1.44	2.5	0
260	2010	281	4090	11.1	16.3	1.43	3.6	0
260	2010	282	11390	9.5	19.4	1.3	3.5	0
260	2010	283	12130	7.1	17.9	1.09	3.7	0
260	2010	284	12090	4.6	16.2	0.95	3.5	0
260	2010	285	9230	5.1	13.4	1.03	2.9	0
260	2010	286	4800	2.8	13	0.95	1.2	0
260	2010	287	3200	2.3	12.5	0.94	1.5	0
260	2010	288	3160	7.6	12.8	1.18	1.9	9.2
260	2010	289	5870	4.2	10.3	0.82	4.3	0
260	2010	290	9740	-1	10.7	0.72	2.6	0
260	2010	291	7470	-1.8	12.6	0.75	3.5	1
260	2010	292	5570	6.8	12.7	1.11	2.9	32.4
260	2010	293	6400	3.5	9.3	0.86	2.6	12.2
260	2010	294	8550	2.9	11.5	0.74	5	0.6
260	2010	295	5710	6.7	12.5	0.99	4.8	0
260	2010	296	1750	4.8	8.6	0.84	5.8	6
260	2010	297	7110	2.9	11.7	0.83	3	4.1
260	2010	298	7910	0	11.3	0.78	2.1	0
260	2010	299	4040	-0.1	10.1	0.72	3.8	1.2
260	2010	300	1740	6.7	10.7	1.06	5.1	6.6
260	2010	301	1890	8.9	13.6	1.2	4.5	0
260	2010	302	4360	5.9	13.1	1	4.3	0
260	2010	303	2780	6.9	13.4	1.09	3.2	0.3
260	2010	304	3170	5.4	13.3	1.12	2.6	0.9
260	2010	305	1590	5	9.2	0.98	1.7	0
260	2010	306	1200	8.3	13	1.18	4.9	0.7
260	2010	307	4170	10.7	14.7	1.25	5.2	5.8
260	2010	308	1230	14.5	15.9	1.46	7.7	0
260	2010	309	890	9.4	15	1.34	5.1	20.5
260	2010	310	2630	7.4	11.6	1.13	1.9	11.1
260	2010	311	2800	0.8	8.2	0.78	2.8	6.2
260	2010	312	2880	0.3	8	0.72	4.8	0.3
260	2010	313	1490	4.2	5.3	0.81	4.5	2.6
260	2010	314	2990	2.4	8.5	0.82	2.9	9.2
260	2010	315	1020	3.4	10.7	0.85	6.8	12.9
260	2010	316	2840	9.8	12.8	1.03	7.1	4.3
260	2010	317	1720	8.8	11.5	1.16	3.3	1.3
260	2010	318	1270	8.4	13.2	1.18	4.5	5.8
260	2010	319	3410	0.2	10.6	0.81	1.8	0
260	2010	320	4470	-1.1	6	0.72	1.3	0
260	2010	321	1540	0.6	5.3	0.68	2.9	0
260	2010	322	2000	4	6.9	0.83	1.9	0
260	2010	323	1990	4.2	8.7	0.91	1.9	0.9
260	2010	324	3810	4.1	9.4	0.88	1.6	0
260	2010	325	3910	2.7	8.3	0.82	3.5	0
260	2010	326	2640	1.8	6.3	0.69	3.4	0
260	2010	327	2970	1.5	7.6	0.74	2.3	0
260	2010	328	3360	0.4	6.3	0.7	2	0
260	2010	329	2320	0.1	4.8	0.68	2.3	0
260	2010	330	4180	-2.8	3.8	0.57	1.7	0
260	2010	331	900	-4.4	1.6	0.51	2.8	0.1
260	2010	332	5160	-5.2	0.5	0.46	3.1	0
260	2010	333	410	-4.5	-0.7	0.45	3.4	1.7
260	2010	334	2220	-3.7	-0.5	0.4	5.8	0
260	2010	335	2560	-7.8	-3.7	0.27	7	0
260	2010	336	1500	-7.9	-6.1	0.31	3	1.4
260	2010	337	2880	-9.7	-2.5	0.34	2.5	0.4
260	2010	338	1060	-6.3	0.8	0.45	5.5	4.4
260	2010	339	2170	-1.1	4.7	0.65	3.8	2.8
260	2010	340	1820	-3.3	2.3	0.56	1.5	0
260	2010	341	1930	-3.8	-1.3	0.5	2.4	0
260	2010	342	1040	-4.7	-0.4	0.49	2.8	0
260	2010	343	2610	-2.4	5.4	0.59	3.7	2.5
260	2010	344	1110	-1	7.1	0.73	3.1	0.1
260	2010	345	840	6	8	0.88	4.6	0.4
260	2010	346	1770	-3.4	6.8	0.54	3.9	0.8
260	2010	347	1510	-6.5	2	0.46	2.4	0.1
260	2010	348	1140	-5.9	0.1	0.42	2.2	0
260	2010	349	2170	-5.7	3.6	0.53	2.2	2.1
260	2010	350	290	-2.7	4.5	0.63	4	12.4
260	2010	351	900	-5.6	-0.6	0.46	3	2.4
260	2010	352	1900	-6	-1.5	0.42	3.2	3.6
260	2010	353	1180	-5.7	-3.9	0.4	2.9	6.4
260	2010	354	3170	-11.1	-4.7	0.32	1.8	0
260	2010	355	950	-8.5	-1.6	0.4	1.8	0.1
260	2010	356	740	-2.9	-1.1	0.49	3.4	0
260	2010	357	700	-2.2	0	0.5	5.8	0.5
260	2010	358	1640	-2.4	-0.3	0.43	6	0
260	2010	359	2880	-3.3	0.6	0.45	2.8	0.1
260	2010	360	2780	-5.9	4.8	0.55	2.1	1.8
260	2010	361	1370	-1.6	0.9	0.55	3.5	0
260	2010	362	850	-0.3	1.2	0.53	2.7	0.1
260	2010	363	2050	-1.6	1.8	0.55	2.3	0
260	2010	364	3380	-5.5	1.9	0.5	1	0
260	2010	365	1040	0.6	3.7	0.71	1.8	0.7
