*---------------------------------------------------------*
* Contry:	The Netherlands
* Year:		2014
* Station:	De Bilt
* Source:	Department Plant Research International,
*		Wageningen University and Research Centre
* Author:	generated file
* Longitude:	5
* Latitude:	52
* Elevation:	0
* Comments:		 
*
* Columns:
* ========
* Station number
* Year
* Day
* Irradiation (kJ m^-2 d^-1)
* Minimum temperature (degrees Celsius)
* Maximum temperature (degrees Celsius)
* Vapour pressure (kPa)
* Mean wind speed (m s-1)
* Precipitation (mm d-1)
*---------------------------------------------------------*
5	52	0	0.00	0.00
260	2014	1	2350	4.8	9.9	0.87	5.9	1.3
260	2014	2	1340	5.5	10.3	0.91	5.1	0.8
260	2014	3	1830	5.6	12.2	0.94	6.8	8
260	2014	4	1740	5.9	9.3	0.88	5	0.7
260	2014	5	3500	4.1	8.4	0.8	4.6	0
260	2014	6	1830	7	14.5	1.07	6.7	2.3
260	2014	7	1660	9.4	12.3	0.98	6.4	0
260	2014	8	1950	6.2	10	0.96	4.8	6.6
260	2014	9	910	6.8	12.1	0.97	6.5	2.4
260	2014	10	3810	4.6	8.8	0.84	4.7	0
260	2014	11	1710	3.3	7.8	0.78	4.1	0.4
260	2014	12	4120	-2	6.2	0.63	2.8	0
260	2014	13	3280	2.2	9.9	0.82	4.3	0.1
260	2014	14	1210	2.2	7.1	0.79	3.1	0.9
260	2014	15	770	2.4	6.4	0.78	4.1	3.6
260	2014	16	870	5.9	8.9	0.95	4.2	2.6
260	2014	17	1800	6.1	9	0.9	4.7	4.3
260	2014	18	3510	5.5	8.6	0.82	4	0
260	2014	19	2530	4.6	7.1	0.77	3.4	0
260	2014	20	560	1.4	6	0.74	2	0.4
260	2014	21	830	1.7	5.4	0.74	1.4	0
260	2014	22	3170	2	4.3	0.64	3.7	0
260	2014	23	730	1.6	5.2	0.73	2.8	8.9
260	2014	24	1780	2.3	6.7	0.78	2	0.7
260	2014	25	2440	2.4	6.3	0.73	4.6	7.3
260	2014	26	2480	3.7	6.8	0.75	5	9.5
260	2014	27	2410	2.5	6.2	0.7	5	0.7
260	2014	28	3630	2.3	6.8	0.64	5.9	0
260	2014	29	3950	-2.1	2.5	0.52	5.7	0
260	2014	30	3810	-2.4	5	0.56	3	0
260	2014	31	5540	-3	7.4	0.59	3.3	0.8
260	2014	32	1950	4.3	8.4	0.8	6	7
260	2014	33	5120	2.6	8	0.71	4.6	0
260	2014	34	6780	0.5	8.2	0.69	3.7	0
260	2014	35	4540	2.3	9.4	0.71	4.7	0
260	2014	36	5170	4	10.4	0.77	7	2.1
260	2014	37	3910	5.7	9.6	0.82	6.7	5.5
260	2014	38	840	4.4	10.3	0.89	5.6	14.3
260	2014	39	1460	4.2	9	0.81	6.4	5
260	2014	40	1950	4.4	7.6	0.69	8.5	1.4
260	2014	41	3500	2.3	9	0.74	2.5	0.1
260	2014	42	4850	3.9	8.3	0.77	5.2	2
260	2014	43	6260	3.1	9.1	0.75	6.5	2.1
260	2014	44	2550	3.1	6.9	0.73	5.1	1.9
260	2014	45	3670	2.1	8.8	0.78	5.7	7.2
260	2014	46	4480	7.5	13.4	0.82	9.9	0
260	2014	47	8730	-0.1	9.4	0.67	5	0
260	2014	48	4410	0.3	10.4	0.77	3	0
260	2014	49	3580	3.5	8	0.76	3	0
260	2014	50	4410	6.1	11	0.98	3.7	0.9
260	2014	51	1530	5.4	10	0.96	5	3.7
260	2014	52	6710	4.6	10.3	0.83	5.1	5.3
260	2014	53	5220	4.2	10.3	0.82	4.9	0.5
260	2014	54	7680	3.7	11.8	0.84	5	0
260	2014	55	9060	3.8	12.6	0.81	4.3	0
260	2014	56	4230	5.4	12.6	0.89	4.6	2.6
260	2014	57	7180	3.7	11.1	0.87	3.1	0.1
260	2014	58	3340	2	7.8	0.77	4.7	3.2
260	2014	59	5640	1.9	8.5	0.75	3.5	1.5
260	2014	60	5390	4.3	8.2	0.83	2.7	2.3
260	2014	61	11070	2.6	9.8	0.71	4.5	0.1
260	2014	62	3330	0.6	9.9	0.73	4.2	0.2
260	2014	63	9450	-0.1	10.7	0.73	2	0
260	2014	64	10280	-0.5	12.6	0.78	1.5	0
260	2014	65	7470	-0.7	13.7	0.74	2.8	0
260	2014	66	7120	2.7	12.8	0.79	3.4	0
260	2014	67	12780	-1.5	16	0.79	3.6	0
260	2014	68	13650	4.1	19.5	0.87	3.6	0
260	2014	69	13220	1.5	18	0.9	3.3	0
260	2014	70	10940	6.1	14.4	0.98	4.2	0
260	2014	71	13810	1.8	16.8	0.89	1.9	0
260	2014	72	13400	-0.7	16.8	0.83	1.5	0
260	2014	73	10300	-0.1	12	0.8	2.6	0
260	2014	74	8240	8.6	11.8	0.92	5.2	0
260	2014	75	7000	9.4	12.2	0.99	4.2	0
260	2014	76	5550	7.5	12	0.91	3.7	0
260	2014	77	2160	7.5	10.5	0.95	5	3.3
260	2014	78	12840	8.8	15.9	1.01	5.8	0
260	2014	79	16240	4.8	21.2	0.98	4.9	0
260	2014	80	6420	4.2	11	0.85	3.7	18.6
260	2014	81	9210	3.6	10.5	0.75	4.5	0.5
260	2014	82	10750	1	9.5	0.73	3.2	0.7
260	2014	83	15690	-0.7	10.9	0.65	1.9	0
260	2014	84	12580	-2.3	10.8	0.6	2.8	0
260	2014	85	10070	0.3	9.6	0.7	2	0
260	2014	86	15280	1.4	13.7	0.69	4.6	0
260	2014	87	16910	5	17.3	0.85	4.4	0
260	2014	88	16260	3.7	19.2	0.87	3.3	0
260	2014	89	12920	3.5	20.2	0.95	2.1	0
260	2014	90	13140	9.4	20.4	1.05	2.8	0
260	2014	91	14420	6.4	20.4	1.16	2	0
260	2014	92	14060	4.5	21.5	1.08	2.1	0
260	2014	93	16190	7.8	22.7	1.22	2.3	0
260	2014	94	4460	11.2	15.2	1.25	1.7	0
260	2014	95	12680	6	17.7	1.09	2	0
260	2014	96	6330	5.5	17.7	1.16	3.3	1.5
260	2014	97	12060	11.9	21.2	1.53	3.6	8.2
260	2014	98	11540	6.3	13.8	0.95	5.1	6.7
260	2014	99	19300	6	14.8	0.88	3.8	0
260	2014	100	8440	10.2	15.4	1.16	2.2	0
260	2014	101	13560	5.9	15.3	0.96	2.5	0
260	2014	102	16140	2	15.8	0.8	2.6	0
260	2014	103	16690	8.2	13.1	0.89	3.8	0
260	2014	104	16340	5.5	11.7	0.77	5.4	2.7
260	2014	105	13530	3.2	10.7	0.68	3.6	0
260	2014	106	22320	-0.9	14.3	0.69	2.3	0
260	2014	107	16660	2.4	17.6	0.78	4.1	1.2
260	2014	108	15990	5.8	12.1	0.83	3.7	0.6
260	2014	109	19880	6.2	16.6	0.95	4.4	0
260	2014	110	17740	10	20.7	1.1	5.6	0
260	2014	111	8810	9	15.8	1.11	3	0.2
260	2014	112	15820	6.7	19	1.16	2.3	0
260	2014	113	19610	5.1	21.1	1.15	1.7	0
260	2014	114	14600	6.9	20.5	1.34	2.7	33.6
260	2014	115	20600	10.7	23.7	1.46	3.8	0.1
260	2014	116	16040	10.4	17.6	1.14	2.8	0
260	2014	117	9420	8.6	15.3	1.25	1.9	3
260	2014	118	12410	8.2	16.9	1.23	2	0
260	2014	119	8710	11.8	17.5	1.46	1.5	0.6
260	2014	120	12730	10.6	17.9	1.42	2.2	0
260	2014	121	15750	10.1	18.3	1.3	2.3	0
260	2014	122	9750	6.4	12.2	0.85	4.5	0
260	2014	123	23110	1.7	13.7	0.73	2.9	0
260	2014	124	17160	0	13.7	0.72	1.3	0
260	2014	125	22940	3.1	18.4	0.79	2.8	0
260	2014	126	10890	11.5	17.8	1.19	3.8	0.1
260	2014	127	12250	10.6	16.2	1.2	4.7	12
260	2014	128	5370	11.3	13.4	1.27	5	15.5
260	2014	129	13030	9.1	16.1	1.19	5.4	5.4
260	2014	130	5530	9.8	15.6	1.28	5.9	5.7
260	2014	131	6720	9	11.7	1.11	6	14.6
260	2014	132	13120	6	14.6	1.05	3.3	2.3
260	2014	133	18250	5.5	15	0.95	2.5	0.8
260	2014	134	17690	3.7	13.9	0.86	2.8	3
260	2014	135	21180	4.4	15	0.87	2.6	0
260	2014	136	27700	3.4	18.3	0.85	2.2	0
260	2014	137	26980	5.1	20.7	1.07	1.8	0
260	2014	138	24610	7.4	23.1	1.27	1.6	0
260	2014	139	26720	9.2	24.3	1.25	2.6	0
260	2014	140	22850	13.6	27.1	1.56	3.7	7.9
260	2014	141	14420	12.6	21.5	1.52	2.9	0.9
260	2014	142	22660	14.9	23	1.48	4	3.8
260	2014	143	19450	12.6	20.7	1.35	2.8	0
260	2014	144	19250	10.7	19.6	1.24	3.5	0
260	2014	145	23930	9.7	21.3	1.24	2.5	0
260	2014	146	9210	12.2	22.3	1.64	2.9	12.8
260	2014	147	5730	13.5	17.4	1.66	1.4	7.6
260	2014	148	2780	11.7	14.6	1.46	2.2	9
260	2014	149	4570	7.5	11.8	1.09	3.5	0.6
260	2014	150	20020	4.3	16.9	0.95	2.6	0
260	2014	151	23410	5.4	19.4	1.03	1.7	0
260	2014	152	27260	6.9	18.7	1.08	2.3	0
260	2014	153	20050	5.6	20.6	1.09	1.5	0
260	2014	154	16500	6.4	21	1.18	1.6	0.5
260	2014	155	12410	10.6	17.8	1.45	2.9	10.2
260	2014	156	17390	8.8	17.8	1.13	4.9	2
260	2014	157	29460	6.2	22.9	1.05	2.4	0
260	2014	158	21180	11.7	27.6	1.54	2.5	0
260	2014	159	20410	15.2	24.8	1.76	2.3	0.3
260	2014	160	17670	16	27.1	2.1	2.3	2.7
260	2014	161	19750	16.2	25.8	1.98	2.7	6.9
260	2014	162	28790	10.4	21.9	1.2	2.8	0
260	2014	163	26420	8.8	22.9	1.23	2	0
260	2014	164	26370	11.3	22.2	1.34	3	0
260	2014	165	17200	13.7	18.9	1.27	3.8	0
260	2014	166	23880	10.8	20.1	1.2	3.3	0
260	2014	167	11720	9.9	17.8	1.21	3.3	0.3
260	2014	168	15640	10.5	19.3	1.31	3.9	0
260	2014	169	15680	7.8	20	1.31	2.5	1.2
260	2014	170	6300	10.4	16.1	1.24	2.5	0.5
260	2014	171	15100	8.8	18	1.17	3	0.1
260	2014	172	21880	9.1	20.9	1.25	2.6	0
260	2014	173	27060	8.8	20.6	1.21	2.7	0
260	2014	174	24870	7	21.3	1.2	2	0
260	2014	175	19860	11.9	21.3	1.42	2.3	0.2
260	2014	176	18630	10.6	19.2	1.19	2.3	0
260	2014	177	24760	10.6	22.2	1.27	1.9	0
260	2014	178	14410	12.7	21.5	1.41	2.7	0.2
260	2014	179	15450	14.4	21	1.51	2.9	0
260	2014	180	22950	12.4	19.2	1.33	2.6	4.8
260	2014	181	17330	7.8	18.6	1.14	2.6	0.4
260	2014	182	22660	6.9	19.3	1.07	2.1	0
260	2014	183	25590	6.2	20.9	1.06	1.8	0
260	2014	184	26190	9	26.2	1.31	2.9	0
260	2014	185	20340	10.5	28.9	1.43	3	0
260	2014	186	11070	17.4	22.8	1.92	4	2.6
260	2014	187	11580	14.5	24.4	1.91	4.2	8.7
260	2014	188	23960	12.4	23.5	1.49	2.8	0
260	2014	189	4310	13	17	1.57	3.3	11.9
260	2014	190	2350	13	17.8	1.67	4.4	9
260	2014	191	23340	16	27.6	2.21	2.3	17.9
260	2014	192	19780	16.8	23.8	2.08	2.1	13.4
260	2014	193	18010	16.2	24.5	1.99	2	0.7
260	2014	194	14430	15.5	23.1	1.89	2.2	3.1
260	2014	195	18550	13.3	22.7	1.66	3	0.8
260	2014	196	11240	13.9	22.4	1.78	2.7	0
260	2014	197	24570	13.2	25.8	1.73	1.5	0
260	2014	198	21770	14.6	28.3	1.85	1.8	0
260	2014	199	25830	17.2	31.1	1.88	2.9	0
260	2014	200	22160	18.2	32.9	2.01	3	0
260	2014	201	14730	18.8	27.2	2.29	1.8	7.1
260	2014	202	4940	18	21.2	2.18	2.5	16.4
260	2014	203	26840	19.1	27.2	2.08	3.6	0
260	2014	204	26850	19.1	28.4	1.83	4.3	0
260	2014	205	24100	16.6	26.3	1.62	4.2	0
260	2014	206	8550	16.6	22.1	1.81	2.6	0.2
260	2014	207	16180	16.7	25.1	2.04	1.9	0.6
260	2014	208	18370	18.4	26.2	2.14	2.2	0.1
260	2014	209	12380	17.6	23.5	2.19	3.3	43.6
260	2014	210	19470	17.3	25.9	2.18	3.9	1
260	2014	211	20210	12.5	23.5	1.6	2.5	0
260	2014	212	21950	11.3	24.4	1.6	2.2	0
260	2014	213	21790	12.6	25.9	1.68	1.4	0
260	2014	214	15490	15.5	27.6	2.17	2.4	28
260	2014	215	19090	14.8	25.3	1.82	2	0
260	2014	216	18240	12.3	23.3	1.52	2.3	0
260	2014	217	21930	10.5	24.3	1.52	1.5	0
260	2014	218	7780	13	21.3	1.65	3	3.6
260	2014	219	13110	14.2	23	1.92	1.8	9.4
260	2014	220	8980	13.9	22.3	1.9	2.8	9.8
260	2014	221	18730	14.3	23.1	1.67	4.2	5.5
260	2014	222	8330	13.8	22.5	1.8	4.4	10.2
260	2014	223	18890	14.7	20.7	1.49	5.7	0.8
260	2014	224	19660	14.1	20.2	1.49	5.3	2.1
260	2014	225	19170	12.6	21.7	1.47	3.8	3
260	2014	226	13130	13.2	20.3	1.61	2.8	9.8
260	2014	227	18160	12	19.7	1.48	2	1.7
260	2014	228	13510	11.7	18.7	1.3	3.5	1.3
260	2014	229	5000	11.9	16.7	1.44	5.4	13.1
260	2014	230	15430	9.7	17.3	1.32	4.1	5.6
260	2014	231	13930	9.5	15.9	1.27	3.3	9.2
260	2014	232	15460	8.4	17.8	1.23	2.2	0.1
260	2014	233	15630	7.8	18.2	1.13	3	0
260	2014	234	10290	10.6	17.1	1.33	4.1	4.9
260	2014	235	16290	8.1	17.4	1.18	2.8	4.3
260	2014	236	16260	7.3	17.7	1.16	2.4	0.6
260	2014	237	7240	7.3	16.9	1.26	2.4	6.5
260	2014	238	6260	10.4	16.5	1.41	3.5	12.5
260	2014	239	20100	6.4	20.7	1.25	1.9	0
260	2014	240	12480	11.4	21.4	1.59	3.1	1.7
260	2014	241	16860	13.3	21.2	1.56	4	0
260	2014	242	7470	14.2	18.6	1.65	3.8	3.9
260	2014	243	13720	10.4	19	1.44	2.6	1.4
260	2014	244	14890	8.7	21.2	1.38	1.4	0
260	2014	245	15960	12	21.2	1.57	2	0
260	2014	246	17690	10.6	21.2	1.45	3.3	0
260	2014	247	17670	13	23.5	1.73	2.5	0
260	2014	248	7680	12.1	22.8	1.74	1	0
260	2014	249	4560	13	20.5	1.76	1	0
260	2014	250	11290	10.6	21.6	1.54	1.7	0
260	2014	251	18080	7.9	20.5	1.28	1.7	0
260	2014	252	7190	9.9	17.8	1.32	1.7	0
260	2014	253	11050	9.2	18.4	1.27	2.3	0
260	2014	254	12600	9.4	20.4	1.38	3	0
260	2014	255	15770	7.6	21.6	1.38	3	0
260	2014	256	13420	14	21.1	1.69	3.5	0
260	2014	257	10740	11.3	20.9	1.6	2.4	0
260	2014	258	15710	10.6	22.8	1.6	2.1	0
260	2014	259	12380	11.4	24.6	1.78	1.1	0
260	2014	260	16750	11.3	25.2	1.73	2.3	0
260	2014	261	15120	12.2	25.3	1.74	2.3	0
260	2014	262	9590	13.4	24.4	2	1	0
260	2014	263	9570	13.2	24	1.92	1.6	0
260	2014	264	11940	12.6	19.2	1.4	3.5	0.9
260	2014	265	11120	6.3	17.5	0.98	3.5	0
260	2014	266	9730	4.4	17.7	1.06	1.8	0
260	2014	267	4220	11	16.5	1.4	3.2	14.3
260	2014	268	10620	10.1	17.8	1.26	3.5	0
260	2014	269	3960	10.6	19.4	1.57	3	0.2
260	2014	270	9820	7.9	20.2	1.42	1.5	0
260	2014	271	11850	8.3	22	1.52	1.6	0
260	2014	272	5370	11.9	19.3	1.65	2.2	4.5
260	2014	273	9370	11.8	20.9	1.68	2.6	0.6
260	2014	274	7730	10.1	20.7	1.6	1.7	0
260	2014	275	4010	13.5	19.2	1.72	1.1	0.4
260	2014	276	12550	9.9	22.2	1.59	1.5	0
260	2014	277	11240	11.7	21.1	1.57	3.5	4.4
260	2014	278	4980	11.7	15.2	1.27	2.1	0
260	2014	279	3260	12.3	16.1	1.43	2.9	0.7
260	2014	280	6680	9.3	15.6	1.22	5.3	7.2
260	2014	281	3360	8.7	16.6	1.31	4.2	2.7
260	2014	282	8200	12.7	18	1.4	4.5	0
260	2014	283	9770	7.6	17.8	1.25	3.3	0
260	2014	284	4120	6.6	15.7	1.28	1.5	7.4
260	2014	285	7190	6.4	16.2	1.26	2.9	2.3
260	2014	286	4660	12	18.5	1.44	3.4	1.2
260	2014	287	1760	10	13.6	1.28	4	1.4
260	2014	288	7590	11.5	18.4	1.52	2.9	1.6
260	2014	289	5950	11.8	18	1.55	3.3	5.1
260	2014	290	6320	11.8	18.8	1.61	2.9	0.3
260	2014	291	8540	12.8	23	1.75	3.8	0
260	2014	292	5480	14.8	21.5	1.76	4.7	0
260	2014	293	6920	13.9	17.7	1.44	4.2	0.1
260	2014	294	1990	7.6	14	1.13	5.6	23.9
260	2014	295	5530	6.3	13.5	0.99	3.6	5.6
260	2014	296	3880	9.4	15.1	1.22	3.7	0
260	2014	297	1960	10.8	12.6	1.25	4.1	10.2
260	2014	298	2650	9.6	15.3	1.29	2.6	0.1
260	2014	299	4750	9.5	15.9	1.24	3.3	0
260	2014	300	7940	9.8	17	1.31	3	0
260	2014	301	6850	7.5	14	1.15	3.6	0
260	2014	302	960	8.8	12.8	1.26	2.3	0.2
260	2014	303	2360	11.5	15.6	1.51	2.8	0.1
260	2014	304	3790	10.5	16.6	1.42	2.6	0
260	2014	305	6790	10.2	18.5	1.41	2.6	0
260	2014	306	6820	12.7	17.4	1.41	4.9	5
260	2014	307	2270	9.4	15.3	1.22	5.8	6.9
260	2014	308	3030	5.5	10.9	1.02	2.6	0.2
260	2014	309	2010	3.5	9.5	0.96	1.3	0
260	2014	310	1920	4.5	8.2	0.92	2.2	0
260	2014	311	1840	4.5	9.8	0.88	5.5	3.6
260	2014	312	6240	8.1	12.9	1.07	4.6	0
260	2014	313	5120	7.2	12.8	1.07	3.5	0.3
260	2014	314	5740	5.9	12.6	0.99	3.7	0.5
260	2014	315	4860	5.7	12.9	1	4.1	0
260	2014	316	2500	4.1	12.2	0.97	2.6	0.3
260	2014	317	5600	3.6	13.3	1	2.6	0
260	2014	318	2830	6.9	12.4	1.03	4	3.1
260	2014	319	1220	7.5	11	1.1	2.5	8
260	2014	320	750	7.1	9.2	1.04	1.8	12.1
260	2014	321	3870	8.1	12.3	1.09	3	0.1
260	2014	322	830	7.3	8.3	0.95	3	0
260	2014	323	1060	7.3	9.1	0.97	1.7	0
260	2014	324	1070	5.2	8	0.84	3	0
260	2014	325	5260	1.6	9	0.75	3.5	0
260	2014	326	3750	4.5	11.8	0.92	3.4	0
260	2014	327	3940	8	13.5	1.15	2.9	1.8
260	2014	328	4030	0.3	11.3	0.8	1.7	1.8
260	2014	329	3660	-1.4	9.1	0.72	3.1	0
260	2014	330	2080	2.4	6.4	0.72	4.6	0.1
260	2014	331	1550	6.1	8.8	0.91	3.7	3
260	2014	332	2410	2.6	9.5	0.8	5	0
260	2014	333	3840	1.1	4.9	0.66	4.4	0
260	2014	334	550	1.8	3.1	0.68	2.9	0
260	2014	335	520	1	2.4	0.59	3.7	0
260	2014	336	1030	-0.1	1.4	0.55	2.9	0.1
260	2014	337	660	-3	1	0.47	3.8	0
260	2014	338	770	-2.7	1.5	0.5	2.2	0
260	2014	339	1650	1.4	5.3	0.7	2.4	0.6
260	2014	340	3910	-1.8	9.1	0.73	1.6	0
260	2014	341	710	-2.8	6.7	0.63	4.1	3.6
260	2014	342	1990	1.5	4.9	0.68	3.6	1.8
260	2014	343	2890	-2.1	4.9	0.63	3.2	0
260	2014	344	3390	4.4	9.9	0.79	5.6	11.3
260	2014	345	1200	4.5	7.7	0.73	6.1	8.8
260	2014	346	480	4.5	9.4	0.85	6.4	14.2
260	2014	347	1530	0.8	6.8	0.67	2.5	0
260	2014	348	3900	-0.6	4.8	0.62	3.9	0
260	2014	349	1670	3.2	7.9	0.82	4.6	5
260	2014	350	2170	1.8	7.8	0.76	3.1	2.9
260	2014	351	550	3.9	10.6	0.94	4.4	3
260	2014	352	590	10.1	12.5	1.22	6.4	1.9
260	2014	353	1860	7.3	12.4	0.96	5.9	18.8
260	2014	354	1390	5.6	9.1	0.74	5.6	0.9
260	2014	355	1440	5.2	10.3	0.88	5.5	0
260	2014	356	630	9.3	12.8	1.12	8.1	1.4
260	2014	357	2670	9.6	12.8	1.04	7.3	0
260	2014	358	890	6.1	10	0.85	5.6	9
260	2014	359	2080	-0.3	7.9	0.66	3.5	1.9
260	2014	360	2560	-2.7	5.2	0.61	2.3	0
260	2014	361	250	-1.6	2.9	0.56	7.6	12.4
260	2014	362	4250	-3.3	3.4	0.47	3.8	0.2
260	2014	363	2530	1.1	5.6	0.68	2.3	1.4
260	2014	364	1200	3.4	6.5	0.7	2.2	0.3
260	2014	365	3400	2.5	7.6	0.74	2.8	0
