*---------------------------------------------------------*
* Contry:	The Netherlands
* Year:		1997
* Station:	Eelde
* Source:	Department Plant Research International,
*		Wageningen University and Research Centre
* Author:	generated file
* Longitude:	6.585
* Latitude:	53.125
* Elevation:	5.2
* Comments:		 
*
* Columns:
* ========
* Station number
* Year
* Day
* Irradiation (kJ m^-2 d^-1)
* Minimum temperature (degrees Celsius)
* Maximum temperature (degrees Celsius)
* Vapour pressure (kPa)
* Mean wind speed (m s-1)
* Precipitation (mm d-1)
*---------------------------------------------------------*
6.585	53.125	5.2	0.00	0.00
280	1997	1	3610	-17.8	-8.8	0.16	3	0
280	1997	2	3910	-19.6	-11.6	0.15	3	0
280	1997	3	1880	-12.1	-4.8	0.24	7.7	0
280	1997	4	1410	-6.6	-3	0.29	8.3	0
280	1997	5	1460	-10.8	-5.4	0.3	3	0
280	1997	6	1080	-9.4	-5.1	0.33	3.5	0
280	1997	7	1410	-6.6	-5	0.37	3.4	0
280	1997	8	2510	-9.2	-6.4	0.31	3.7	0
280	1997	9	2180	-9.5	-3.8	0.31	5	0
280	1997	10	2480	-5.9	-2.3	0.38	3.1	0
280	1997	11	1590	-6.1	-2.5	0.35	2	0
280	1997	12	1450	-6.2	1.4	0.47	5.3	0
280	1997	13	1960	1.3	4.5	0.67	5	0
280	1997	14	3100	0	5.5	0.53	3.3	0
280	1997	15	3620	-4.3	2.7	0.48	2.4	0
280	1997	16	4780	-6.1	4.8	0.51	1.6	0
280	1997	17	4300	-5.8	5.7	0.47	3.1	0
280	1997	18	800	2.5	4.4	0.77	4	0
280	1997	19	910	0.7	3	0.7	2.7	1.4
280	1997	20	1790	0.4	4.8	0.74	1.7	1.3
280	1997	21	1620	-0.2	1.7	0.63	2.8	0
280	1997	22	2580	-0.1	6.7	0.7	4.1	0
280	1997	23	1000	2.4	6.3	0.82	3.3	0
280	1997	24	1360	0.5	5.1	0.75	1.5	1.3
280	1997	25	3140	-0.4	4.5	0.71	1.8	0.1
280	1997	26	4420	-4.8	2.8	0.52	3.5	0
280	1997	27	6280	-6.2	1.2	0.47	2.1	0.1
280	1997	28	4120	-2.6	7.2	0.71	3.3	0
280	1997	29	1460	1.1	3.8	0.73	2.7	0
280	1997	30	1170	-0.9	4.8	0.67	2.2	0
280	1997	31	2080	0.3	4.7	0.65	3.3	0.2
280	1997	32	5160	-1.9	3.7	0.54	1.8	0
280	1997	33	4450	-2.1	2.3	0.54	3.6	0
280	1997	34	2500	0	1.7	0.65	3.8	0
280	1997	35	620	0.8	6.8	0.75	9.7	6
280	1997	36	5750	-0.2	6.8	0.71	2.9	0
280	1997	37	2000	1.1	6.9	0.73	6.5	0
280	1997	38	2120	1.4	9.2	0.78	6.7	3.9
280	1997	39	5110	-0.3	5.3	0.67	4.2	0
280	1997	40	3300	3.1	8.8	0.88	7.6	2.4
280	1997	41	1970	4.2	8.9	0.86	8.8	6.1
280	1997	42	4370	3	7.6	0.73	9.3	0
280	1997	43	680	4.8	9.8	0.99	7.4	18.2
280	1997	44	1370	4	9.6	0.88	9	5.8
280	1997	45	5100	0.9	6.4	0.67	6.8	0
280	1997	46	5460	-0.9	6.9	0.7	3.9	0.2
280	1997	47	3980	0.5	5.4	0.69	4	0
280	1997	48	2050	2.2	7.4	0.75	6.3	0.7
280	1997	49	4310	3.2	10.6	0.87	9.3	11.6
280	1997	50	5530	2.2	8.1	0.71	9.1	4.5
280	1997	51	7980	4.6	9.3	0.76	11.5	0.4
280	1997	52	2680	4.7	10.3	0.86	9.9	4.8
280	1997	53	2340	4.3	10.1	0.92	6.6	0
280	1997	54	4810	7.3	12.1	0.99	6.2	0
280	1997	55	3470	6.9	10.5	0.95	9.6	7.1
280	1997	56	8100	6.8	11.6	0.92	12.8	6.6
280	1997	57	3690	4.5	8.5	0.86	6.7	4.1
280	1997	58	5510	0.6	7.4	0.71	4.5	0
280	1997	59	9230	5.3	12.6	0.84	7.4	2.8
280	1997	60	9360	3.1	12	0.85	5.7	0
280	1997	61	1770	4.2	12.1	0.88	9.2	1.2
280	1997	62	11090	1.2	10	0.71	4.2	0
280	1997	63	11410	-4	11.7	0.66	2.9	0
280	1997	64	5460	3.6	11.6	0.96	3.6	0
280	1997	65	11980	1.8	9.6	0.77	4	1
280	1997	66	6250	0.4	12.9	0.83	3.1	0
280	1997	67	3910	5.9	10.9	0.96	2.7	0
280	1997	68	10220	1.2	11.9	0.86	3.1	0
280	1997	69	12620	1.4	17.6	0.96	2.8	0
280	1997	70	3650	3.2	6.6	0.83	2.5	0
280	1997	71	9920	3.2	11.8	0.94	4	0
280	1997	72	11030	6	13.9	1.05	5.9	0
280	1997	73	1870	6.8	9.5	1.03	5.2	2.5
280	1997	74	3270	4.9	10.3	0.99	5.2	0.5
280	1997	75	1940	2.7	9.2	0.9	3.4	8.9
280	1997	76	3940	1.8	9	0.78	4.2	0
280	1997	77	2070	0.8	7.9	0.78	4.8	1.7
280	1997	78	3990	1.8	8	0.75	5.2	0
280	1997	79	5190	0.9	6.1	0.67	3.3	2.6
280	1997	80	7330	-1.9	7.7	0.65	4.3	1.2
280	1997	81	6240	-3.5	7.1	0.57	2	0
280	1997	82	2530	1.8	5.2	0.69	4.5	1.9
280	1997	83	6530	0.5	7.7	0.74	3	0
280	1997	84	10060	2.1	8.2	0.79	2.4	0.7
280	1997	85	5480	3.6	11.8	0.93	7.8	2.9
280	1997	86	10720	6.2	11.2	0.85	8.1	0
280	1997	87	7830	3.2	10.3	0.78	10.9	3.3
280	1997	88	12180	3.6	9.3	0.8	7.6	1.9
280	1997	89	12700	1.9	12.9	0.85	4.2	0
280	1997	90	16620	1.7	14	0.85	4.8	0
280	1997	91	17890	1.9	16	0.88	3.8	0
280	1997	92	5060	2	12	0.87	2.8	0
280	1997	93	6660	1.1	10	0.71	6.8	0.9
280	1997	94	14230	1.1	8.2	0.64	7.4	0.2
280	1997	95	2240	1.7	10.5	0.85	8.8	9
280	1997	96	15680	-3.2	8.2	0.51	4.9	0
280	1997	97	20100	-4.1	9.6	0.51	1.3	0
280	1997	98	16970	3.5	14.2	0.64	1.8	0
280	1997	99	17390	2.8	17.4	0.79	2.3	0
280	1997	100	17520	2.6	14.6	0.91	3.4	0
280	1997	101	12440	4.9	8.5	0.72	9.3	0.1
280	1997	102	12490	-0.6	8.8	0.61	6.4	0.6
280	1997	103	9660	-2.9	9.3	0.65	3.6	0
280	1997	104	6540	4.6	10	0.83	6.7	0
280	1997	105	17800	3.9	10.3	0.7	6.2	0.3
280	1997	106	17840	0.4	11.8	0.68	2.8	0
280	1997	107	22220	-2.7	12.5	0.66	2.8	0
280	1997	108	18390	3.1	11.3	0.8	5.2	0
280	1997	109	11330	1.6	9	0.61	5	0.3
280	1997	110	18390	-2.7	8.6	0.49	3.5	0
280	1997	111	19130	-5.5	9.7	0.51	3.5	0.4
280	1997	112	13920	-0.6	9.3	0.64	3.7	0
280	1997	113	20440	-2.1	12.5	0.59	4.5	0
280	1997	114	15040	3.3	14.1	0.76	8.7	0
280	1997	115	15220	5	11.6	0.8	3.8	0
280	1997	116	14040	1	15.9	0.81	3.9	0
280	1997	117	10130	7.9	15.6	1.13	2.6	0
280	1997	118	4540	9.5	13.2	1.25	6.2	8.3
280	1997	119	2080	7.1	10.1	1.07	6.2	5.1
280	1997	120	10470	5.1	11.9	1.02	4.1	0
280	1997	121	17900	4.4	17.6	1.13	2.4	0
280	1997	122	21830	5.8	20.8	1.2	3.8	0
280	1997	123	14350	4.6	15.5	1.11	3.2	0
280	1997	124	8650	6.7	17.6	1.25	5.9	6
280	1997	125	8990	10.7	15.2	1.3	5.6	3.6
280	1997	126	5750	0.9	11.6	0.81	5.4	9.7
280	1997	127	17520	0.2	9.5	0.72	4.1	4.9
280	1997	128	14690	2.9	11.4	0.84	5.7	3.9
280	1997	129	10170	5.5	13	1.01	4.9	7.6
280	1997	130	15340	5.5	15	1	5.8	0.7
280	1997	131	11210	10.7	17.1	1.35	5.3	6.5
280	1997	132	20970	8.1	17	1.11	5.5	0.1
280	1997	133	21720	5.9	20.3	1.06	2.3	0
280	1997	134	4090	8.5	14.7	1.25	2.3	4.5
280	1997	135	20670	6.6	17	1.19	3.7	0
280	1997	136	22960	11.4	23.5	1.66	5.1	0
280	1997	137	21210	15.1	27.8	2.06	2.5	0
280	1997	138	19920	13.6	25.2	1.95	2.9	10.9
280	1997	139	14660	13.2	21	1.72	2.5	2.4
280	1997	140	14170	12.4	21.4	1.7	2	10.4
280	1997	141	6440	9.7	14.5	1.33	1.8	23.9
280	1997	142	6470	4.5	11.6	0.97	3.7	9.5
280	1997	143	21840	2.1	13.3	0.81	3.4	0
280	1997	144	22840	1.2	14.3	0.79	3	0
280	1997	145	22900	2.9	16.4	0.88	2.3	0
280	1997	146	12100	2.2	15	0.91	3.8	0.2
280	1997	147	7840	8.4	11.6	0.95	6.1	0
280	1997	148	15910	8.4	14.6	1.06	4.2	0
280	1997	149	22370	6.8	15.7	1.03	4.2	0
280	1997	150	28070	6.6	19.3	1.05	2.8	0
280	1997	151	24560	7.9	18.5	0.91	3.7	0
280	1997	152	28250	6.7	19.4	0.9	7.1	0
280	1997	153	29250	6.8	20.6	0.96	5.7	0
280	1997	154	27930	6.5	23	1.09	2.6	0
280	1997	155	26950	6	21.4	1.26	2.3	0
280	1997	156	25840	8	27	1.23	3.8	0
280	1997	157	26350	13.5	28.6	1.3	4.8	0
280	1997	158	22060	16	30.1	1.9	4.5	10.7
280	1997	159	5580	12.8	18.8	1.71	2.5	8.2
280	1997	160	24450	8.3	21.2	1.35	4.1	0
280	1997	161	29070	6.5	22.3	1.23	3.5	0
280	1997	162	13980	13.5	25.1	1.76	4.3	1.5
280	1997	163	15720	13.6	23.3	1.81	3.8	0
280	1997	164	15600	12.3	22.1	1.73	2.3	22.2
280	1997	165	14090	11.4	20.2	1.6	3.8	7.8
280	1997	166	10310	8	15.7	1.17	4.2	2.3
280	1997	167	22630	6.3	17.1	1.02	2.6	0
280	1997	168	21500	4.7	17	1	3.2	0
280	1997	169	17950	4.7	17.4	1	2	0
280	1997	170	22510	7.8	21.3	1.08	3.4	0
280	1997	171	11350	11	18.9	1.42	3.3	3.7
280	1997	172	16890	10.2	20	1.45	4.5	7.6
280	1997	173	15180	10.3	17.6	1.36	4.5	3.9
280	1997	174	12220	10.3	16.8	1.43	5.4	3.8
280	1997	175	10930	9.5	14.8	1.19	5	3
280	1997	176	17730	7	18.8	1.09	3.3	0
280	1997	177	8200	11.1	17.2	1.46	3.8	5.2
280	1997	178	11320	11.3	19.2	1.62	2.8	3.8
280	1997	179	21040	10.1	20.6	1.47	4	0.6
280	1997	180	13730	10.6	23.7	1.69	4.8	20.9
280	1997	181	9750	12.1	18.3	1.56	5.8	0.3
280	1997	182	18700	10.2	19.9	1.44	3.5	13.3
280	1997	183	21360	9.6	22.7	1.47	3.7	0.5
280	1997	184	22510	11	21.1	1.43	3.6	0
280	1997	185	17050	9.9	20.8	1.45	1.8	0
280	1997	186	17920	10.3	20.6	1.5	2.9	0.4
280	1997	187	14020	12.7	18.4	1.49	3.1	0.2
280	1997	188	21400	13.2	22.6	1.73	4.4	0
280	1997	189	14740	14.5	19.8	1.69	3.4	0
280	1997	190	16590	12.6	20.5	1.57	3	0
280	1997	191	27150	9.8	24.3	1.48	3.6	0
280	1997	192	28640	10.7	26	1.48	3.1	0
280	1997	193	26980	12.8	27.4	1.66	2.9	0
280	1997	194	23090	13	26.7	1.82	2.2	4.3
280	1997	195	24230	15	25.2	1.94	2.7	0
280	1997	196	25340	12.4	23.8	1.54	2.4	0
280	1997	197	12050	14	22.6	1.86	3.1	2.2
280	1997	198	6720	14.3	19.6	1.8	2.8	10.2
280	1997	199	12890	13.9	21.4	1.83	3.8	5
280	1997	200	26710	14.6	22.8	1.58	4.3	0
280	1997	201	21790	12.1	23.8	1.53	3.9	0
280	1997	202	6760	16.1	20.7	1.98	3.2	2.5
280	1997	203	20820	15.9	26.6	2.08	2.3	0.5
280	1997	204	19700	13.4	23.2	1.75	2.5	0
280	1997	205	13190	12	23.3	1.72	2.6	2.5
280	1997	206	6760	15	18.8	1.78	4.5	2
280	1997	207	18940	16	22.7	1.78	4.9	1.3
280	1997	208	10520	12	19.9	1.66	6.1	7.1
280	1997	209	17630	10.8	22.7	1.59	4	0.5
280	1997	210	21280	12.1	23.7	1.67	2.8	0
280	1997	211	12680	12.4	24.1	1.79	2.8	0.7
280	1997	212	11440	12.3	18.4	1.61	3.8	3.7
280	1997	213	18420	13.1	22.5	1.7	3	0.6
280	1997	214	11830	15.2	21.9	1.91	3.4	0.1
280	1997	215	13240	10.9	21.6	1.56	3	0
280	1997	216	21510	10	22.1	1.47	3.6	0
280	1997	217	24280	10	24.8	1.54	3.4	0
280	1997	218	24170	14.6	26.3	1.74	4.4	0
280	1997	219	24390	15.8	27.1	1.8	4.5	0
280	1997	220	23730	15.8	28.4	1.95	3.1	0
280	1997	221	21710	13.6	30.4	1.92	1.6	0
280	1997	222	21690	15.1	31.9	1.87	2.6	0
280	1997	223	23310	16.1	31.8	1.65	4.3	0
280	1997	224	22500	16.5	32.6	1.8	2.9	0
280	1997	225	20970	13.9	32.4	1.83	1.8	0
280	1997	226	15150	16.4	26.4	2.15	4.4	0
280	1997	227	6590	18.4	21.8	2.08	3.1	0
280	1997	228	14740	16.8	25.5	2.07	1.9	0.7
280	1997	229	16100	14.7	29.5	2.11	2.1	0
280	1997	230	19930	14.3	30.6	1.91	2.2	0
280	1997	231	17500	12	29	1.75	3	0
280	1997	232	18630	15.4	28.5	1.96	3.6	0
280	1997	233	17850	15.5	28.6	2	2.3	0
280	1997	234	3850	17.7	21.5	2.13	2.4	9.9
280	1997	235	11470	15.9	24.3	2.13	2.3	0
280	1997	236	16570	18.3	28.9	2.4	3	0.3
280	1997	237	16780	17.6	31.2	2.62	2.7	10.1
280	1997	238	7760	16.4	21.4	1.93	2.4	0
280	1997	239	12520	12.3	25	1.9	2.6	2.9
280	1997	240	2230	14.2	18.3	1.8	3.1	9.8
280	1997	241	13820	13.1	19.9	1.66	5.6	0.9
280	1997	242	7700	11.2	19.3	1.53	3.5	0.5
280	1997	243	15300	15.5	23.2	1.85	4	0
280	1997	244	15120	14.8	23.2	1.79	3.4	0.3
280	1997	245	10980	11.5	21	1.63	2.3	14.1
280	1997	246	16770	9.7	22.7	1.52	2.3	0
280	1997	247	11550	13.9	23	1.77	2.9	0.4
280	1997	248	11370	8.5	20.1	1.36	2.1	0
280	1997	249	13640	10.5	20.4	1.45	4	0.5
280	1997	250	9910	12.4	18.9	1.61	4.5	3.6
280	1997	251	5380	14	17.3	1.54	5.7	0
280	1997	252	12730	10.8	18.4	1.25	6.3	0.4
280	1997	253	9350	8.1	17.1	1.08	4	0
280	1997	254	10790	6.1	18.1	1.13	3	0
280	1997	255	8820	11.8	19.7	1.53	6.2	7
280	1997	256	15160	8.1	16	1.1	6.4	1.9
280	1997	257	12370	7.4	17	1.18	5.4	0.5
280	1997	258	11410	8.3	17.9	1.24	5.3	0
280	1997	259	14870	9.8	20.6	1.27	5.2	0
280	1997	260	8750	5.5	19	1.22	3	0
280	1997	261	8670	4.1	17.7	1.14	2.2	0
280	1997	262	14390	4.5	17.1	1.03	2.5	0
280	1997	263	9380	1.2	14.8	0.88	1.8	0
280	1997	264	15340	1.8	16.9	0.97	1.6	0
280	1997	265	15000	1.4	18	1.01	1.3	0
280	1997	266	5350	2	17.4	1.07	2.2	0
280	1997	267	6330	7.1	19	1.33	1.3	0
280	1997	268	13710	4.7	20.5	1.21	2.3	0
280	1997	269	11870	7.7	19	1.35	2.7	0
280	1997	270	5620	4.1	14.7	1.04	1.6	0
280	1997	271	12290	3	19.4	1.2	1.1	0
280	1997	272	6600	5.4	17.5	1.25	2.2	1.4
280	1997	273	6440	11.6	17.7	1.49	2	1.1
280	1997	274	2280	11.6	17.6	1.53	4.3	1.4
280	1997	275	9500	7.4	15.4	0.99	6.8	0.5
280	1997	276	5670	6	15	1.09	3.6	0
280	1997	277	3360	11.4	16.7	1.42	5.7	0
280	1997	278	2680	12.7	16.6	1.56	4	0
280	1997	279	10080	11.6	20.7	1.49	2.9	0
280	1997	280	4110	11.4	20.3	1.63	6	4.9
280	1997	281	3000	10.7	17.4	1.48	7.3	15.5
280	1997	282	4310	11.8	18.6	1.54	8.5	4
280	1997	283	6200	9.8	15.8	1.23	8.7	5.4
280	1997	284	6250	3	13.9	0.96	4.4	2.1
280	1997	285	7860	2.9	12.9	0.9	4.7	4.9
280	1997	286	4720	7	12	1.05	5	18.2
280	1997	287	6370	6.5	13	1.06	3.6	7.7
280	1997	288	5260	0.8	12	0.89	2.2	2.1
280	1997	289	7630	-2.3	10.5	0.7	2	0
280	1997	290	2470	7.3	13.9	1.19	3.6	0
280	1997	291	8970	5.3	18.4	1.23	3.4	0
280	1997	292	8300	5.3	19.3	1.36	1.9	0
280	1997	293	5250	1.4	12.3	0.74	4	0
280	1997	294	8750	-2.2	9.7	0.62	2.4	0
280	1997	295	8490	-1.9	10.9	0.68	2	0
280	1997	296	4700	5.4	12	0.94	3.5	0.4
280	1997	297	5990	1.4	10.4	0.74	4	0.7
280	1997	298	2880	4	9.9	0.88	4.4	1.4
280	1997	299	2800	4.1	8.9	0.87	2.4	0.9
280	1997	300	8530	-2.6	6.4	0.54	2.8	0
280	1997	301	8830	-5.9	6.8	0.52	1.4	0
280	1997	302	5650	-6.4	6.1	0.48	1	0
280	1997	303	4790	-2.7	9.4	0.64	1.3	0
280	1997	304	7400	-3.4	10.5	0.71	2.5	0
280	1997	305	2410	0.4	3.8	0.7	2.2	0
280	1997	306	1060	0	5.9	0.75	3.1	0.6
280	1997	307	4310	0.4	8	0.67	4.2	0.4
280	1997	308	6620	-1.3	6.2	0.53	5.4	0
280	1997	309	2520	1.2	12.9	0.95	3.7	1.5
280	1997	310	2390	7.7	12.8	1.2	3.1	0.6
280	1997	311	470	9.2	12.7	1.23	7.5	4.1
280	1997	312	3510	7.2	11.8	1.01	5.7	0
280	1997	313	5240	6.8	12.1	1.01	6.3	5.3
280	1997	314	1910	6.5	10.5	0.98	5.5	1.5
280	1997	315	2830	6	10.5	0.98	5.2	2.7
280	1997	316	3370	-0.2	9	0.82	1.8	0
280	1997	317	2370	1.4	9	0.88	3.9	0
280	1997	318	2890	4.6	8	0.87	4.1	0
280	1997	319	590	6.9	9.7	1.07	4.4	1.3
280	1997	320	1970	4.1	9.4	0.94	3.9	0
280	1997	321	4650	1.8	7.4	0.77	4.6	0
280	1997	322	4500	0.8	6.6	0.7	6.1	0
280	1997	323	4690	-1.7	2.9	0.5	6.9	0
280	1997	324	1740	-2.3	2.9	0.52	5.7	0.4
280	1997	325	2020	2.7	8.1	0.84	2.8	0.1
280	1997	326	1500	2.1	4.8	0.74	2.1	0
280	1997	327	1400	-1.4	3.2	0.64	2.6	0
280	1997	328	810	1.7	4.2	0.72	3.9	0
280	1997	329	1180	0.8	3.4	0.66	5.1	0
280	1997	330	1010	1.2	3.5	0.67	6	0
280	1997	331	820	2.4	3.7	0.71	5.6	2
280	1997	332	800	2.3	7.1	0.83	4	3
280	1997	333	990	7.1	10.2	1.09	4	1.7
280	1997	334	1230	3.3	9.8	0.92	2.8	1
280	1997	335	3590	-1	6.7	0.68	2.6	0.3
280	1997	336	2220	-1	2.1	0.6	3.3	0
280	1997	337	2010	-2.8	3.5	0.59	2.5	0.4
280	1997	338	1150	-3.6	2.7	0.55	2.6	0
280	1997	339	1800	-0.3	5.5	0.69	4.5	0.4
280	1997	340	290	1.2	8.4	0.83	7.9	8.8
280	1997	341	930	1.7	8	0.82	5.5	0.2
280	1997	342	980	1.6	8.3	0.77	6.4	0.5
280	1997	343	1480	8.1	9.8	1.05	6.9	4.5
280	1997	344	300	9.3	11.9	1.2	8.8	16.5
280	1997	345	540	7.5	11.9	1.12	5.6	7.8
280	1997	346	500	6.5	9.5	1.02	6	9
280	1997	347	1620	2.4	8.4	0.83	3.8	2.4
280	1997	348	1530	1.1	6.9	0.72	4.9	0.1
280	1997	349	760	-1.3	3.5	0.52	7.3	0
280	1997	350	2600	-8	-1.3	0.34	8.5	0
280	1997	351	2370	-8.4	-4	0.26	8.8	0
280	1997	352	1360	-4.5	1.3	0.42	6.7	0
280	1997	353	1520	-0.2	7.1	0.73	4.6	2.1
280	1997	354	1920	-0.7	5.9	0.71	2.8	0
280	1997	355	700	1	3.4	0.69	4.2	0.4
280	1997	356	520	1.3	2.8	0.69	2.1	0
280	1997	357	820	1.2	4.5	0.74	2.2	0
280	1997	358	380	4.5	12	1.07	6.6	8.7
280	1997	359	1560	8.4	11.8	1.05	11.8	4
280	1997	360	730	5.9	9.9	0.95	10.4	6
280	1997	361	2210	4.6	7.7	0.9	4.5	1
280	1997	362	2100	1.7	6.5	0.79	5	4.1
280	1997	363	2330	2.7	7.4	0.83	4.5	1.4
280	1997	364	2160	3	7.3	0.8	5	0.1
280	1997	365	460	4.7	9.9	0.95	5.7	1.8
