* Country: Netherlands
* Station: Eelde
* Year: 1993
*  Source: Weather data and coordinates from
*  Eelde (KNMI)
*  Author: J. W. Steenhuizen PRI Wageningen
*  Longitude: 235.030 Amersfoortse coordinates
*  Latitude: 571.460
*  Elevation: 4.0 m.
*  Comments: For internal use only
*  Columns:
*  ========
*  station number
*  year
*  day
*  irradiation (kJ m-2 d-1)
*  minimum temperature (degrees Celsius)
*  maximum temperature (degrees Celsius)
*  vapour pressure (kPa) op basis %RH
*  mean wind speed (m s-1)
*  precipitation (mm d-1)
*--------------------------------------------------------------------------*
   6.35 53.08 4.0 0.00 0.00
      6     1993       1     1480     -9.3      -4.7    0.390        1           0
      6     1993       2     2920     -9.4      -3.5    0.384      2.4           0
      6     1993       3     3740    -11.3      -7.7    0.301      3.2           0
      6     1993       4     1740    -11.3        -5    0.317      3.4           0
      6     1993       5      770     -8.3       3.2    0.490      6.1         3.8
      6     1993       6      660      3.1       7.6    0.898      4.3          11
      6     1993       7     2240     -1.4       7.5    0.771      3.8         0.6
      6     1993       8     2930      0.6       9.1    0.819      6.4         1.5
      6     1993       9      490      0.9       9.9    0.892      8.1         6.5
      6     1993      10      360      5.9      11.3    1.090        9        11.6
      6     1993      11      790      5.9      11.3    0.983     10.1         3.9
      6     1993      12     2130      3.1       6.4    0.716      9.6         0.1
      6     1993      13     1750      3.8      13.6    1.011      9.8         3.6
      6     1993      14     3040      1.3         7    0.712      9.2           0
      6     1993      15     1460      2.5      11.4    0.883      9.7         0.3
      6     1993      16      710      8.8      12.8    1.133     10.7         0.2
      6     1993      17     2240      4.9        11    0.882      8.8           0
      6     1993      18     3740      2.6       6.8    0.779      6.5           0
      6     1993      19      830      2.7       6.6    0.776      7.9         0.8
      6     1993      20      450      6.2      10.3    1.003     11.6         9.7
      6     1993      21     3050      6.3      11.3    0.942     10.5         6.1
      6     1993      22      660      5.2      11.5    0.842     13.3         1.4
      6     1993      23     2410      4.5      11.1    0.823      9.4         0.9
      6     1993      24     1930      3.3      11.8    0.770     15.8         3.2
      6     1993      25     2150      0.7       5.1    0.605     10.4         3.6
      6     1993      26      550      1.5       5.3    0.663       10         6.1
      6     1993      27     1860        0       4.5    0.628      3.8         0.5
      6     1993      28      570        0       2.5    0.645      3.4        24.7
      6     1993      29     4740     -3.2       1.3    0.513      5.4         3.8
      6     1993      30     5640     -4.8       0.6    0.465      3.8           0
      6     1993      31     5200     -3.1       4.2    0.567      1.7           0
      6     1993      32     7300     -4.4       1.6    0.477      2.5           0
      6     1993      33     1360       -4       3.2    0.589      4.2           0
      6     1993      34     1360      1.5       4.1    0.744      4.3           0
      6     1993      35     1020      1.5       3.7    0.734      4.6         0.1
      6     1993      36     1480      2.8       5.2    0.759      6.9           0
      6     1993      37      940      4.3       7.3    0.890      5.9         1.3
      6     1993      38     1020      3.6       4.7    0.759      1.2           0
      6     1993      39     2120      3.2       6.7    0.858        2         0.4
      6     1993      40     1720      1.6       4.6    0.766      2.7         0.1
      6     1993      41     1880      0.8       2.7    0.707        3           0
      6     1993      42     2630       -2       3.1    0.628      2.4           0
      6     1993      43     1840     -0.4       1.7    0.607      1.7           0
      6     1993      44     1690     -1.3       0.2    0.605        2           0
      6     1993      45     2050     -1.8         0    0.591      3.4           0
      6     1993      46     1600     -1.5       2.1    0.629      3.6         0.1
      6     1993      47     2960     -0.1       6.9    0.774      4.3         3.2
      6     1993      48     1720      2.5       7.9    0.830      7.3         2.4
      6     1993      49     1840      0.3         7    0.787      6.1         3.3
      6     1993      50     5040      3.3       6.8    0.713     11.3           1
      6     1993      51     5120      1.2       6.9    0.723      8.8         7.2
      6     1993      52     5160     -1.3         6    0.618      8.6         1.4
      6     1993      53     6050     -2.7       2.8    0.589      2.6         3.1
      6     1993      54    10670       -6       4.2    0.493        3         0.4
      6     1993      55    11370     -6.9       1.5    0.433      1.2           0
      6     1993      56     3450     -2.1       3.4    0.583      2.9           0
      6     1993      57     3030      1.9       4.7    0.762      4.6         2.1
      6     1993      58     7840       -2       4.1    0.555      6.7         0.5
      6     1993      59     7250     -1.7       3.4    0.640      4.4         4.4
      6     1993      60     9150     -2.3       4.4    0.567      6.8           0
      6     1993      61     8600     -1.8       3.3    0.519      7.2           0
      6     1993      62    10510     -3.9       2.3    0.480      5.7           0
      6     1993      63     3990     -1.5         3    0.562      2.8           0
      6     1993      64     2550     -1.9       5.2    0.676      4.9         0.6
      6     1993      65     3200      4.5       7.4    0.925      6.4         0.6
      6     1993      66     4220     -0.2       6.2    0.747      2.9         0.1
      6     1993      67    12550     -0.8       6.3    0.628      3.8           0
      6     1993      68    12490     -2.1       7.3    0.601      3.1           0
      6     1993      69     7900     -1.4         9    0.688      3.9           0
      6     1993      70     9560     -5.3       7.4    0.618      1.7           0
      6     1993      71    11020      2.1      14.3    0.917      2.2           0
      6     1993      72    10070      1.5      16.4    0.875      2.5           0
      6     1993      73     8630      1.2      15.8    0.892      2.1         0.1
      6     1993      74    11780      3.9      17.4    1.036      3.3           0
      6     1993      75     2410      6.9       9.5    0.979      6.9         2.1
      6     1993      76     3970      6.9      12.9    1.116      9.1         0.7
      6     1993      77     2900      3.8      11.5    0.925      7.9         0.9
      6     1993      78    14070      2.5       9.9    0.769      6.8           0
      6     1993      79     9510      0.5       9.8    0.760      4.7           0
      6     1993      80     9930      1.3      13.9    0.892      4.5         0.3
      6     1993      81     4940      5.4      13.3    1.088        5         4.1
      6     1993      82    10650        1       8.7    0.696      7.5         0.8
      6     1993      83    12510     -0.8       9.4    0.703      5.4           0
      6     1993      84     8520      1.4       7.9    0.711      7.3         1.1
      6     1993      85    17610     -2.7       8.9    0.584      4.9           0
      6     1993      86    12250     -4.5         7    0.543      2.1           0
      6     1993      87    16770     -3.8       6.8    0.526      2.5           0
      6     1993      88    18630     -3.5       6.9    0.500      2.6           0
      6     1993      89    18170     -4.6      10.6    0.436      3.1           0
      6     1993      90     4630      4.4        12    0.896      2.8         0.8
      6     1993      91     9320      6.1      19.1    1.200      3.1           4
      6     1993      92     5330      5.6       9.5    0.968      2.9         0.4
      6     1993      93     3030      1.8       8.7    0.867      1.4         2.8
      6     1993      94     9040      2.1      10.7    0.880      3.6           0
      6     1993      95     9480      1.4      11.2    0.856      6.9         7.3
      6     1993      96     4230      6.1        10    1.010        8         9.5
      6     1993      97     6280      4.2       9.2    0.897      6.1         0.1
      6     1993      98     8740      2.3       8.8    0.806      2.5           0
      6     1993      99    15550      4.4      11.6    0.844      5.1           0
      6     1993     100    12330      3.8      12.1    0.902      3.9         0.2
      6     1993     101    16320      1.9      12.1    0.667      4.3           0
      6     1993     102     4570      2.2       7.9    0.705      3.2         0.6
      6     1993     103    14840      2.9      12.5    0.807      3.4           0
      6     1993     104    14710      5.1       9.4    0.901      3.9           0
      6     1993     105    15810      1.9        14    0.963      3.5         0.2
      6     1993     106    17830     -1.2      15.2    0.781      3.3           0
      6     1993     107     4420      9.1      12.4    1.203        6         2.5
      6     1993     108     4250      5.6      11.4    1.072      6.2         7.8
      6     1993     109     8730      5.5        10    0.961      2.5         1.6
      6     1993     110    17520      7.1      19.4    1.221      4.2           0
      6     1993     111    15960      8.3      19.8    1.208      4.4         0.1
      6     1993     112    12990      6.5      19.8    1.272      3.1         7.8
      6     1993     113    16020      8.6      18.2    1.262      4.3           0
      6     1993     114    14880     11.6      23.9    1.305      3.8           0
      6     1993     115    17580        9      22.1    1.393        3           0
      6     1993     116    16400      8.3      23.7    1.485      2.9           0
      6     1993     117    23340      6.8        20    1.277      4.3           0
      6     1993     118    20820      8.6      26.2    1.296      4.6           0
      6     1993     119    20660       13      25.7    1.438      4.2           0
      6     1993     120    21110     12.3      27.2    1.319      2.9           0
      6     1993     121    21440     11.8      26.6    1.234        3           0
      6     1993     122     3250      8.5      13.1    1.219      4.7           0
      6     1993     123    22100      1.7      12.2    0.779      5.1           0
      6     1993     124    20950     -0.2      13.5    0.736      2.6           0
      6     1993     125    23140      0.5      12.8    0.736      3.2           0
      6     1993     126    23140     -0.8      14.2    0.729      4.6           0
      6     1993     127     8480      7.4      13.7    1.054      6.5           0
      6     1993     128    21600      8.5        16    1.106      7.4           0
      6     1993     129    21620        8      23.7    1.316      5.2           0
      6     1993     130    20970     12.4      26.9    1.551      4.1         0.5
      6     1993     131    23700     10.3      25.6    1.458      5.4           0
      6     1993     132    23170     10.4      25.6    1.502      4.3           0
      6     1993     133    13660      8.6      14.8    1.252      4.8         0.1
      6     1993     134    11170      8.7      14.8    1.216      3.2           0
      6     1993     135    11020      4.8      14.4    0.958      4.5         0.1
      6     1993     136    22010      4.4        19    0.872      4.3           0
      6     1993     137    26170      8.2      25.1    0.949      4.8           0
      6     1993     138    15270       13      22.7    1.469      3.1        13.1
      6     1993     139    10840     12.4      21.6    1.782      2.1         9.9
      6     1993     140    20540     11.9      25.2    1.777      2.8         0.7
      6     1993     141    16550     11.1      16.8    1.367      4.4        13.1
      6     1993     142    18900        6      17.5    1.124      3.5         0.2
      6     1993     143    26730        3      18.6    1.083      2.2           0
      6     1993     144    18620      7.4      19.9    1.446      3.8           0
      6     1993     145    26520      8.6      19.5    1.376      4.1           0
      6     1993     146    15090     10.2      19.3    1.422      3.9         1.8
      6     1993     147     2960      8.9      12.4    1.256      4.1        16.3
      6     1993     148     4750      7.8        13    1.176      4.7           2
      6     1993     149    22210      8.1      18.9    1.256      4.7         7.5
      6     1993     150    17930     11.1      20.9    1.415      4.8         0.5
      6     1993     151    16980     10.8      16.9    1.223      7.6         2.7
      6     1993     152    15420     10.8      18.1    1.364      3.9           0
      6     1993     153    15940     10.8        22    1.629      3.1         8.7
      6     1993     154    12960      8.7      15.8    1.269      4.2         0.6
      6     1993     155    27590      6.7      21.7    1.235      2.4           0
      6     1993     156    20550     10.6      22.6    1.433      2.5           0
      6     1993     157    23620      8.4      21.7    1.334      2.1           0
      6     1993     158    23220        7      23.8    1.364      3.4           0
      6     1993     159    23670      7.1      21.6    1.340      2.2           0
      6     1993     160    28450     10.7      26.9    1.598      2.4           0
      6     1993     161    25030       15      29.2    1.796      2.7           0
      6     1993     162    20330     12.2      24.2    1.560      3.8           0
      6     1993     163    11270     11.6      18.1    1.302      3.4           0
      6     1993     164    15390      8.6      17.6    1.253      4.1         0.1
      6     1993     165    10980      7.6      15.3    1.052      3.3           0
      6     1993     166    23750      5.9        17    0.987      3.9           0
      6     1993     167     4260     10.2      14.9    1.404      4.3         9.1
      6     1993     168    20920      9.2      19.2    1.343      5.1         0.1
      6     1993     169     7130     12.8        18    1.664      5.1         7.5
      6     1993     170    13350     10.7      18.7    1.433      4.8         0.2
      6     1993     171    24800        8      19.3    1.253      4.7           0
      6     1993     172    17450      7.9      18.8    1.244      2.7           0
      6     1993     173    16800      5.6      17.1    1.071        2           0
      6     1993     174     9660      3.8      17.5    1.171      2.7         4.3
      6     1993     175    17440      5.9        16    1.119      5.4         2.8
      6     1993     176    18620      6.5      16.6    1.032      4.8         0.2
      6     1993     177    10650        7      16.4    1.199      3.6         1.1
      6     1993     178    18150      9.3      19.4    1.309      5.5         0.2
      6     1993     179    18940      7.2        19    1.239      3.4           0
      6     1993     180    25280      7.8      22.3    1.449      3.3           0
      6     1993     181    28270      7.8      22.2    1.395      3.5           0
      6     1993     182    27990      9.7      23.8    1.610      3.6           0
      6     1993     183    26560      8.3      21.8    1.400      3.1           0
      6     1993     184    17440        8      25.1    1.554        5           0
      6     1993     185    19880     12.2      25.6    1.753      4.6           0
      6     1993     186    11220      9.4      16.5    1.270      4.6         3.9
      6     1993     187    12970      7.5      18.2    1.219      5.2         0.2
      6     1993     188    12840      9.3      17.4    1.317      5.9         0.8
      6     1993     189    17210      7.2      22.7    1.294      5.6           0
      6     1993     190    10720     11.9        21    1.562      5.9         2.5
      6     1993     191    22940        8      18.9    1.178      4.7         2.7
      6     1993     192    14450      5.8      17.7    1.190      2.3         4.3
      6     1993     193    14740      5.1      17.6    1.173      3.4        10.5
      6     1993     194    14690      6.4      18.6    1.138      3.6         0.1
      6     1993     195     5180        9      16.6    1.441        2         9.9
      6     1993     196    14510     13.6        20    1.706        2         5.2
      6     1993     197     7720     13.5      20.8    1.855      3.3         5.4
      6     1993     198    13300     13.2      20.6    1.698      5.3           0
      6     1993     199    21650     12.7      20.4    1.428      3.7           0
      6     1993     200    10680     12.8      19.9    1.623      2.7         0.1
      6     1993     201     8640     12.2      17.6    1.613      4.9        13.4
      6     1993     202    15170     11.7      19.3    1.590      4.7        11.2
      6     1993     203    13750      8.4      18.8    1.353      3.7         0.8
      6     1993     204     7120      8.8      19.5    1.508      5.1         2.1
      6     1993     205    14040     14.8      21.7    1.905      5.5           9
      6     1993     206    18500     11.8      19.2    1.574        5        17.2
      6     1993     207    18570     10.4      18.4    1.391      6.9         0.9
      6     1993     208     4340     10.8      16.8    1.550      4.8        17.8
      6     1993     209    13030     12.1      20.1    1.616      5.3         0.2
      6     1993     210     6130     11.1      19.8    1.703      3.3         2.4
      6     1993     211     4170     15.1      18.5    1.870      2.8        16.3
      6     1993     212    12640     10.3      19.2    1.534      3.6         4.4
      6     1993     213    12720     10.1      20.1    1.486      2.7           0
      6     1993     214    17040       12      23.5    1.673      2.1           0
      6     1993     215    13630     11.4        21    1.538      4.4         0.1
      6     1993     216    10650     10.4      19.9    1.490      3.2           0
      6     1993     217    12300     10.2      21.9    1.559      4.9         1.4
      6     1993     218     8760      8.6      16.5    1.349      7.1           3
      6     1993     219    12810      8.4      20.5    1.489        3           0
      6     1993     220    15210      9.2      22.2    1.610      2.4         1.4
      6     1993     221     5010        8      18.1    1.450      4.9         8.9
      6     1993     222    15320        9      16.9    1.313      5.6         3.6
      6     1993     223     7240      7.7      17.2    1.341      5.6         4.4
      6     1993     224     5950     10.2      18.4    1.522      5.6         9.9
      6     1993     225    22830      8.4      18.5    1.252      3.9           0
      6     1993     226    19610      8.8      25.3    1.584      2.4         0.1
      6     1993     227     7790     11.7      21.4    1.787      2.5           3
      6     1993     228    11320     10.3      20.6    1.619        4           0
      6     1993     229    21470      6.8      18.5    1.218      2.4           0
      6     1993     230    20330      6.1      19.6    1.205      1.7           0
      6     1993     231    20690      5.9      21.2    1.230      1.2           0
      6     1993     232     3810     11.8      17.9    1.575        3         1.1
      6     1993     233    10610     10.6      19.3    1.504      3.5           0
      6     1993     234     3390      5.3      12.8    1.133      2.4        17.6
      6     1993     235    14720      4.7      16.9    1.170      3.4         0.8
      6     1993     236    17210      8.3      16.7    1.193      4.5           2
      6     1993     237     9180      8.3      15.4    1.158      3.1         2.5
      6     1993     238    15550      9.5      17.6    1.260      2.6         0.4
      6     1993     239    10050      8.9      16.9    1.252      2.8         1.6
      6     1993     240    11740      5.7      16.6    1.082      2.9           0
      6     1993     241    13860        5      18.5    1.111      3.6           0
      6     1993     242     7670     11.6      16.1    1.299      5.8         1.9
      6     1993     243     9680      8.2      17.6    1.209      4.4         0.3
      6     1993     244    10570      7.1      17.5    1.232      1.9           0
      6     1993     245     4510     10.9      16.4    1.402      3.8         3.1
      6     1993     246     8040     10.6      15.8    1.319      4.7        16.2
      6     1993     247    10840      7.3      15.5    1.074      4.2         0.3
      6     1993     248    17820      5.9      17.2    1.045      2.9         0.7
      6     1993     249     9400      4.5      15.9    1.042      2.1           0
      6     1993     250    16590      3.8      18.3    1.038        2           0
      6     1993     251     2960      9.3      12.8    1.214      2.2        10.7
      6     1993     252     9800     11.7      21.1    1.646      2.1         3.1
      6     1993     253     7330     10.7      19.2    1.504      3.4         4.6
      6     1993     254    10180      6.2      18.1    1.221      3.3           0
      6     1993     255    13600      4.6      18.7    1.117      1.8           0
      6     1993     256     1930      9.5      13.2    1.199      4.9         8.7
      6     1993     257     6170       10      16.5    1.367      2.5         6.5
      6     1993     258     9430      9.3      17.2    1.323        4         2.9
      6     1993     259     2530      9.1      12.2    1.158      3.6         3.9
      6     1993     260     9230      3.7      13.4    0.938      1.5         0.1
      6     1993     261    12470      1.4      15.6    0.903      1.6           0
      6     1993     262    15780      3.5      17.1    0.989      2.7           0
      6     1993     263    12580      8.4      22.1    1.417      2.6           0
      6     1993     264     6900      9.8      19.7    1.454      4.5           0
      6     1993     265     4990        8        18    1.388      2.6         4.9
      6     1993     266     7240      7.9      16.9    1.336      2.1           0
      6     1993     267     8910      6.4        15    1.150      3.2           0
      6     1993     268      850       11      12.3    1.300      6.1        42.3
      6     1993     269     2680     11.1      13.9    1.400      5.6         4.6
      6     1993     270     2830     10.3      13.2    1.335      3.2         3.2
      6     1993     271    10820      6.7      16.2    1.168      3.3           0
      6     1993     272    11900      3.8      17.1    1.108      2.2           0
      6     1993     273     7820      7.5      16.3    1.228      3.3           0
      6     1993     274     6600      9.3      15.4    1.236      5.1           6
      6     1993     275     2710     10.1      14.4    1.310      2.3         8.7
      6     1993     276      760     10.9      12.3    1.348      4.4        40.5
      6     1993     277     5750       11      16.1    1.393      5.1         0.6
      6     1993     278     4580      9.6      17.3    1.443      2.9         1.7
      6     1993     279     4280     10.5      15.5    1.402      3.3           5
      6     1993     280     5420      6.4      15.5    1.168        4           0
      6     1993     281     2340      7.2      13.7    1.216      2.2         4.2
      6     1993     282     5410      9.2      13.8    1.262      4.3         3.3
      6     1993     283     8090      7.6      15.4    1.210      3.9           0
      6     1993     284     3980      7.7      16.3    1.329        3         5.1
      6     1993     285     3740       10      17.5    1.410      7.3        10.9
      6     1993     286     4540     10.8      16.1    1.369      3.9         0.1
      6     1993     287     1550      2.3      12.2    0.940      5.1        11.3
      6     1993     288     8950      0.3        11    0.820      3.1           0
      6     1993     289     5780     -0.3       9.4    0.779      3.2         0.6
      6     1993     290     8650     -1.5      11.7    0.783      1.9           0
      6     1993     291    10380     -2.1       8.4    0.645      2.3           0
      6     1993     292     9740     -2.9       8.1    0.643        2           0
      6     1993     293     5760     -4.3       7.4    0.658      2.8         4.2
      6     1993     294     4120      4.7      10.1    0.998      3.2         4.5
      6     1993     295     2890      4.6       8.5    0.851      5.8           0
      6     1993     296     5760      3.9       9.3    0.845      7.5           0
      6     1993     297     6780      3.5       7.9    0.797      4.4           0
      6     1993     298     1770      5.7      10.7    0.948      3.6           0
      6     1993     299     4370      5.2      12.4    1.072      3.5         0.3
      6     1993     300     2490      7.3      11.3    1.096      2.5         0.3
      6     1993     301     2180      5.8       9.1    0.932      1.9           0
      6     1993     302     5670        4       8.7    0.895      3.7           0
      6     1993     303     1850      2.2       4.7    0.784      3.2           0
      6     1993     304     2750      0.2       4.4    0.733      2.7           0
      6     1993     305     1150      1.3       3.5    0.724      2.1           0
      6     1993     306     1140        1       3.5    0.703      2.6           0
      6     1993     307     2290      2.5       4.7    0.785      2.9           0
      6     1993     308     4740        2      11.3    0.922        2           0
      6     1993     309     2340      1.1         5    0.771      3.4           0
      6     1993     310     1670      3.6       7.7    0.864      5.6           0
      6     1993     311      900      4.5       6.8    0.890      3.7         0.4
      6     1993     312      820      5.5       7.1    0.938      2.4         0.1
      6     1993     313     2510      3.2       9.2    0.923      3.5         0.1
      6     1993     314      970      6.3       7.8    0.966      5.8         7.6
      6     1993     315     2760      4.1       9.8    0.941      6.4         4.7
      6     1993     316     4790      3.2       9.3    0.908      4.4         0.7
      6     1993     317     1890      4.6       8.5    0.926      6.4         1.3
      6     1993     318      470      5.1       9.6    0.975      7.8        22.9
      6     1993     319     3220      3.4       7.4    0.773      6.1         1.4
      6     1993     320     3900     -1.7         4    0.597      1.5           0
      6     1993     321     4320     -3.4       3.9    0.580      2.1           0
      6     1993     322     3610     -2.7       1.5    0.575      2.9           0
      6     1993     323     5390     -6.2         1    0.484      2.2           0
      6     1993     324      940       -5       1.7    0.526      4.4         0.2
      6     1993     325     1400     -6.6      -3.8    0.382      4.6           0
      6     1993     326     2130     -9.7        -3    0.379      1.8           0
      6     1993     327     2330    -10.6      -0.3    0.415      3.3           0
      6     1993     328     3910     -4.7       0.8    0.480        3           0
      6     1993     329     3000     -4.7       2.5    0.546      2.1           0
      6     1993     330     1260     -5.3       0.5    0.534      1.9           0
      6     1993     331      380     -4.7      -2.2    0.493      3.3           0
      6     1993     332     1510     -5.4         1    0.517        2           0
      6     1993     333     2130     -5.3       1.1    0.510      3.1           0
      6     1993     334     1980     -7.2      -2.1    0.413      3.3           0
      6     1993     335     1150     -7.2       0.9    0.475      3.3           0
      6     1993     336      510      0.8         9    0.872      7.1         2.1
      6     1993     337     1010      7.7       9.5    1.058      8.3         1.1
      6     1993     338      380      2.6      10.4    0.913      8.2         2.3
      6     1993     339     1840      2.2       7.4    0.841      6.3           0
      6     1993     340      670      6.5         8    0.998      5.6           0
      6     1993     341      370      2.2       6.8    0.793      7.6         8.1
      6     1993     342     1220      2.3      10.4    0.913      7.4        16.1
      6     1993     343      440      4.4       8.3    0.868     13.2          16
      6     1993     344      490        3       7.9    0.844      7.1         3.3
      6     1993     345     2010      1.7       5.7    0.737      7.6         4.1
      6     1993     346     2350      0.4       5.4    0.742      4.1         5.9
      6     1993     347      870      0.2       8.2    0.824      5.8        15.3
      6     1993     348     3020       -1       3.5    0.581        5         0.1
      6     1993     349      410     -0.2       3.3    0.652      7.6         3.7
      6     1993     350     1510      3.1       6.8    0.808      9.8         7.3
      6     1993     351     2380      1.6       6.1    0.744      6.1         0.2
      6     1993     352      370      3.8      10.9    1.005        7         0.6
      6     1993     353      230      5.5      12.7    1.038       13        10.8
      6     1993     354      870      2.1         6    0.769      3.8         1.8
      6     1993     355     1780     -0.5       2.8    0.666      3.6         3.1
      6     1993     356      770      0.3       5.1    0.732      5.8          10
      6     1993     357     1460      1.1       5.3    0.727      5.7         3.2
      6     1993     358      580      1.7       3.4    0.732      4.6         3.7
      6     1993     359     3190     -3.1       3.5    0.578      3.3           0
      6     1993     360      290        1       2.8    0.694      4.7         3.5
      6     1993     361      760     -0.8       2.8    0.653      2.2         0.7
      6     1993     362      750     -2.9       1.4    0.592      2.6         0.1
      6     1993     363      740      1.1       7.3    0.809        6         6.5
      6     1993     364      320      3.7       7.4    0.875      5.7         8.2
      6     1993     365     1240      0.9       6.4    0.787      4.7         3.2
