* Country: Netherlands
* Station: Eelde
* Year: 1994
*  Source: Weather data and coordinates from
*  Eelde (KNMI)
*  Author: J. W. Steenhuizen PRI Wageningen
*  Longitude: 235.030 Amersfoortse coordinates
*  Latitude: 571.460
*  Elevation: 4.0 m.
*  Comments: For internal use only
*  Columns:
*  ========
*  station number
*  year
*  day
*  irradiation (kJ m-2 d-1)
*  minimum temperature (degrees Celsius)
*  maximum temperature (degrees Celsius)
*  vapour pressure (kPa) op basis %RH
*  mean wind speed (m s-1)
*  precipitation (mm d-1)
*--------------------------------------------------------------------------*
   6.35 53.08 4.0 0.00 0.00
      6    1994         1        2900      0.6       4.9     0.713     4.6      0.1
      6    1994         2         550      0.3       5.6     0.744     4.6      9.2
      6    1994         3         850      2.2       7.1     0.841     5.1      4.6
      6    1994         4        1040      4.6       7.3     0.837     7.7      1.4
      6    1994         5         760      3.1         7     0.839     6.2      5.1
      6    1994         6        1810      3.6       7.7     0.864     4.1      0.4
      6    1994         7        2330      3.8         8     0.843     6.2        0
      6    1994         8        1460      0.9       4.9     0.734     3.6        0
      6    1994         9        2830     -0.9       2.9     0.641     3.1        0
      6    1994        10        2370     -0.1       2.2     0.662     4.1        0
      6    1994        11        1000      0.9       5.1     0.754     3.6        0
      6    1994        12         460      4.6        12     1.027     7.7     10.3
      6    1994        13        2430      6.1      11.4     0.928    11.8      2.5
      6    1994        14         880      4.8       7.4     0.800     9.8      0.4
      6    1994        15         760      0.6       6.4     0.749     5.1      0.2
      6    1994        16        4330     -3.6       3.3     0.587     2.1        0
      6    1994        17        5300     -5.4       1.1     0.508     2.6        0
      6    1994        18        1320     -1.1       4.5     0.619     7.7      0.1
      6    1994        19         540      1.2         4     0.734     5.1      1.6
      6    1994        20        3870     -0.6       5.6     0.687     4.6        0
      6    1994        21         700      4.7       6.4     0.893     7.2      0.9
      6    1994        22        1290      2.6         8     0.853     5.7      2.4
      6    1994        23        2470      3.6       9.4     0.830     9.3     13.8
      6    1994        24        3060      0.3       6.7     0.682     6.7        0
      6    1994        25        1940      0.5      10.2     0.838     7.7     13.1
      6    1994        26        2800      2.9       6.2     0.747     7.2      2.2
      6    1994        27         740      3.3         9     0.830    11.8      8.7
      6    1994        28        3700      1.9       5.3     0.596    12.3      0.8
      6    1994        29        1710      1.3         8     0.768     6.2      0.4
      6    1994        30        4490      4.5       8.5     0.812    10.3      0.9
      6    1994        31        2040      2.3       6.4     0.745     5.7        0
      6    1994        32        1350      3.9       6.7     0.751     6.7      2.3
      6    1994        33        4810     -2.3       6.6     0.603     6.2        0
      6    1994        34        3830     -3.6       3.2     0.574     3.6      1.9
      6    1994        35        1620      1.5       3.8     0.701     4.1      0.7
      6    1994        36        1700      1.3       3.1     0.640     3.6      0.1
      6    1994        37        1580      1.3       3.7     0.687     1.5        0
      6    1994        38        4410      0.7       7.2     0.772     3.1      0.1
      6    1994        39        3830      0.3       7.1     0.759     2.1        0
      6    1994        40        1930      0.4       7.2     0.749     6.2      1.6
      6    1994        41        4340      0.8         7     0.708     6.2      2.1
      6    1994        42        2300     -0.9       3.9     0.624     3.6        0
      6    1994        43        5720     -1.1       2.2     0.549     4.6        0
      6    1994        44        7460     -7.8      -0.6     0.285     6.7        0
      6    1994        45        7020     -9.4      -2.4     0.207     7.2        0
      6    1994        46        6760       -7       1.3     0.263     7.2        0
      6    1994        47        8310     -6.7       2.7     0.358     3.1        0
      6    1994        48        7900     -8.5       2.1     0.349     2.1        0
      6    1994        49        8600     -8.8         2     0.309     2.6        0
      6    1994        50        7610    -10.3       0.7     0.335     2.6        0
      6    1994        51        4930    -10.4      -2.5     0.337     2.6        0
      6    1994        52        7020       -7      -0.3     0.393     3.1        0
      6    1994        53        4330    -11.5       0.4     0.362     1.5        0
      6    1994        54        8030    -10.9       3.1     0.395     2.1        0
      6    1994        55        3610     -3.8      -0.6     0.462     3.1      0.6
      6    1994        56        5180     -4.2       1.5     0.468     1.5        0
      6    1994        57        3860     -0.3       8.7     0.761     3.1      0.1
      6    1994        58        4060      2.1      12.1     0.940     2.6      9.1
      6    1994        59        4580      4.1       9.9     0.982     2.6      2.1
      6    1994        60        1130      1.6       6.5     0.824     2.6     13.8
      6    1994        61        1590      0.9       5.5     0.757     4.6      5.1
      6    1994        62        4740        1       7.7     0.777     6.2      5.3
      6    1994        63       10100      0.3       9.5     0.723     4.6        0
      6    1994        64        8060      3.3      12.2     0.800     5.7      1.1
      6    1994        65        8940      2.9       9.1     0.777     7.7        0
      6    1994        66        4330      6.3      11.8     1.034     8.2      4.4
      6    1994        67        2120      8.2      11.3     1.162     7.7      0.1
      6    1994        68        1490      5.8        10     1.041     6.7      4.1
      6    1994        69       11220      2.3       9.3     0.784     6.2        0
      6    1994        70       12570        1      10.9     0.730     4.1        0
      6    1994        71       10060        3       8.6     0.758     6.2      1.2
      6    1994        72        3920      4.4        10     0.840    12.9     14.7
      6    1994        73        3530      4.1        11     0.889    10.3      3.6
      6    1994        74        3130        3       7.3     0.811     5.1      2.3
      6    1994        75        7330        1       6.9     0.687     9.3      2.2
      6    1994        76        7230      0.4       6.5     0.680     9.3      5.9
      6    1994        77        6570      1.1       7.5     0.751     5.1     11.4
      6    1994        78       11840      0.4       7.9     0.681     9.3      3.8
      6    1994        79        9920     -0.1         6     0.665     5.7      3.2
      6    1994        80       10630     -0.4       6.9     0.671     3.1        2
      6    1994        81        2340     -0.8       7.4     0.732     5.1      1.8
      6    1994        82        1460      7.4      11.4     1.125    12.9      3.5
      6    1994        83       14300      6.1      10.7     0.824    11.3      4.6
      6    1994        84        2040      3.8       9.7     0.900     7.7     14.8
      6    1994        85       13330      2.2       8.2     0.737     7.7      3.3
      6    1994        86       12860      2.1       8.7     0.627     2.6        0
      6    1994        87        6390      2.8      10.9     0.840     6.2      6.9
      6    1994        88        9820        6      12.9     0.982     7.7      0.3
      6    1994        89       11390      5.6      17.2     1.087     4.6        0
      6    1994        90        9350      7.5      14.9     0.946     8.2        5
      6    1994        91        5770      5.9      11.3     0.962    10.8      6.7
      6    1994        92        9670      1.2       7.4     0.711     5.7      2.1
      6    1994        93       13650      0.4       9.8     0.716     5.1        0
      6    1994        94        4840      1.8       9.1     0.801     7.7     14.9
      6    1994        95       10020      1.2       7.2     0.738     5.7      3.8
      6    1994        96       13690      0.5       8.9     0.771     3.1      1.7
      6    1994        97       16330     -1.1      10.1     0.696     2.1        0
      6    1994        98        7820      2.3       9.9     0.782     3.6      0.6
      6    1994        99       10570      2.6         8     0.802     4.6      8.9
      6    1994       100       11020      2.6       9.9     0.817     4.1        0
      6    1994       101       17850      5.1      12.4     0.885     7.2        0
      6    1994       102       12220      5.1        12     0.927     5.7      0.1
      6    1994       103       14430      5.1      10.1     0.802    10.3        0
      6    1994       104        5690      4.3       7.8     0.797     6.7      2.5
      6    1994       105        3910      3.1       7.9     0.847     3.1      4.9
      6    1994       106       10230        2      10.4     0.914     4.6        0
      6    1994       107       10620      3.2       7.8     0.752     6.2        0
      6    1994       108       18190     -0.2       9.9     0.638     3.6        0
      6    1994       109        7550        0       8.4     0.714     2.1        0
      6    1994       110       15480      0.2      14.5     0.780     2.1        0
      6    1994       111       10460      2.2      13.4     0.853     3.1        0
      6    1994       112       19040      0.9      18.1     0.804     2.6        0
      6    1994       113       18020      6.3      23.5     1.112     3.6      0.2
      6    1994       114       15980      7.1      23.2     1.310     3.1      1.1
      6    1994       115        8850      3.7      15.5     1.072     3.1      1.7
      6    1994       116        4950      3.7      12.6     0.996     4.1      1.5
      6    1994       117        6190     10.6        16     1.400     4.6        0
      6    1994       118        6530      9.3      15.3     1.314     4.6        0
      6    1994       119       19420        8      20.8     1.360     2.6        0
      6    1994       120       19070      7.7      16.9     1.151     5.1        0
      6    1994       121        6780      5.7       8.4     0.717     5.1        0
      6    1994       122       20120      5.1      12.4     0.810     3.1        0
      6    1994       123       23420      4.3      20.3     0.837     4.6        0
      6    1994       124       13070      5.8      15.7     0.994     3.6      0.8
      6    1994       125       13490      6.2      14.6     0.996     3.6      0.1
      6    1994       126        4790      8.2      13.6     1.227     3.1      9.4
      6    1994       127       12230     10.8      19.9     1.509     3.1        0
      6    1994       128        7520      8.7      18.4     1.334     4.1      7.2
      6    1994       129        5690      7.8      10.5     1.052     4.1        0
      6    1994       130        7950      6.9      13.3     1.130     2.6        0
      6    1994       131       25220      3.5        22     1.043     3.1        0
      6    1994       132       25280     10.1      22.5     1.141     5.1        0
      6    1994       133       21720      9.4      20.6     1.314     4.6      0.7
      6    1994       134       23230     10.3      23.4     1.382     3.6        0
      6    1994       135        2710      8.7      15.5     1.351     4.6     50.3
      6    1994       136        8150      6.7      14.9     1.194     2.6        0
      6    1994       137        4340      6.9      14.1     1.244     2.6      8.6
      6    1994       138       14750      5.8      15.1     1.144     3.1      0.1
      6    1994       139       10370      5.5      15.5     1.159     3.1        0
      6    1994       140       16440      8.8      16.8     1.201     3.6        0
      6    1994       141        8040     10.1        17     1.422     3.1     15.6
      6    1994       142        8520     10.5      16.2     1.404     4.1      3.7
      6    1994       143       10170       10      15.1     1.280     4.1        0
      6    1994       144       17230      9.7      17.6     1.312     2.6        0
      6    1994       145        7750      8.1      15.7     1.281     2.6      0.5
      6    1994       146       10160      7.1      12.7     1.023     4.1        0
      6    1994       147       21490      5.3      15.9     1.021     4.1        0
      6    1994       148       19270      3.9      14.9     0.945     3.1        0
      6    1994       149       16820      2.5      13.8     0.852     4.1        0
      6    1994       150       18930      2.7      13.9     0.839     3.1        0
      6    1994       151       23640        4      17.7     0.975     5.1        0
      6    1994       152       27570      7.6      23.9     1.104     3.1        0
      6    1994       153        7350     12.1        21     1.572     4.6      3.7
      6    1994       154       12250     10.2      17.5     1.374     5.7      6.2
      6    1994       155       12670      8.6      14.8     1.226     5.1      8.6
      6    1994       156       19560      6.2      14.8     1.038     5.1      1.7
      6    1994       157       12770      5.6      17.3     1.232     4.1        0
      6    1994       158        6230     13.1      16.6     1.575     5.1      3.7
      6    1994       159        9160      6.5      16.1     1.220     3.1      7.3
      6    1994       160       20680      4.4      15.7     1.044     4.6      2.4
      6    1994       161       15230      8.2      14.1     1.158     5.7      6.4
      6    1994       162       25770      7.5      17.4     1.175     4.1      2.5
      6    1994       163       22320        5      16.9     1.119     2.6        0
      6    1994       164       25200        6      18.8     1.199     2.6        0
      6    1994       165       22260      6.4      21.6     1.341     3.6        0
      6    1994       166       16250      5.2      17.4     1.054     4.6        0
      6    1994       167       10020      7.6      13.8     1.138     4.1      1.8
      6    1994       168       22700      5.3      16.1     0.941     2.6        0
      6    1994       169        8600     11.7      17.5     1.393     5.1        0
      6    1994       170        8740       12      17.8     1.451     5.1        0
      6    1994       171       12060     13.3      21.3     1.684     3.1        0
      6    1994       172        9660     13.3      19.3     1.601     6.7      6.1
      6    1994       173       13530      7.9      18.3     1.210     7.2      0.7
      6    1994       174       27440        7      17.9     1.051     3.6        0
      6    1994       175       29230      6.6      23.7     1.113     3.1        0
      6    1994       176       21810     12.8      28.9     1.761     3.6      0.1
      6    1994       177       18220     13.8      24.1     1.821     3.6        0
      6    1994       178       24060     12.7      23.6     1.655     3.1        0
      6    1994       179       24140     13.1      28.8     1.866     2.1        0
      6    1994       180       15640      9.5      24.1     1.633     3.6      2.8
      6    1994       181       25890      8.1      21.9     1.265     2.6        0
      6    1994       182       29160      9.8      22.4     1.424     4.1        0
      6    1994       183       25800     13.2      27.8     1.701     3.1        0
      6    1994       184       25090     16.7      31.9     2.218     2.1        0
      6    1994       185       13110       17        30     2.531     2.6     16.9
      6    1994       186       16180     11.6      22.3     1.648     3.6        0
      6    1994       187       24340      9.9      23.3     1.487     2.1        0
      6    1994       188        8160     12.5      17.3     1.580     3.1     32.5
      6    1994       189       16270     12.4      21.1     1.664     2.6      2.9
      6    1994       190       17350     10.2      21.5     1.505     1.5        0
      6    1994       191       25010     11.8      24.8     1.650     2.6        0
      6    1994       192       25740     13.4      27.9     1.786     1.5        0
      6    1994       193       26670     16.3      30.2     1.895     2.6        0
      6    1994       194       24560     17.1      31.4     2.125     2.1        0
      6    1994       195       13530     17.5      23.9     2.071     3.1     12.1
      6    1994       196       24570     14.7      24.4     1.759     2.6        0
      6    1994       197       18450     13.3        23     1.714     2.6        0
      6    1994       198       24450      9.9      21.6     1.394     4.1        0
      6    1994       199       24840      8.5      21.7     1.322     3.6        0
      6    1994       200       27200     14.6      24.6     1.525     4.1        0
      6    1994       201       25960       13      25.6     1.540     3.1        0
      6    1994       202       25570     13.7      28.7     1.750     2.1        0
      6    1994       203       22810     15.4        30     1.913     2.1        0
      6    1994       204       25060     16.3      26.4     2.081     4.6        0
      6    1994       205       22150     17.4      33.1     2.069     2.6        0
      6    1994       206       19030     16.5      31.5     2.151     2.6        7
      6    1994       207       24020     16.2      27.2     2.075     3.1        0
      6    1994       208       16910     19.3        29     2.515     2.1        0
      6    1994       209       17220     17.9      27.4     2.380     4.1      5.5
      6    1994       210       15870     14.8        23     1.836     3.6        0
      6    1994       211       22220     15.3      29.3     2.177     2.1        0
      6    1994       212       22520     18.4        33     2.407     2.6        7
      6    1994       213       16020     17.6      27.3     2.378     3.1      4.6
      6    1994       214       22610     14.2      24.1     1.759     3.6        0
      6    1994       215       21800     15.7      28.7     1.934     2.1        0
      6    1994       216       21650     16.6      33.7     2.210     2.1        0
      6    1994       217       16630     16.8      27.7     2.170     3.1        0
      6    1994       218       22430     13.6      24.3     1.717     3.1        0
      6    1994       219       11330      9.5      21.6     1.477     2.6        0
      6    1994       220       21340      9.2      23.3     1.473     3.1        0
      6    1994       221       16990       10      22.8     1.468     3.1        0
      6    1994       222       14730     12.1        25     1.696     3.6        0
      6    1994       223       10970       15        23     1.889     3.6        0
      6    1994       224        5180     14.8      18.5     1.835     6.7     14.4
      6    1994       225       16220     10.1      18.4     1.254     6.7      1.5
      6    1994       226       14870      8.3      17.3     1.187     5.7      3.3
      6    1994       227       19090      6.7      19.4     1.149     3.6        0
      6    1994       228       21000      5.3      21.9     1.219     1.5        0
      6    1994       229        8990      8.9      19.1     1.433     3.6      3.7
      6    1994       230       12530      8.9      19.1     1.387     5.7      0.3
      6    1994       231        6790        9      19.9     1.521     3.6      0.8
      6    1994       232       16810      9.3      20.9     1.404     3.6        0
      6    1994       233       15800       10      21.8     1.544     2.1        0
      6    1994       234       18270      8.4      22.5     1.418     3.6        0
      6    1994       235        8550     13.7      22.9     1.851     3.1        0
      6    1994       236       15430       13      21.4     1.674     3.1      4.4
      6    1994       237       13470     11.2        22     1.613     2.1        0
      6    1994       238       13290     12.7        22     1.746     4.1      2.6
      6    1994       239        6490     10.5      21.1     1.689     4.6      2.6
      6    1994       240       17140     11.1      18.6     1.350     6.2      1.5
      6    1994       241       13080      9.5      18.2     1.374     6.2      1.1
      6    1994       242       13760      9.2      19.4     1.398     2.1        0
      6    1994       243       14820     12.4      21.7     1.510     3.1      0.1
      6    1994       244       12110     14.2      21.6     1.786     4.1      4.9
      6    1994       245        8290     12.5      18.8     1.605     4.6      7.8
      6    1994       246       11810     11.9        20     1.653     3.1      0.2
      6    1994       247        6530     11.7      19.6     1.673     4.1        1
      6    1994       248       10970     11.2      18.9     1.465     5.1        5
      6    1994       249       11710      6.9      18.6     1.268     2.1      0.2
      6    1994       250        6550      6.3        16     1.259     2.6      0.2
      6    1994       251        9710     11.2      19.7     1.585     3.1      4.3
      6    1994       252        8950       10      16.3     1.344     5.7      4.9
      6    1994       253       14600      8.6      16.6     1.200     7.7      3.4
      6    1994       254       14110      8.4      17.2     1.258     5.1      1.8
      6    1994       255        6740     11.8        20     1.562     4.6      9.5
      6    1994       256        9220        7      18.8     1.294     4.6      0.4
      6    1994       257        7790      6.3      18.3     1.232     4.1      9.4
      6    1994       258        1570     11.2      13.7     1.382     7.2     50.1
      6    1994       259        5390      9.9      13.8     1.237     7.7      9.7
      6    1994       260        5450      9.4      15.5     1.299     5.1      1.5
      6    1994       261       11260      9.1      17.4     1.352     2.6      1.5
      6    1994       262        8910      9.1      16.4     1.254     2.1        0
      6    1994       263        9140      8.7      16.7     1.222     3.1        0
      6    1994       264       13090      8.1      16.7     1.281     4.1        0
      6    1994       265       13380      3.7        18     1.149     1.5        0
      6    1994       266       14050      4.3      18.5     1.138     3.1        0
      6    1994       267       11990      8.7      19.8     1.424     3.1      1.4
      6    1994       268        6760     12.2      18.5     1.576     2.1      2.4
      6    1994       269        7970     10.9      17.3     1.442     2.1        0
      6    1994       270        4300      4.9      15.1     1.135     4.6        1
      6    1994       271       12070      4.7      16.1     1.056     4.1        0
      6    1994       272        3160       12      15.5     1.350     5.1        0
      6    1994       273        5460       12      16.2     1.350     3.6        0
      6    1994       274        9420      8.4      14.7     1.097     3.1        1
      6    1994       275        5840      7.6      15.3     1.219     3.6      2.5
      6    1994       276        3220      2.2      12.6     0.890     5.1      6.5
      6    1994       277        8220      1.5      10.1     0.802     4.1      6.7
      6    1994       278        9710      1.9      11.6     0.844     3.6        5
      6    1994       279        5570      1.6      12.7     0.895     4.1        0
      6    1994       280        6760      3.3      13.6     0.889     4.1        0
      6    1994       281        7700      2.5      12.2     0.770     2.1        0
      6    1994       282        4150      5.5      14.4     1.119     1.5        0
      6    1994       283        6270      3.5        14     1.100       1        0
      6    1994       284        6370      3.2      12.1     1.034       1        0
      6    1994       285        4340      2.7      13.2     1.045       1        0
      6    1994       286        9740      1.1      16.8     1.049       1        0
      6    1994       287       10250      4.3      19.3     1.247     1.5        0
      6    1994       288        5130      0.7      13.8     0.979     1.5      0.1
      6    1994       289        3940        5      11.5     0.836     3.6        0
      6    1994       290        6850     -0.3      10.3     0.703     1.5        0
      6    1994       291        9640     -2.6      11.4     0.604     3.1        0
      6    1994       292        8890      0.2        10     0.590     4.6        0
      6    1994       293        7630      2.2       8.9     0.659     5.1        0
      6    1994       294        7640      2.8      11.4     0.796     3.1        0
      6    1994       295        3730      5.6      16.1     1.149     5.1      4.4
      6    1994       296        6090       10      16.1     1.278     5.7      1.8
      6    1994       297        3520      6.4      13.4     1.151     4.6      2.3
      6    1994       298        4570      6.5      13.2     1.100     5.1      0.6
      6    1994       299        2550      6.6       9.1     1.018     5.7     10.5
      6    1994       300        3050      5.2       8.9     0.966     5.1      4.2
      6    1994       301        4890      5.3      10.6     1.014     4.6     13.2
      6    1994       302        1930      4.1      10.6     0.985     5.1      8.9
      6    1994       303        1330        9      14.5     1.348     4.1     20.1
      6    1994       304        2120     10.9      14.5     1.334     9.8     15.4
      6    1994       305        3490      5.2      11.8     0.935     8.2      0.9
      6    1994       306        5870      2.5      12.4     0.923     2.6        0
      6    1994       307        5460      4.2        13     0.951     4.1        0
      6    1994       308        5000      5.9      13.8     1.043     3.6        0
      6    1994       309        4930      5.6      13.4     1.076     2.6        0
      6    1994       310        2810        4      13.2     1.090     2.1        0
      6    1994       311        2060      7.1      11.1     1.148       1      1.7
      6    1994       312        2650        8      10.5     1.137     1.5        0
      6    1994       313        1470      5.6       9.1     1.014     3.6        0
      6    1994       314         920      7.3       9.2     1.055     2.6      0.3
      6    1994       315        1250      4.5       8.4     0.929     3.1      2.4
      6    1994       316        1050      2.5       4.5     0.719     5.1      0.6
      6    1994       317         980      2.6      11.9     0.998     4.6        2
      6    1994       318         440     11.8      14.4     1.426    10.3       16
      6    1994       319        2670      9.5      13.4     1.129     9.8      0.1
      6    1994       320        3650      5.1        11     0.959     6.2      0.8
      6    1994       321        3070      4.9       9.9     0.949     5.7     10.7
      6    1994       322        1590        1       6.7     0.790     2.1      9.2
      6    1994       323         480      1.1        13     1.004     4.6      7.7
      6    1994       324         850      7.8        14     1.214     8.7      4.8
      6    1994       325        2710      0.7       9.8     0.884     3.1        0
      6    1994       326        2330      2.2       7.1     0.857     2.1        0
      6    1994       327         740      2.9      11.9     1.018     4.1        0
      6    1994       328        3550      4.9      12.1     1.030     5.1      0.4
      6    1994       329        2370      5.5      10.4     1.045     3.1      0.1
      6    1994       330         460        8      11.5     1.197     4.1      5.3
      6    1994       331         610      7.1       9.7     1.097     2.1        0
      6    1994       332        3100      2.8      11.1     0.979     2.6        0
      6    1994       333        2080      4.3       9.5     0.956     1.5        0
      6    1994       334        2180      2.7       9.3     0.893     2.6        0
      6    1994       335        2780      1.2       6.5     0.798     2.6        0
      6    1994       336        1430     -1.2       1.4     0.632     2.1        0
      6    1994       337        3020     -0.9      10.8     0.825     5.1      1.2
      6    1994       338         730      6.3      11.5     1.068     6.7      1.3
      6    1994       339        1420      5.4      10.1     0.951     7.2      1.8
      6    1994       340        2930      4.1       9.3     0.869     7.2      2.8
      6    1994       341        1340      3.5       9.1     0.847     7.2        1
      6    1994       342         270      5.1       9.5     0.962     8.2     16.3
      6    1994       343        3020      1.3       8.6     0.833     4.1      2.5
      6    1994       344         620        1      13.2     0.969     7.2        7
      6    1994       345        1040     11.3      13.2     1.283    10.8        0
      6    1994       346         950      9.6      12.9     1.204    10.8      1.6
      6    1994       347        1000      4.7       9.9     0.923     5.7      5.2
      6    1994       348        1850     -2.1       6.1     0.658     3.1      1.6
      6    1994       349        2360     -3.6         2     0.590     3.1        0
      6    1994       350        2130     -0.5       8.1     0.772     4.6      0.8
      6    1994       351        1150      0.6       4.6     0.741     4.6      0.2
      6    1994       352        1350      3.9       5.4     0.809     7.2        2
      6    1994       353        2050      2.8       6.3     0.819     5.1      1.6
      6    1994       354        2790        0       5.3     0.729     3.6      0.4
      6    1994       355        2450     -2.6       4.6     0.666     2.1      0.8
      6    1994       356        1320     -4.4      -0.1     0.540     1.5        0
      6    1994       357         790     -6.1      -0.7     0.499     1.5        0
      6    1994       358        3380     -8.8      -1.1     0.445     1.5        0
      6    1994       359         590     -5.6         0     0.515     5.1      2.2
      6    1994       360         740     -0.1         3     0.693     7.2      6.7
      6    1994       361         350      2.9       9.1     0.937     4.6     31.9
      6    1994       362         410      3.6        13     1.058     7.2      7.9
      6    1994       363         410      6.9      13.1     1.123     9.8     11.3
      6    1994       364        1630      5.6       7.6     0.873     9.3      3.9
      6    1994       365        1930      0.3       7.2     0.724     7.7      3.8
