* Country: Netherlands
* Station: Eelde
* Year: 1973
*  Source: Weather data and coordinates from
*  Eelde (KNMI)
*  Author: J. W. Steenhuizen PRI Wageningen
*  Longitude: 235.030 Amersfoortse coordinates
*  Latitude: 571.460
*  Elevation: 4.0 m.
*  Comments: For internal use only
*  Columns:
*  ========
*  station number
*  year
*  day
*  irradiation (kJ m-2 d-1)
*  minimum temperature (degrees Celsius)
*  maximum temperature (degrees Celsius)
*  vapour pressure (kPa)
*  mean wind speed (m s-1)
*  precipitation (mm d-1)
*--------------------------------------------------------------------------*
   6.35 53.08 4.0 0.00 0.00
       6       1973        1       3540       -7.9          1      0.420         2.5            0
       6       1973        2       1250       -4.4        2.8      0.580           3            0
       6       1973        3        600        2.1        4.3      0.770         2.5            0
       6       1973        4       2760       -2.7        6.9      0.640           1            0
       6       1973        5       1270       -3.6        4.5      0.610         1.5          0.4
       6       1973        6        830        2.5        4.6      0.800           2          0.9
       6       1973        7        440        2.4        5.8      0.750           1            0
       6       1973        8       1030        2.2        5.6      0.770         2.5          0.4
       6       1973        9       1320        2.2        5.1      0.790         2.5          0.9
       6       1973       10       1710        2.9        6.3      0.800         2.5            0
       6       1973       11       1650        1.1        4.3      0.710           2            0
       6       1973       12        570        1.1        3.2      0.640         1.5            0
       6       1973       13       2270       -1.9        2.7      0.560           3            0
       6       1973       14       1400       -2.6        4.3      0.630           3            0
       6       1973       15       1860        2.3        8.7      0.760           5            0
       6       1973       16       1380       -3.5        5.4      0.710           3          0.1
       6       1973       17       2060       -3.9        3.8      0.630         2.5            0
       6       1973       18       1190        0.6          3      0.630         3.5            0
       6       1973       19       2740       -1.7        2.5      0.560           3            0
       6       1973       20       1160       -1.9        2.5      0.540           5          1.2
       6       1973       21       1300        0.3        4.7      0.680         4.5          0.8
       6       1973       22        840       -0.9        4.9      0.680           6          8.2
       6       1973       23       2760       -1.2        5.4      0.670           3          0.1
       6       1973       24       2920          1        5.2      0.680         3.5            0
       6       1973       25       4250       -1.3        3.6      0.540         4.5            0
       6       1973       26        690        2.4        6.7      0.810           6          4.9
       6       1973       27       1450        3.4          7      0.830         7.5          4.1
       6       1973       28       3410        1.1        6.8      0.690         4.5            0
       6       1973       29       1650        4.2        8.2      0.920         5.5          0.3
       6       1973       30       1720        5.9        7.5      0.940         3.5          0.4
       6       1973       31       4110       -0.3        7.2      0.750           3          2.5
       6       1973       32       2230       -1.6        4.2      0.670         2.5          0.1
       6       1973       33       3250       -2.1        6.5      0.650           2          0.2
       6       1973       34       1230       -0.1        3.5      0.720         4.5            0
       6       1973       35       1710       -2.3        0.8      0.580         4.5            0
       6       1973       36       1510       -3.3        4.5      0.640           5          0.3
       6       1973       37       1030        2.5        8.5      0.860         8.5          0.1
       6       1973       38       1690        6.3        9.4      0.940           9          0.1
       6       1973       39       1020        6.2        7.6      0.950           9         10.3
       6       1973       40       3090        1.6        7.1      0.780         7.5          7.3
       6       1973       41       2730       -0.3          4      0.650           5          3.8
       6       1973       42       6670       -0.3        7.1      0.650         4.5          1.4
       6       1973       43        800        0.9        7.3      0.790           9         22.6
       6       1973       44       3370       -1.2        2.7      0.580         8.5          2.3
       6       1973       45       5010       -0.6          4      0.540         6.5          0.5
       6       1973       46       7620         -2        6.6      0.510         3.5            0
       6       1973       47       5700       -2.3          5      0.560         2.5            0
       6       1973       48       2790       -2.1        3.1      0.620           4            8
       6       1973       49       1290        1.6          4      0.670         5.5          8.2
       6       1973       50       2090       -0.2        7.1      0.770         1.5          0.3
       6       1973       51       1700        3.8        8.3      0.950         4.5          0.1
       6       1973       52       1380        2.4        8.4      0.870           7            0
       6       1973       53       4610       -0.2        7.3      0.700         7.5            3
       6       1973       54       5880       -0.4        4.4      0.600           6         10.4
       6       1973       55       4520       -5.2        3.4      0.560           3          3.5
       6       1973       56       9190       -3.8        5.2      0.540           2            0
       6       1973       57       8850       -2.8        5.2      0.500         2.5            0
       6       1973       58       9390       -5.2        5.9      0.500           2          0.2
       6       1973       59       3280       -4.8        4.4      0.660           5          0.4
       6       1973       60       4900       -0.4        7.4      0.670         5.5          0.5
       6       1973       61       8020        0.4          8      0.720         6.5          2.1
       6       1973       62       1940        0.2          7      0.850         4.5          2.8
       6       1973       63       2390          5        8.8      0.950           5          0.3
       6       1973       64       1600        5.7        7.1      0.930         2.5          1.3
       6       1973       65       7840        1.2        8.6      0.750         5.5         10.7
       6       1973       66      10590        0.1        7.5      0.650         4.5          0.5
       6       1973       67       6250        2.5        9.8      0.820         5.5            0
       6       1973       68       8300       -2.2        8.3      0.720           3          0.1
       6       1973       69      11990       -5.3          8      0.580           2            0
       6       1973       70       5000        1.6          8      0.720         3.5          0.8
       6       1973       71       9280        0.7        6.1      0.600         4.5            0
       6       1973       72      10220       -1.7          6      0.550         2.5            0
       6       1973       73      11180       -2.2        7.5      0.620         3.5            0
       6       1973       74      13110       -0.4       10.6      0.680           3            0
       6       1973       75       9620       -5.1        8.3      0.610           2            0
       6       1973       76       6190        2.9         10      0.880         5.5          1.2
       6       1973       77       9780        3.2        8.7      0.750         7.5          0.3
       6       1973       78       6880        2.7        7.8      0.660           5          0.1
       6       1973       79       4960        4.4        9.2      0.820         4.5            0
       6       1973       80      12300        2.7       11.9      0.760           2            0
       6       1973       81      12930       -0.3       13.1      0.730         3.5            0
       6       1973       82      13870       -1.4       15.2      0.690         2.5            0
       6       1973       83      13850       -1.5       18.6      0.680         3.5            0
       6       1973       84       6420        2.5       11.3      0.880         3.5          0.1
       6       1973       85       9360       -0.4       11.3      0.790         2.5          0.1
       6       1973       86       2830       -0.6        8.2      0.840           3          7.1
       6       1973       87       5570        2.6       10.2      0.840           3          0.1
       6       1973       88       9700        1.7        9.7      0.810           3          0.2
       6       1973       89      15830       -2.8       12.5      0.720           3          0.3
       6       1973       90      16870       -1.4         11      0.640         4.5            0
       6       1973       91       7310        2.6        9.3      0.740         8.5          0.7
       6       1973       92       2410        1.6        8.3      0.790           9         17.4
       6       1973       93      16930       -0.8        6.7      0.550        10.5          0.9
       6       1973       94       6630       -4.5          7      0.630         7.5          1.3
       6       1973       95       7760        4.1       10.8      0.870           8          7.3
       6       1973       96      11530        1.6        9.6      0.710         8.5          2.2
       6       1973       97       9250        0.8        7.7      0.670         8.5          1.8
       6       1973       98      14610        0.2        7.9      0.590           5          0.2
       6       1973       99       9200        0.4        6.3      0.510           4          0.2
       6       1973      100      19500          0        7.7      0.530           5            0
       6       1973      101      16960        0.4        7.9      0.580           9          2.9
       6       1973      102      10240       -1.4          6      0.580           5            8
       6       1973      103      14800       -2.5        8.7      0.600           3          2.1
       6       1973      104      13080       -3.1        9.9      0.710         3.5          1.4
       6       1973      105      12490        4.8       10.6      0.870         5.5          0.4
       6       1973      106       9420        4.3       11.3      0.960         4.5          0.3
       6       1973      107       9940        4.6        8.5      0.780           8          0.7
       6       1973      108      14150        2.9        8.8      0.670         8.5          1.8
       6       1973      109      14040        0.4        8.7      0.700         6.5          1.9
       6       1973      110      17800       -0.5        9.1      0.650         3.5          3.3
       6       1973      111      10660       -1.5        8.6      0.710         2.5          0.6
       6       1973      112      13220         -3       10.6      0.720         2.5            0
       6       1973      113      15270        4.4       13.9      0.850           4            0
       6       1973      114      13960          4       11.7      0.820           6            0
       6       1973      115      22040        1.6       12.8      0.710         3.5            0
       6       1973      116      10910        2.7       10.5      0.780           3            0
       6       1973      117      19230       -0.9       13.9      0.810           4            0
       6       1973      118      12760         -1       12.1      0.780           2            0
       6       1973      119       8480        1.9         12      0.860         2.5          1.2
       6       1973      120      13020       -2.5       14.4      1.000           5          8.8
       6       1973      121       5480          5       14.8      1.070         5.5          3.3
       6       1973      122      15490       -1.2       12.3      0.810         3.5            0
       6       1973      123       8230        7.4       14.9      1.150         4.5            0
       6       1973      124      12660        6.9       17.5      1.260           5          8.4
       6       1973      125      12080        8.6       20.8      1.340           7         11.2
       6       1973      126      11350        9.5         14      1.120           8          0.8
       6       1973      127       8640        1.6       12.8      1.060         3.5          1.5
       6       1973      128      17130        0.2       13.3      0.920         3.5          0.5
       6       1973      129      11480        1.2       14.5      1.060           4          0.2
       6       1973      130       9980        3.8       11.1      1.000           7          3.9
       6       1973      131      21680        2.8       12.1      0.800           6          3.5
       6       1973      132      15210        2.8       14.1      0.970         5.5            0
       6       1973      133      13700          7       13.3      1.040           8          1.8
       6       1973      134      18020        1.2       12.5      0.870           3          0.3
       6       1973      135      26640       -1.8       12.5      0.750           4            0
       6       1973      136      25220         -1       12.6      0.810         3.5            0
       6       1973      137      27710        4.9       16.8      0.830           5            0
       6       1973      138      20300        5.9       19.5      0.910         3.5            0
       6       1973      139      21730        6.1       21.1      1.070         4.5            0
       6       1973      140      12180        6.7       19.5      1.360           3            0
       6       1973      141      20900        4.9       23.6      1.390         2.5          8.6
       6       1973      142      16590        9.9         20      1.480         3.5            0
       6       1973      143      10230        9.5       16.8      1.370           4          2.4
       6       1973      144       6560        9.9       14.3      1.280           5          0.3
       6       1973      145      10190        8.8       14.9      1.210         3.5            0
       6       1973      146      17640        8.2       15.9      1.240         2.5            0
       6       1973      147      26700        6.2       21.4      1.240         3.5            0
       6       1973      148      27280        8.4       22.8      1.180         4.5            0
       6       1973      149       9480        9.3       17.4      1.410           3          2.7
       6       1973      150      11710        8.4         18      1.450           4          3.7
       6       1973      151       7820       12.1       18.2      1.580           3          1.3
       6       1973      152       8550        9.8         14      1.330           3          1.4
       6       1973      153       3630        5.6       16.1      1.210           5         13.4
       6       1973      154      11460        5.8       16.5      1.230         3.5          0.5
       6       1973      155      22940        6.1       18.9      1.180           4            0
       6       1973      156      23250        2.9       15.5      1.000         3.5            0
       6       1973      157      28730        1.2       17.8      1.050         2.5            0
       6       1973      158       8560        5.7       16.1      1.360           4            0
       6       1973      159      18260        7.5         19      1.350         3.5            0
       6       1973      160      11150        6.8       21.4      1.510         3.5            0
       6       1973      161       5310        7.5       15.5      1.430           5          0.2
       6       1973      162      13750        6.8       17.9      1.220         4.5            0
       6       1973      163      25360        7.1       23.6      1.410           5            0
       6       1973      164      14210        3.7       18.8      1.240         6.5            0
       6       1973      165      22750          3       16.5      0.950           5            0
       6       1973      166      19970        4.7       19.3      1.150           4            0
       6       1973      167      25460       10.8       21.3      1.370         2.5            0
       6       1973      168      13010        8.9       23.1      1.490           3            0
       6       1973      169      24780        9.5         21      1.420         4.5            0
       6       1973      170      24870        6.6       25.7      1.450         3.5            0
       6       1973      171      22470         12       25.4      1.430         5.5            0
       6       1973      172      27850       11.1         22      1.390         5.5            0
       6       1973      173      26420       11.1       22.8      1.410         5.5            0
       6       1973      174      26340       11.1       23.8      1.510         6.5            0
       6       1973      175      27970       12.4       23.4      1.540         5.5            0
       6       1973      176      24420       11.1       23.7      1.590         3.5            0
       6       1973      177      20220       12.2         29      1.900         2.5            0
       6       1973      178      22410       16.6       30.1      1.950           4         14.7
       6       1973      179      12460       16.1       23.7      1.940         5.5          2.6
       6       1973      180      21310       11.5         23      1.630           6            0
       6       1973      181      24390       10.7       24.1      1.610           3            0
       6       1973      182      24610         11       28.7      1.790         2.5            0
       6       1973      183      24060       15.7         32      2.030           3            0
       6       1973      184      23510       14.2       25.1      1.820           4            0
       6       1973      185      24630       13.2       26.4      1.710         3.5            0
       6       1973      186      22590       13.9       30.5      1.950         3.5            0
       6       1973      187      15970       17.3       29.6      2.090         3.5          1.3
       6       1973      188      13630       15.1       21.5      1.810         5.5            0
       6       1973      189      22810        7.9       19.9      1.230           5            0
       6       1973      190      21880        6.3       19.9      1.180         3.5            0
       6       1973      191      14100        9.1       22.1      1.380           4            0
       6       1973      192       4360         14       18.5      1.750           3         12.8
       6       1973      193       8850       14.1       18.5      1.610         4.5          0.8
       6       1973      194      12270       11.3       18.8      1.560         2.5            0
       6       1973      195      22490       10.9       23.6      1.620           4            0
       6       1973      196      10720       15.4       23.8      1.870           5         24.2
       6       1973      197      15400       13.9       22.5      1.660         3.5          4.9
       6       1973      198      16640       11.9       19.5      1.530         4.5         11.9
       6       1973      199      12470       11.6       18.8      1.460           5          0.9
       6       1973      200      12800       12.1         20      1.600           6          1.1
       6       1973      201      13990       11.3       19.4      1.510           6          0.4
       6       1973      202      14270       12.1       18.6      1.530         5.5         11.8
       6       1973      203      11150       11.4       18.4      1.510           6          1.4
       6       1973      204       9620       11.1       15.4      1.340           6          0.5
       6       1973      205      19270        8.4       18.7      1.320           6          0.1
       6       1973      206      12200        7.7       17.5      1.490         5.5          3.5
       6       1973      207       8240       12.9         16      1.570           7          0.8
       6       1973      208      10820       10.3       18.6      1.520         5.5          3.9
       6       1973      209      22890       10.6       23.1      1.870           4            0
       6       1973      210      13530         14       18.6      1.650           5            0
       6       1973      211      14020       12.4         19      1.550         3.5            0
       6       1973      212       7080       11.9       18.5      1.630           2            0
       6       1973      213      20350         12       25.9      1.830           3            0
       6       1973      214      18610       12.8       26.5      1.900         2.5            0
       6       1973      215      19850       11.3       23.6      1.790         3.5          0.7
       6       1973      216      17470       12.4       19.5      1.540         4.5          2.5
       6       1973      217       6760       12.2       19.8      1.740         7.5         11.9
       6       1973      218      20720       14.4       27.3      1.880         7.5          0.8
       6       1973      219      15860        9.7       19.8      1.420         7.5          5.9
       6       1973      220      17170          9       17.9      1.280           5          2.2
       6       1973      221      16070        8.8       20.6      1.400           4            0
       6       1973      222      19450       11.4       22.6      1.650         3.5            0
       6       1973      223      22440         10       22.2      1.540           3            0
       6       1973      224      23320       10.7       21.5      1.350         3.5            0
       6       1973      225      23000          9         24      1.460         3.5            0
       6       1973      226      22290       12.3         27      1.550           4            0
       6       1973      227      22130       12.2       27.6      1.520           4            0
       6       1973      228      20620       12.2       30.1      1.580           3            0
       6       1973      229      14650       12.1         27      1.800           3            0
       6       1973      230      20990       11.4       21.4      1.490           3            0
       6       1973      231      10660       11.4         21      1.530         1.5            0
       6       1973      232       5880       13.4       18.5      1.590           2          1.2
       6       1973      233      19290          7       18.1      1.050         3.5            0
       6       1973      234      18940        6.1       18.8      1.040         2.5            0
       6       1973      235      20330          6       20.5      1.200         3.5            0
       6       1973      236      17330        7.2       20.5      1.260         2.5            0
       6       1973      237      12110        7.8       20.1      1.370         2.5            0
       6       1973      238      20590        3.5       21.6      1.230         1.5            0
       6       1973      239      18410        5.8       25.8      1.530         2.5            0
       6       1973      240      12110       12.8       20.6      1.700         4.5            0
       6       1973      241      11600        8.8       20.8      1.540           2          5.1
       6       1973      242      10560        9.5       19.3      1.550           4          4.8
       6       1973      243      11760        7.1       17.6      1.320         4.5          1.7
       6       1973      244       8300       13.7       19.9      1.770         7.5          2.8
       6       1973      245      12180         13       19.3      1.530         4.5          1.3
       6       1973      246       3520         13         19      1.880           5          4.2
       6       1973      247      15330       13.3       23.2      1.930         3.5            0
       6       1973      248      15150        9.4       26.5      1.790         1.5            0
       6       1973      249       5810       13.3       20.4      1.890         2.5            0
       6       1973      250      15330       12.7       23.3      1.780           4            0
       6       1973      251      12830       14.3       23.8      1.730           2            0
       6       1973      252      11280       13.2         22      1.760           4            0
       6       1973      253      12790        8.3       17.4      1.120           4            0
       6       1973      254       9640        4.3       16.9      1.120           3            0
       6       1973      255       6110        4.4       16.8      1.210           3            0
       6       1973      256      14420        8.6       20.8      1.260         2.5            0
       6       1973      257      16620        4.4       20.3      1.080           3            0
       6       1973      258      15760        6.6       22.9      1.280         3.5            0
       6       1973      259      10170        7.8       20.9      1.540           3          1.8
       6       1973      260      10210       10.4       24.9      1.700           3          2.2
       6       1973      261      10480       11.4       21.6      1.400         3.5            0
       6       1973      262       4180       13.4         17      1.500           6          6.4
       6       1973      263      11990       11.6       18.7      1.330           4            0
       6       1973      264       1690       10.8       15.1      1.330         4.5          8.8
       6       1973      265      10280        7.2       15.7      1.160           6          1.7
       6       1973      266       9160        4.4       17.3      1.040           2            0
       6       1973      267       8690        1.7       13.8      0.980         2.5          0.1
       6       1973      268       6940        9.1         16      1.240         4.5          0.2
       6       1973      269       6790        6.2       16.7      1.220         1.5          1.5
       6       1973      270       3550       10.3       16.3      1.280           3          4.3
       6       1973      271       9960       10.8       17.1      1.270         8.5          7.8
       6       1973      272       3370        7.1       12.5      1.080         5.5         20.8
       6       1973      273       2680        7.2       12.4      1.090         3.5          6.5
       6       1973      274      12530        2.6       15.3      0.960           2            0
       6       1973      275       7000        2.5       14.9      1.150           2          0.3
       6       1973      276       4170       11.1       15.3      1.360         3.5          0.5
       6       1973      277       9160          9       16.5      1.270           4            0
       6       1973      278       9500        5.2       20.8      1.210           1            0
       6       1973      279       4850        5.3       14.6      1.200           2            0
       6       1973      280       1690       11.2         14      1.360           2            0
       6       1973      281       2730       11.1       14.2      1.280         3.5            0
       6       1973      282       1330        9.2       14.5      1.250         7.5          4.3
       6       1973      283       1610        6.6       11.1      1.110           4         14.1
       6       1973      284       7080          1       11.3      0.840           2          3.7
       6       1973      285      10350       -1.7        9.8      0.590           2            0
       6       1973      286       5940       -0.8        7.7      0.610         3.5            0
       6       1973      287       7040       -0.8        8.2      0.730         2.5          1.2
       6       1973      288       4550        3.1       10.9      0.960         1.5          0.6
       6       1973      289        840        4.5        7.9      0.890           5          2.9
       6       1973      290       6560       -0.5        9.9      0.730           5          3.4
       6       1973      291       6210        0.6        9.1      0.690         7.5         11.7
       6       1973      292       1300        2.1        9.3      0.930         6.5         27.1
       6       1973      293       7700        1.2       10.6      0.870           4          6.5
       6       1973      294       2680        1.2       11.7      0.960         6.5          7.9
       6       1973      295       5680        0.4       10.7      0.860           4          8.8
       6       1973      296       6190        5.3         13      0.980           7          4.6
       6       1973      297       3770        1.5        8.6      0.850         2.5          0.1
       6       1973      298       5660        6.4       12.5      1.050           4            0
       6       1973      299       2120        4.9         11      1.060         1.5            0
       6       1973      300       7490        2.3         13      0.860           3            0
       6       1973      301       5870        0.1       10.2      0.780           3            0
       6       1973      302       5030        3.5       12.2      0.890         3.5            0
       6       1973      303       1380        7.6       11.6      1.110           4          0.5
       6       1973      304       4260        4.4       11.8      0.950         3.5            0
       6       1973      305       6530        0.9        9.3      0.660         4.5            0
       6       1973      306       4630       -0.8       10.6      0.810         1.5            0
       6       1973      307       4180        3.2         12      0.920           2            0
       6       1973      308       4900        0.8       11.4      0.920           3          0.2
       6       1973      309       2690        3.1       14.2      1.040         6.5         11.7
       6       1973      310       3300          3        8.6      0.740           7          9.3
       6       1973      311       1470        5.2        8.6      0.850           7          1.2
       6       1973      312       2600          8         12      1.170           7            0
       6       1973      313       1120        9.6       10.9      1.160         9.5          1.6
       6       1973      314        660          9       10.8      1.160         9.5          6.1
       6       1973      315       4230        4.7        9.9      0.820           8          3.9
       6       1973      316       1480        1.1       10.9      0.890          10         11.5
       6       1973      317       3810        2.8        9.5      0.790        10.5            8
       6       1973      318       3740        1.9        7.4      0.750           5          3.2
       6       1973      319       3730        3.1        8.9      0.720         8.5          2.5
       6       1973      320       3000        2.7        7.4      0.680         8.5          4.1
       6       1973      321       2500       -0.3        5.8      0.630         5.5            0
       6       1973      322       3230        0.4        5.1      0.630         4.5            0
       6       1973      323       3060        1.6        9.4      0.750        11.5          1.6
       6       1973      324       4290        1.3          9      0.720           6          0.7
       6       1973      325       3690        0.4        7.9      0.740           3            0
       6       1973      326       3860       -0.3        7.2      0.670         4.5            0
       6       1973      327       3230        2.4       10.5      0.890         5.5            0
       6       1973      328        810        3.5       10.6      0.970          13          5.3
       6       1973      329       2920        0.4        4.8      0.610         7.5          7.4
       6       1973      330       1110       -0.3        2.7      0.610         4.5          8.5
       6       1973      331       1970       -3.7        2.4      0.530           5          7.1
       6       1973      332       4670       -5.1        1.1      0.560           5          2.2
       6       1973      333       3810       -5.7        1.1      0.510         4.5          3.3
       6       1973      334       1790      -13.6       -0.3      0.440         1.5          0.9
       6       1973      335       1770        -14       -2.5      0.290         1.5            0
       6       1973      336       2280      -13.6       -1.3      0.360           4            0
       6       1973      337        780       -1.9        6.7      0.690           9          7.9
       6       1973      338       2080        5.2        8.6      0.900           8          1.5
       6       1973      339       1290        2.6        7.3      0.870         4.5          0.9
       6       1973      340       2670        3.5        8.1      0.770          12          2.8
       6       1973      341       2160        0.3        5.4      0.670         7.5          7.1
       6       1973      342        630       -0.1        6.8      0.650           7         12.9
       6       1973      343       3430       -3.4        2.9      0.470         2.5            0
       6       1973      344       3420       -3.9       -0.2      0.450         6.5            0
       6       1973      345        380       -2.1          3      0.640         7.5            3
       6       1973      346       2830        1.8        5.9      0.760           8            3
       6       1973      347       1740        1.7        6.7      0.770          10          5.7
       6       1973      348        770        0.1        3.9      0.590           9         10.6
       6       1973      349       2890        0.1        2.9      0.590           6          1.5
       6       1973      350        250        0.7        6.7      0.770          10         12.5
       6       1973      351       1420        0.4        4.9      0.660        10.5            3
       6       1973      352       2830       -1.4        3.8      0.610         4.5          0.1
       6       1973      353       2750       -1.6        2.3      0.580         4.5            0
       6       1973      354       1690       -0.3        5.5      0.560         4.5            0
       6       1973      355       1820       -1.5        2.9      0.590           3            0
       6       1973      356        680        2.9        6.4      0.830         4.5          0.9
       6       1973      357       1600        1.3        5.8      0.750           3          0.5
       6       1973      358        590        3.7        5.1      0.810           3          2.9
       6       1973      359        670        1.8        5.1      0.700           3            0
       6       1973      360        520        0.5        5.7      0.790         4.5          0.5
       6       1973      361        670        5.6          8      0.990         6.5          0.4
       6       1973      362        470        7.1        7.9      1.020         5.5            1
       6       1973      363        630        1.5        7.2      0.850           6            0
       6       1973      364        920       -0.8        2.7      0.630           5          0.2
       6       1973      365       3620       -3.3        5.3      0.590           3            0
