* Country: Netherlands
* Station: Eelde
* Year: 1987
*  Source: Weather data and coordinates from
*  Eelde (KNMI)
*  Author: J. W. Steenhuizen PRI Wageningen
*  Longitude: 235.030 Amersfoortse coordinates
*  Latitude: 571.460
*  Elevation: 4.0 m.
*  Comments: For internal use only
*  Columns:
*  ========
*  station number
*  year
*  day
*  irradiation (kJ m-2 d-1)
*  minimum temperature (degrees Celsius)
*  maximum temperature (degrees Celsius)
*  vapour pressure (kPa)
*  mean wind speed (m s-1)
*  precipitation (mm d-1)
*--------------------------------------------------------------------------*
   6.35 53.08 4.0 0.00 0.00
         6    1987       1        540      0.2       5.4    0.650       4.5      10.8
         6    1987       2       1000     -4.7       0.4    0.470       5.5       5.2
         6    1987       3       2740       -8       2.5    0.490         3       1.3
         6    1987       4       1240     -4.4         4    0.590         6       7.6
         6    1987       5       2070      1.8       5.8    0.690         8       7.2
         6    1987       6       1550     -2.6       3.4    0.510         5       1.7
         6    1987       7       1630     -7.8      -2.6    0.370         2         0
         6    1987       8       1110     -5.3       3.2    0.550         6       1.8
         6    1987       9       1110     -8.9       3.1    0.460       5.5       2.1
         6    1987      10       3650     -9.9      -7.9    0.240       7.5         0
         6    1987      11       3610    -14.4      -9.6    0.180         6         0
         6    1987      12       4190    -11.8        -8    0.230       6.5         0
         6    1987      13       2630    -15.4      -7.1    0.240       6.5         0
         6    1987      14       3030    -17.1      -9.3    0.140       7.5         0
         6    1987      15       3440    -11.1      -5.4    0.220       9.5         0
         6    1987      16       3040     -9.4      -4.6    0.270       6.5         0
         6    1987      17       1290    -10.3      -7.1    0.260         3         0
         6    1987      18       1300    -12.9      -6.8    0.280       3.5         0
         6    1987      19       2420    -11.1      -7.8    0.250       1.5         0
         6    1987      20        990    -11.7      -4.6    0.350       1.5         0
         6    1987      21        680     -4.7       0.2    0.540         2       0.4
         6    1987      22       1090        0         3    0.650         2       0.4
         6    1987      23        750      2.4       4.9    0.790         5       2.6
         6    1987      24       1040     -0.2       2.4    0.630         3       0.1
         6    1987      25       1450      1.4       4.6    0.720         7         1
         6    1987      26       3160       -2       3.4    0.580       4.5       0.8
         6    1987      27       3930     -3.4       2.5    0.570       4.5       0.1
         6    1987      28       5300     -4.8         3    0.540       5.5       0.8
         6    1987      29       4270      -13      -0.8    0.300       2.5       1.2
         6    1987      30       7410    -15.2      -4.3    0.210         2         0
         6    1987      31       6330    -12.1       0.1    0.230       1.5         0
         6    1987      32       6920    -13.2      -0.2    0.270       1.5         0
         6    1987      33       5760    -10.2       0.6    0.290       2.5         0
         6    1987      34       1920     -7.1       1.5    0.480       2.5         0
         6    1987      35       1640      0.5       2.4    0.670       2.5         0
         6    1987      36       1970      1.5       5.3    0.760       6.5       0.4
         6    1987      37        780        4       7.8    0.850        11       3.6
         6    1987      38       6780     -1.6       5.3    0.630         6         0
         6    1987      39        800     -0.6       6.2    0.760         5      11.2
         6    1987      40       1270      2.6       7.8    0.880       3.5       2.4
         6    1987      41       2450      2.7       6.8    0.760         8       0.1
         6    1987      42       5630      1.1       6.9    0.690       3.5         0
         6    1987      43       1050      1.6         4    0.720         3       3.2
         6    1987      44       1930     -0.5       3.9    0.690       3.5       0.3
         6    1987      45       2210       -1       3.8    0.650         3       0.2
         6    1987      46       2980        0       2.4    0.630       5.5       0.3
         6    1987      47       5970       -2       3.4    0.530         4         0
         6    1987      48       5560     -2.8         2    0.490         3         0
         6    1987      49       2420     -3.6       0.3    0.480         5         0
         6    1987      50       8990     -4.2       1.3    0.440         5         0
         6    1987      51       6440     -5.7      -0.6    0.400       6.5         0
         6    1987      52       3150     -3.3       2.5    0.560       4.5         0
         6    1987      53       5030        0       6.2    0.680         5         0
         6    1987      54       7760     -5.2       3.3    0.480       2.5         1
         6    1987      55      11100     -6.5       4.2    0.430         1         0
         6    1987      56      10390       -5       3.1    0.360         3         0
         6    1987      57       7480     -4.8       2.6    0.420         3         0
         6    1987      58       1570      1.6         7    0.850         4      10.2
         6    1987      59       3390      3.9       7.9    0.900         3       1.8
         6    1987      60       1410     -1.5       4.6    0.650         4       2.5
         6    1987      61        800     -7.5      -0.8    0.430       7.5      23.1
         6    1987      62       9180      -11      -4.8    0.270         3         0
         6    1987      63       9820    -11.6      -2.8    0.300         1         0
         6    1987      64      12890    -10.3       1.1    0.320       1.5         0
         6    1987      65      12490     -8.6      -1.3    0.340         2         0
         6    1987      66      13180       -9      -3.9    0.290       4.5         0
         6    1987      67      12070     -6.8      -1.7    0.340         5         0
         6    1987      68      10890     -5.2       0.5    0.390       5.5         0
         6    1987      69      14780     -5.9       0.7    0.390         4         0
         6    1987      70      15410     -5.3       1.3    0.410         4         0
         6    1987      71      13570     -6.3       0.6    0.380       2.5         0
         6    1987      72      12160     -6.8       0.6    0.330         4         0
         6    1987      73      12700     -6.5       1.7    0.370       2.5         0
         6    1987      74       4030     -4.2         4    0.560       6.5       1.9
         6    1987      75      11420     -0.2       3.8    0.540         7       0.2
         6    1987      76       2410     -0.1       5.7    0.730       5.5         3
         6    1987      77       7940      0.1       5.7    0.670         9       7.5
         6    1987      78      10330     -0.4       4.5    0.580       6.5       0.3
         6    1987      79       8510     -3.5       2.8    0.590         5       2.6
         6    1987      80      10660     -0.6       5.4    0.620       4.5       5.8
         6    1987      81      12140     -0.2       7.3    0.640       3.5       0.2
         6    1987      82       4170      2.5       8.3    0.840         4       4.1
         6    1987      83       3630      5.3       9.8    1.020       1.5       1.3
         6    1987      84       3520      5.3      10.9    1.080         4       4.6
         6    1987      85      12980      1.4      10.7    0.820       7.5         0
         6    1987      86       2890        7      11.4    0.830      11.5       3.8
         6    1987      87       4230      3.3       7.9    0.730        13       3.5
         6    1987      88      12230      1.4       6.8    0.620         8       0.2
         6    1987      89       7490      0.4       8.3    0.700         4         0
         6    1987      90      10480     -0.2         9    0.720       2.5         0
         6    1987      91      16410      0.7        11    0.650       3.5         0
         6    1987      92      12620      3.5      10.7    0.700       4.5         0
         6    1987      93      14270      4.6      12.5    0.800       5.5         0
         6    1987      94       8860      6.8      10.5    0.840         6         0
         6    1987      95       5680      3.4       9.9    0.900       3.5       2.3
         6    1987      96       7790      2.6      11.8    0.890       1.5         0
         6    1987      97      14700      5.1      18.4    1.030       3.5       1.7
         6    1987      98       9120      6.3      14.2    1.020         5       0.1
         6    1987      99      10800      6.2      14.7    0.990         4       1.5
         6    1987     100       8570      1.9      10.8    0.790         4       0.2
         6    1987     101       9600      2.4       9.8    0.750         7       8.4
         6    1987     102       6200        3       7.2    0.790       5.5       3.3
         6    1987     103      12210        3        10    0.770         3       0.2
         6    1987     104       3660      4.5         9    0.920       3.5         0
         6    1987     105      15360      3.8      13.9    0.970         4         0
         6    1987     106       6800      3.5        13    1.010       2.5         0
         6    1987     107      16100        3      14.2    0.860         2         0
         6    1987     108      17120      5.7      18.9    1.040         3         0
         6    1987     109      11090      6.2      18.1    1.250         4       1.6
         6    1987     110       3580      6.6      10.8    1.000       7.5       3.2
         6    1987     111      21430        2      12.4    0.800       5.5       0.3
         6    1987     112      17920      0.7      15.9    0.900         2         0
         6    1987     113      20980      4.3      19.3    0.980         2         0
         6    1987     114      20150      4.5      20.1    1.050       2.5         0
         6    1987     115      18310      5.4      18.2    1.070         4         0
         6    1987     116      22460      2.7      17.4    0.940         3         0
         6    1987     117      24190      5.7      17.4    0.690         3         0
         6    1987     118      23680      4.4        23    0.660         3         0
         6    1987     119      20810        7      27.1    1.110       3.5         0
         6    1987     120      16880     11.3      21.8    1.390         4       0.3
         6    1987     121       5190      8.9      15.3    1.350         5       3.4
         6    1987     122      14410      1.9      12.4    0.910       4.5       2.4
         6    1987     123       7590      1.6       9.6    0.790         4       6.9
         6    1987     124       9100      5.4       9.5    0.800       8.5         0
         6    1987     125      11910      4.5      10.1    0.930       6.5         0
         6    1987     126      17460      5.5      10.8    0.850       7.5         0
         6    1987     127      16690      2.5      11.9    0.860       5.5         0
         6    1987     128      20260      2.3      14.1    0.930         3         0
         6    1987     129      24530      3.3      19.7    1.000         4         0
         6    1987     130      18610      2.4      12.5    0.870         5       0.2
         6    1987     131       7670      1.8        11    0.970         7      11.7
         6    1987     132       5600      3.4      10.9    1.010       5.5       9.8
         6    1987     133      16820      1.8      10.8    0.810       6.5       5.5
         6    1987     134      10390      1.9      10.1    0.910         4      12.4
         6    1987     135       8570      6.2      11.2    0.990         3       5.4
         6    1987     136      13100      2.3      11.4    0.920         6       1.7
         6    1987     137      11220      1.1      11.7    0.920         3       3.1
         6    1987     138      17460      4.7      14.2    0.990       3.5         0
         6    1987     139      22810      4.2      13.5    0.940       4.5       0.1
         6    1987     140      10620      4.7       9.1    0.850         8       3.2
         6    1987     141      15740        6        12    0.940         8         4
         6    1987     142      14490        5      13.9    1.030       4.5       0.1
         6    1987     143      28230      6.3      18.1    0.990         5         0
         6    1987     144      28440      6.1      19.1    1.100       3.5         0
         6    1987     145      28430        7      18.5    0.900         4         0
         6    1987     146      28680      4.7      18.8    0.880         4         0
         6    1987     147      24820      4.7      14.2    0.990         4         0
         6    1987     148       7480      6.6      11.7    0.900         5         0
         6    1987     149      16140      4.1      14.2    0.970         3         0
         6    1987     150       5570      3.6      15.5    1.210       2.5         4
         6    1987     151      13060      5.5        16    1.270         3         2
         6    1987     152      10780      4.4      16.8    1.220         4       0.9
         6    1987     153      20180      5.8      17.6    1.130       2.5       3.4
         6    1987     154       6400     10.5      16.3    1.400         4       2.2
         6    1987     155      13490      9.4      18.1    1.330         4         1
         6    1987     156       6310      8.8      14.4    1.220       3.5       0.1
         6    1987     157      13570      9.6      17.9    1.250       7.5       3.4
         6    1987     158      17760     10.4      17.9    1.130       7.5       0.7
         6    1987     159       7540      9.3      12.9    1.210         6      21.2
         6    1987     160       6360        7      12.6    1.170       2.5       6.9
         6    1987     161      21040      6.2      18.2    1.130         3       0.1
         6    1987     162      16620     10.1      19.6    1.250       6.5       1.4
         6    1987     163      23500      6.5      17.1    1.080         2         0
         6    1987     164      11990      7.8        17    1.340       2.5       6.9
         6    1987     165      22940      7.7      16.2    1.120         4       0.5
         6    1987     166      14400      4.9      14.7    1.080         4         0
         6    1987     167      16070        6      14.6    0.990         6         0
         6    1987     168      19510      4.8      16.5    1.010         6       0.1
         6    1987     169       7470      4.7      11.9    1.000       6.5       0.1
         6    1987     170       6160        3      14.1    1.160       2.5         3
         6    1987     171       6590      5.8      12.7    1.160       4.5       0.7
         6    1987     172      21190      3.7      18.2    1.080       1.5       0.2
         6    1987     173      13430       11      18.4    1.390         4      10.9
         6    1987     174      12860      8.5      15.1    1.230         4       0.9
         6    1987     175       7880      8.2      15.3    1.260       2.5      12.9
         6    1987     176      19180      5.3      17.3    1.220         4       1.6
         6    1987     177       9850      8.3      15.6    1.390         4       1.8
         6    1987     178       9610      9.6      18.6    1.540         3       3.7
         6    1987     179       8360     14.8        22    1.970         4         0
         6    1987     180      13310     16.9      26.3    2.190       2.5         0
         6    1987     181      19280       12      26.6    2.010       3.5         0
         6    1987     182      24810      8.8      20.1    1.340         4       0.4
         6    1987     183      19940        8      20.5    1.220         3         0
         6    1987     184      27130      7.6      20.5    1.230         3         0
         6    1987     185      28470      8.3      21.8    1.250       2.5         0
         6    1987     186      27670       11        25    1.430       2.5         0
         6    1987     187      27510     13.3      28.1    1.540       2.5         0
         6    1987     188      25190     13.3      27.4    1.700         3         0
         6    1987     189      15360      9.2      19.6    1.400       4.5         0
         6    1987     190      17230      7.9      17.3    1.140         5       2.5
         6    1987     191      12410      7.9      17.9    1.340         4       0.6
         6    1987     192      12090     14.9        22    1.660       4.5       0.2
         6    1987     193      18160     10.7      19.4    1.430       5.5         0
         6    1987     194      22570        8        20    1.280         3         0
         6    1987     195      26710      8.4      21.6    1.260       3.5         0
         6    1987     196      11660     14.8      23.3    1.740       3.5        11
         6    1987     197      19270       15        27    2.100       3.5       4.1
         6    1987     198       7020     14.5      19.6    1.850         4       9.6
         6    1987     199      18630     13.3      21.8    1.480       4.5         1
         6    1987     200      22650     12.4      21.9    1.540       3.5         0
         6    1987     201      14160       13      20.2    1.570         3       0.1
         6    1987     202      14580     12.4      21.6    1.650       2.5       1.4
         6    1987     203      18170     14.8      23.1    1.770         2       0.2
         6    1987     204      10480     12.7      21.8    1.760       1.5      12.7
         6    1987     205       7580     11.6      17.2    1.460         4       3.3
         6    1987     206      20850      8.3      16.6    1.160       6.5       2.7
         6    1987     207      16150      7.8      15.4    1.120         6         7
         6    1987     208       5830      9.6      16.4    1.400       5.5      17.9
         6    1987     209      13250     11.4      16.4    1.220       4.5         0
         6    1987     210       6420      9.9      18.1    1.620       2.5       5.3
         6    1987     211      15700     12.5      17.3    1.460       4.5       0.3
         6    1987     212       8260     12.1      17.8    1.600       5.5       2.4
         6    1987     213      11890     12.2      17.3    1.390       6.5       5.6
         6    1987     214      19230      8.9      18.2    1.300         5         0
         6    1987     215      11580      8.7      17.5    1.260       4.5       3.7
         6    1987     216      17160      8.2      16.6    1.200         6         7
         6    1987     217      18520      7.8      15.5    1.160       6.5       8.1
         6    1987     218      16800      6.9      15.9    1.090         5       7.1
         6    1987     219      10700        6        16    1.160         5         0
         6    1987     220       9180     11.3      16.7    1.450         5       3.9
         6    1987     221      12510      9.5        18    1.310         2         0
         6    1987     222      17920      8.1      17.2    1.270       4.5       0.1
         6    1987     223      18490      5.2      19.7    1.270       1.5         0
         6    1987     224       3700     11.1      15.4    1.460       1.5       1.6
         6    1987     225       5660      9.6      18.4    1.690         3       3.8
         6    1987     226      14300     14.2      19.6    1.710         5         0
         6    1987     227      17230     11.1      19.1    1.480         5         0
         6    1987     228       6590     12.3      21.1    1.660       2.5       0.7
         6    1987     229      16740     12.3      25.5    1.870         2       0.3
         6    1987     230       6320     16.5      20.9    1.970         2         3
         6    1987     231       7620     11.5        19    1.680         3         0
         6    1987     232      18670      9.7      22.4    1.530         2         0
         6    1987     233      19430     13.1        28    1.970         3         0
         6    1987     234      14430     15.4      26.7    2.070         3         0
         6    1987     235      14390     15.3      23.5    1.890         3       5.7
         6    1987     236      11510     15.8      22.4    1.940       2.5       0.5
         6    1987     237       8470     13.9        22    1.790         4       7.9
         6    1987     238       5990     13.1      17.6    1.530         6       2.9
         6    1987     239       5530       13      17.5    1.620         5       3.7
         6    1987     240      10750     13.5        18    1.530       5.5       1.1
         6    1987     241       6110     10.8      17.5    1.640       3.5       0.8
         6    1987     242      13750      6.6      18.9    1.420         4         0
         6    1987     243      12160      9.6      17.9    1.260       2.5         0
         6    1987     244      18230      8.4      23.1    1.460       2.5         0
         6    1987     245      15330      9.6      19.5    1.420       2.5         0
         6    1987     246      12720      9.6      23.6    1.700         2        16
         6    1987     247       6680     12.7      19.5    1.670         2       0.1
         6    1987     248      13400     12.6      19.7    1.480       2.5       7.5
         6    1987     249      13460     12.9      19.3    1.440       5.5       3.5
         6    1987     250      12500      8.9      17.6    1.370         6       7.5
         6    1987     251      15840      9.1      17.8    1.290         4       4.8
         6    1987     252      15330      8.7        18    1.360         3       0.1
         6    1987     253       5630       11      16.4    1.440       5.5       5.3
         6    1987     254      13950     10.4      17.8    1.340         5       6.5
         6    1987     255       6400     13.4      20.8    1.830         9       4.5
         6    1987     256       4180     10.8      15.8    1.500       1.5         9
         6    1987     257      16000     10.9      18.5    1.370         5       0.8
         6    1987     258      13640      7.9      17.4    1.230       4.5         0
         6    1987     259       7140        8      17.1    1.360       1.5         0
         6    1987     260       5310       12      21.6    1.740       3.5       8.9
         6    1987     261      11370      6.8      19.6    1.520         4       0.1
         6    1987     262      12330        5      16.9    1.110         1       6.7
         6    1987     263       6930     10.8      19.9    1.540       2.5       0.1
         6    1987     264       8510     14.3      21.8    1.910       2.5         0
         6    1987     265       6200      8.5      20.5    1.780       3.5         0
         6    1987     266      10120      8.5      18.3    1.340       1.5         0
         6    1987     267       7930      8.8      16.1    1.320       4.5         9
         6    1987     268       8960      6.4      15.2    1.100         4       4.8
         6    1987     269      13550        6      15.2    1.090       3.5       0.7
         6    1987     270      10510      4.4        13    0.950         5       1.6
         6    1987     271       9270      3.9      13.5    1.010       3.5       2.1
         6    1987     272      10100      4.5      15.3    0.990         3       2.5
         6    1987     273      13000      3.8      14.7    0.930       2.5         0
         6    1987     274      12490        5      14.9    0.920         4         0
         6    1987     275      12700      5.1      15.2    0.900         4         0
         6    1987     276      12330      4.3      14.8    0.880       3.5         0
         6    1987     277      10090      4.4      16.4    1.030         3         0
         6    1987     278       8590      6.5        20    1.400         3       1.2
         6    1987     279       2800      9.6      16.5    1.580         5        12
         6    1987     280       9450      6.1        14    1.130       7.5       3.8
         6    1987     281       5500      6.8      14.1    1.210         9      19.4
         6    1987     282       5010      5.7      14.5    1.050       6.5       3.2
         6    1987     283       9230      8.7      20.8    1.180         5         0
         6    1987     284       6270      6.3        16    1.030         5         0
         6    1987     285       1030      5.7       8.8    1.000         3      12.6
         6    1987     286       6100      5.5      12.8    1.090       4.5       0.8
         6    1987     287       7500      6.4      13.1    1.050       4.5       1.4
         6    1987     288       6200      9.6      16.8    1.400         8      15.8
         6    1987     289       7060     11.9      19.6    1.270       9.5         0
         6    1987     290       8900      7.7      15.6    1.130       4.5         0
         6    1987     291       9510      6.2      16.5    1.080       3.5         0
         6    1987     292       8870      6.8      16.9    1.020         4         0
         6    1987     293       6570        5      11.6    0.970         5         0
         6    1987     294       2400      8.1      13.5    1.180       4.5       1.9
         6    1987     295       6420      3.2      13.9    1.050         2       1.8
         6    1987     296       6630      0.9      13.1    0.970         1         0
         6    1987     297       4040      5.9      11.8    1.020         2         0
         6    1987     298       2710      4.3       8.4    0.990         2         0
         6    1987     299       6350      3.8        10    0.890         4         0
         6    1987     300       5050      4.5      11.6    0.980         5         0
         6    1987     301       2350      9.8      13.8    1.270         3       1.4
         6    1987     302       1300     10.9      12.9    1.380       1.5       1.6
         6    1987     303       1400      9.6      12.4    1.300       1.5         0
         6    1987     304       2750      8.1      12.1    1.220       1.5       0.2
         6    1987     305       1170     10.8      13.2    1.380       3.5       0.5
         6    1987     306       4810      3.4      12.8    1.040         2         0
         6    1987     307       3060      2.9      12.9    1.080       1.5         0
         6    1987     308       4020      8.2      12.8    1.030         1         0
         6    1987     309       1270        9      11.4    1.090         2         0
         6    1987     310        950      8.4        10    1.000         2         0
         6    1987     311       1880        7         9    0.930       3.5         0
         6    1987     312       3210      3.2       7.2    0.820       2.5         0
         6    1987     313       1370      2.4       5.4    0.760       2.5         0
         6    1987     314       1780      0.6       5.6    0.780         3       3.5
         6    1987     315       1520      5.3        10    1.010       6.5         6
         6    1987     316       2420      4.7      10.1    0.940       8.5      19.3
         6    1987     317       4480      4.6       9.5    0.830       6.5       1.3
         6    1987     318       4840      3.2       9.9    0.840       5.5       0.9
         6    1987     319       2890        5       8.5    0.870       6.5       1.6
         6    1987     320       2710      6.9      12.8    1.100         7       7.9
         6    1987     321       1330      6.7      10.6    1.010         7       0.6
         6    1987     322       2870        5      12.1    1.080         5         0
         6    1987     323        500      6.7      11.3    1.090       6.5      19.2
         6    1987     324       2780      6.1       9.4    0.880         8       5.6
         6    1987     325       2160        7        10    0.930         5       3.5
         6    1987     326       1750      5.3       8.6    0.960         4       1.9
         6    1987     327       1400      4.8       7.6    0.880       2.5         0
         6    1987     328        750      1.4       5.6    0.700         5         0
         6    1987     329        210        2       5.7    0.780         9       4.6
         6    1987     330        450      3.7       5.5    0.810         3       2.7
         6    1987     331        570        3       4.2    0.780         1       0.5
         6    1987     332       1350      2.8       5.7    0.800       1.5         0
         6    1987     333       2070      1.3       6.7    0.800         3         0
         6    1987     334       2050     -0.4       3.4    0.690       1.5         0
         6    1987     335        520     -0.4       3.6    0.660         3       0.3
         6    1987     336       1770      0.1       4.1    0.650       4.5         0
         6    1987     337       2390     -0.5       3.2    0.590         4         0
         6    1987     338        750     -1.2      -0.1    0.540         3         0
         6    1987     339        390     -1.5      -0.1    0.540         4         0
         6    1987     340        880     -0.2       4.2    0.590       3.5       0.2
         6    1987     341       3800     -4.8       3.9    0.440       4.5         0
         6    1987     342       1200     -2.6      -0.6    0.520         2       0.3
         6    1987     343       2480     -6.1       0.3    0.460       2.5         0
         6    1987     344        940     -0.6       7.4    0.830       5.5       2.1
         6    1987     345       2940      0.6       7.6    0.730       3.5       0.1
         6    1987     346       1790      0.7       6.7    0.710       1.5         0
         6    1987     347        640     -2.4       2.3    0.600       2.5         0
         6    1987     348       1030     -5.1      -2.4    0.430       2.5         0
         6    1987     349       1070     -4.9      -1.5    0.440       3.5         0
         6    1987     350        340     -1.5       7.2    0.750         3      10.4
         6    1987     351        360      7.1      11.2    1.160       4.5       8.7
         6    1987     352        570      8.8      12.9    1.240       8.5       7.1
         6    1987     353       1350      5.6         9    0.980       6.5       2.3
         6    1987     354        670      7.1       9.9    1.100       7.5       3.3
         6    1987     355        450      7.2       9.5    1.110         5       1.4
         6    1987     356       3090     -0.9       9.4    0.900       4.5       0.6
         6    1987     357       1070     -0.9         4    0.680       2.5         0
         6    1987     358       1770     -0.3       3.6    0.660       3.5         0
         6    1987     359        410      3.5       7.4    0.930         5         0
         6    1987     360        880      6.5       8.7    0.980       8.5       1.7
         6    1987     361        360      8.4       9.6    1.080         9       3.9
         6    1987     362        530      9.4      11.5    1.190       9.5         0
         6    1987     363        430      9.4      11.8    1.150        10      10.7
         6    1987     364       2350      6.6      11.3    1.070       5.5       0.6
         6    1987     365       1570      8.2        10    1.080         6         0
