* Country: Netherlands
* Station: Eelde
* Year: 1986
*  Source: Weather data and coordinates from
*  Eelde (KNMI)
*  Author: J. W. Steenhuizen PRI Wageningen
*  Longitude: 235.030 Amersfoortse coordinates
*  Latitude: 571.460
*  Elevation: 4.0 m.
*  Comments: For internal use only
*  Columns:
*  ========
*  station number
*  year
*  day
*  irradiation (kJ m-2 d-1)
*  minimum temperature (degrees Celsius)
*  maximum temperature (degrees Celsius)
*  vapour pressure (kPa)
*  mean wind speed (m s-1)
*  precipitation (mm d-1)
*--------------------------------------------------------------------------*
   6.35 53.08 4.0 0.00 0.00
           6       1986         1       1360      -5.6      -1.6     0.410       4.5           0
           6       1986         2        820      -2.6       1.6     0.570         3          17
           6       1986         3       1110      -4.9       1.1     0.560         3         5.2
           6       1986         4       2900      -5.3       1.1     0.520       3.5         1.3
           6       1986         5       1070      -1.5       1.1     0.620       3.5         8.8
           6       1986         6       1460      -4.3       1.2     0.610         3         1.5
           6       1986         7       1900      -5.8      -0.4     0.480       1.5           0
           6       1986         8       2880      -7.1      -2.1     0.410         4           0
           6       1986         9       4260     -10.7      -5.9     0.290         3           0
           6       1986        10       1010        -7       4.1     0.600       6.5         7.1
           6       1986        11       3150       2.7       4.5     0.730         7           0
           6       1986        12        740       2.3       4.8     0.730       8.5         1.8
           6       1986        13        860       3.6       8.4     0.930         8           5
           6       1986        14       1880       3.1       8.2     0.730      11.5         6.1
           6       1986        15       2530       1.9       6.3     0.770       6.5         4.3
           6       1986        16       2610      -0.2       4.2     0.650         5           3
           6       1986        17       4850        -1         4     0.600         3         2.7
           6       1986        18        460       0.3       8.5     0.810       8.5         5.6
           6       1986        19        770         5        10     0.990        11        10.8
           6       1986        20       1880       4.1         7     0.800       9.5         0.5
           6       1986        21        670       5.3       7.3     0.880        10         7.5
           6       1986        22       4090       3.1       7.6     0.800       8.5         7.1
           6       1986        23       3230       3.2       7.8     0.780         8         4.6
           6       1986        24       3410       0.5       4.5     0.690         8         6.7
           6       1986        25       3740       0.7       5.2     0.610       6.5         0.4
           6       1986        26       3420      -2.3       2.1     0.560         2         0.1
           6       1986        27       3180      -1.3         2     0.550       4.5           0
           6       1986        28       2510      -1.6       3.4     0.610       5.5         1.2
           6       1986        29       4790      -0.7       2.5     0.550       5.5           0
           6       1986        30       3000      -1.4       1.4     0.560       6.5           0
           6       1986        31        650      -0.3       1.5     0.530         9           0
           6       1986        32        550      -0.5       1.7     0.560       9.5         0.1
           6       1986        33       1160      -1.6       0.7     0.550         7         1.9
           6       1986        34       2970      -2.9      -1.6     0.390       6.5           0
           6       1986        35       6270      -6.1      -0.8     0.350         5           0
           6       1986        36       4790      -8.1      -1.3     0.340       4.5           0
           6       1986        37       6780      -7.3      -0.8     0.320         6           0
           6       1986        38       5250      -5.1      -1.5     0.370         4           0
           6       1986        39       6030     -11.3        -3     0.330       3.5         0.9
           6       1986        40       5930     -14.1      -4.9     0.230       1.5           0
           6       1986        41       6310      -6.2      -2.1     0.390       4.5           0
           6       1986        42       2500      -2.8      -0.8     0.450         4           0
           6       1986        43       7750      -5.9       0.5     0.400       3.5           0
           6       1986        44       8210      -7.5        -1     0.340         4           0
           6       1986        45       5810      -6.6      -0.4     0.340       6.5           0
           6       1986        46       6350      -6.3      -0.2     0.340       5.5           0
           6       1986        47       4570      -6.8      -2.4     0.370         6           0
           6       1986        48       8300      -5.1      -0.3     0.370       6.5           0
           6       1986        49       3370      -5.2      -1.7     0.450         7         0.5
           6       1986        50       6950      -8.3      -1.3     0.380         7           0
           6       1986        51       7670     -12.2      -3.1     0.300       2.5         0.8
           6       1986        52       9060     -14.3        -2     0.270         1         0.2
           6       1986        53       8610     -16.5      -3.3     0.250       1.5           0
           6       1986        54       9400     -15.5      -2.9     0.260       1.5           0
           6       1986        55       8460     -13.1        -1     0.320         4           0
           6       1986        56       8490     -10.2      -2.5     0.310         4         0.1
           6       1986        57      12450     -13.8      -2.5     0.230       2.5           0
           6       1986        58      12000     -14.1      -0.9     0.240         3           0
           6       1986        59       9590      -9.1      -0.3     0.330       5.5           0
           6       1986        60       4510      -5.7      -1.5     0.290         7           0
           6       1986        61      11100      -7.7       2.2     0.310       5.5           0
           6       1986        62      12570     -10.6       2.4     0.290         3           0
           6       1986        63       3310     -10.2       3.7     0.520         7         1.4
           6       1986        64       1060       3.4       6.4     0.900       8.5         2.3
           6       1986        65       6490      -0.5       5.5     0.700         4           0
           6       1986        66      10320      -1.8       6.9     0.650       3.5           0
           6       1986        67       3340      -2.3       1.5     0.590         2           0
           6       1986        68       3380      -0.7       2.1     0.590         2         1.8
           6       1986        69      12100      -2.7         8     0.570       2.5           0
           6       1986        70       2840      -1.7       2.5     0.620       2.5           0
           6       1986        71       2180      -0.2         3     0.630       3.5           0
           6       1986        72       2200      -0.2       2.2     0.560         2           0
           6       1986        73       6840      -2.2       5.9     0.570       1.5           0
           6       1986        74       5350      -2.7       7.8     0.670         2           0
           6       1986        75       4210       0.7         6     0.690       3.5           0
           6       1986        76       4010      -1.2       7.2     0.760         2         0.2
           6       1986        77      10910       2.4      15.2     0.800         3         0.2
           6       1986        78      12810       0.4      15.2     0.710       2.5           0
           6       1986        79       5830      -0.1       9.2     0.760       5.5         2.2
           6       1986        80       9930      -0.3       7.4     0.650         5           0
           6       1986        81       3970       2.2         7     0.770       7.5         2.2
           6       1986        82       7060         3       8.7     0.740        10        13.8
           6       1986        83       4080       2.2       9.3     0.680        10         5.7
           6       1986        84       4220       2.4       5.4     0.650      11.5         1.6
           6       1986        85       5960       2.3       7.3     0.720         6         1.6
           6       1986        86       6980       2.8      12.3     0.870         9         3.4
           6       1986        87       7440       5.2       9.7     0.810       9.5         9.2
           6       1986        88       5980       3.5       8.2     0.790       6.5         2.5
           6       1986        89       9680       2.1       7.2     0.690       6.5         5.3
           6       1986        90      10680       1.4       7.4     0.660       4.5         7.1
           6       1986        91       7430       0.7       7.9     0.690         8         3.2
           6       1986        92      13050      -0.4         9     0.700       3.5           0
           6       1986        93       8180        -3       5.9     0.630       3.5           0
           6       1986        94      13390      -0.8       7.7     0.630       3.5           0
           6       1986        95      16260      -1.1       9.1     0.600       4.5           0
           6       1986        96      19280      -0.5       8.3     0.540       5.5           0
           6       1986        97       2240       2.9       6.1     0.770       7.5         0.9
           6       1986        98       2370       2.8       4.3     0.750         7           0
           6       1986        99       8470       2.7         7     0.640         9           0
           6       1986       100       8850      -1.3       4.9     0.510       8.5           0
           6       1986       101      19560      -4.7       3.4     0.310       4.5           0
           6       1986       102      20740      -6.5       5.8     0.370       1.5           0
           6       1986       103      13000        -2       6.7     0.520       3.5           0
           6       1986       104       7060      -0.3       5.9     0.720         3         3.7
           6       1986       105       7230       1.9      11.1     0.880         4         0.9
           6       1986       106      10530       5.4      12.7     0.840       4.5         0.6
           6       1986       107      11770       2.5      13.2     0.850       3.5         7.8
           6       1986       108      11620       0.7        10     0.770         3         0.2
           6       1986       109       9320       1.3       8.4     0.720         2           0
           6       1986       110       9520       1.8       9.8     0.810         5         4.9
           6       1986       111      13690       2.2      11.5     0.840         6         0.3
           6       1986       112      18300       5.2      12.8     0.700         8           0
           6       1986       113      19040       3.8      15.1     0.770         4           0
           6       1986       114      15990       3.6      17.7     0.900         4           0
           6       1986       115      15350         2      17.3     0.940         2         8.9
           6       1986       116      15360       7.8      15.7     1.020         4         0.1
           6       1986       117      12250       5.9      16.4     1.090       2.5         1.1
           6       1986       118      11390       5.5      15.7     0.990       2.5           0
           6       1986       119       9190       5.5      14.4     1.030         2         0.3
           6       1986       120      21220       3.6      15.1     0.750         2           0
           6       1986       121      25300       2.7      18.9     0.780         3           0
           6       1986       122      22570         8      24.6     1.080       4.5           0
           6       1986       123      21670      10.4      27.6     1.290       3.5         0.3
           6       1986       124      14340       8.8      15.8     1.070       3.5           0
           6       1986       125      17370       6.6      23.2     1.210       3.5         0.2
           6       1986       126      11320       6.2      17.7     1.070       3.5           9
           6       1986       127      18430       9.3      17.6     1.130       4.5         0.1
           6       1986       128      16410       7.5      14.8     1.030       4.5         3.2
           6       1986       129      16630       7.9      15.8     1.110       5.5         2.1
           6       1986       130       4320      10.7      15.7     1.360       6.5           2
           6       1986       131       7290       8.8      13.7     1.110         7         3.4
           6       1986       132      16420       8.6      20.4     1.150         5           0
           6       1986       133      17300       5.9      15.9     1.010         5           0
           6       1986       134      15850       6.8      15.6     1.030       3.5         0.2
           6       1986       135       9540         7      14.4     0.970       6.5         2.5
           6       1986       136      26180       3.6      14.7     0.880         5           0
           6       1986       137      22620       0.9      19.8     0.950       2.5           0
           6       1986       138      18570       9.3      17.7     1.260         5         0.6
           6       1986       139      23940       9.3      19.1     1.140       2.5           0
           6       1986       140      24250       8.7      25.4     1.400       3.5           0
           6       1986       141      20670      10.7      20.3     1.320         7           1
           6       1986       142      22060       7.7      16.7     0.970       5.5           0
           6       1986       143       6770       9.5      16.2     1.230         2         1.5
           6       1986       144      16600       7.8      15.7     1.090         4           0
           6       1986       145      24730       7.1        20     1.040       6.5           0
           6       1986       146      27610       8.8      21.8     1.180         5           0
           6       1986       147      11240       6.8      17.3     1.210       5.5           0
           6       1986       148      22740       5.1        16     0.860       3.5         0.1
           6       1986       149      19990       4.3      15.2     0.900         3         0.4
           6       1986       150      23630       1.5      14.6     0.790         3           0
           6       1986       151      22270      -0.2      17.2     0.850       1.5           0
           6       1986       152       5520       6.1      15.8     1.100       1.5           0
           6       1986       153      24360       3.8      19.6     1.020         2           0
           6       1986       154       9270       4.5      17.2     1.260       4.5         5.7
           6       1986       155      16740       6.9        13     0.960         7        10.1
           6       1986       156       4450       6.9      10.5     1.070       5.5        22.8
           6       1986       157       5070       7.4      12.4     1.160         6        15.2
           6       1986       158       8090       8.5      13.1     1.140       6.5         5.4
           6       1986       159      11870         8      14.9     1.050       4.5         0.3
           6       1986       160      22800       8.4      21.9     1.220         4           0
           6       1986       161      26220       9.7      26.4     1.360         5         4.3
           6       1986       162      22360       7.2      17.7     1.060         4           0
           6       1986       163      24640       5.7      16.1     0.920       3.5           0
           6       1986       164      30160       3.9      20.1     0.990       2.5           0
           6       1986       165      29570       7.9      23.1     1.160         4           0
           6       1986       166      29270      11.3        26     1.420         5           0
           6       1986       167      26470      14.9        29     1.950       3.5           0
           6       1986       168      14780      17.5      31.3     2.140       2.5        36.5
           6       1986       169      18980       9.1      18.4     1.410         5         0.1
           6       1986       170      26270       7.7      19.3     1.230         3           0
           6       1986       171      22580      10.5      16.8     1.290         5           0
           6       1986       172      10990      10.7      18.4     1.410       3.5           0
           6       1986       173      30090      10.7      23.2     1.360       3.5           0
           6       1986       174      29710      10.4      25.2     1.290       4.5           0
           6       1986       175      11610      12.9      20.3     1.550         3         0.8
           6       1986       176      21860       8.5        22     1.440       1.5           0
           6       1986       177      26420      11.1      23.5     1.640         4           0
           6       1986       178      27030      12.1      25.3     1.640       3.5           0
           6       1986       179      29250       7.4      23.1     1.420       3.5           0
           6       1986       180      28400      10.7      23.8     1.630       3.5           0
           6       1986       181      28470      12.1      24.7     1.640       3.5           0
           6       1986       182      25920      12.7      28.1     1.780       2.5           0
           6       1986       183      23520      14.1      28.4     2.050         2           0
           6       1986       184      22580      13.7      25.9     1.910       3.5           0
           6       1986       185      17310      11.4      22.7     1.550         5         1.8
           6       1986       186       6170      14.2      18.9     1.710       4.5           9
           6       1986       187      14940       9.3      19.3     1.430       2.5         3.6
           6       1986       188      18140       8.2      18.4     1.220       4.5         0.6
           6       1986       189      18610       7.3      18.5     1.190       4.5         3.9
           6       1986       190      17300       7.6      16.2     1.140         4         0.2
           6       1986       191      17210         9        17     1.210         5         4.8
           6       1986       192      21080       6.9      16.7     1.080         5         0.8
           6       1986       193      14810         7      15.7     1.040       4.5           0
           6       1986       194      20690       6.8      16.9     1.090         5         0.2
           6       1986       195      14710       6.7      20.4     1.580       2.5           0
           6       1986       196      17100      13.4      23.9     1.710       1.5           0
           6       1986       197      22180      11.3      27.5     1.790       1.5           0
           6       1986       198      14610       8.6      23.5     1.630         4           0
           6       1986       199      10020       6.4      17.3     1.210       3.5         0.1
           6       1986       200      15690       6.5      19.2     1.100         2         0.1
           6       1986       201      10760       6.8      19.5     1.320       3.5           0
           6       1986       202      15140      12.7      22.4     1.520       2.5         1.1
           6       1986       203       5820      11.5      17.1     1.490         2         3.4
           6       1986       204      17950       8.5      20.8     1.160         2           0
           6       1986       205      19370       9.2      18.7     1.210       5.5         0.7
           6       1986       206       4930      10.4      16.5     1.450       5.5         5.6
           6       1986       207      15450      12.4      20.5     1.600         4           0
           6       1986       208      22150      12.7      22.8     1.580       4.5           0
           6       1986       209      14380      12.8      25.5     1.880         2           0
           6       1986       210      10910        16      22.3     1.730       6.5         0.6
           6       1986       211      17160      12.9      21.9     1.490         3           0
           6       1986       212      16820      11.5      23.3     1.430       5.5           0
           6       1986       213      23300      12.5      20.2     1.200         5           0
           6       1986       214      16480        11      23.5     1.410         5           0
           6       1986       215      22430       8.3      29.1     1.690         3           0
           6       1986       216       9130      12.9      23.7     1.760       4.5         0.8
           6       1986       217      17620       8.6      19.7     1.380       4.5         4.8
           6       1986       218      24200       7.4      24.6     1.220       2.5           0
           6       1986       219      16700      11.8      22.7     1.370         5           0
           6       1986       220      10320      12.7        19     1.470         5         0.2
           6       1986       221      10980      10.4      20.1     1.420         2           0
           6       1986       222      22620       7.5      21.7     1.250       3.5           0
           6       1986       223      21750       8.7      23.1     1.350       4.5           0
           6       1986       224      17950      14.6      22.1     1.600       4.5           0
           6       1986       225      13270      10.6        22     1.590       1.5           0
           6       1986       226      17780       9.9      26.9     1.500         2           0
           6       1986       227      18740      12.9      22.1     1.480       4.5         2.9
           6       1986       228      16360      12.4      20.8     1.310       5.5           0
           6       1986       229      15780       7.2      20.6     1.300         4           0
           6       1986       230      16090       4.4        20     1.160         2           0
           6       1986       231       8110       9.5      17.5     1.330       2.5         1.1
           6       1986       232      12390       8.3        18     1.210         4         0.3
           6       1986       233       6030       7.5      17.6     1.320         2         0.3
           6       1986       234       6970      11.5      18.4     1.450         3         4.1
           6       1986       235      18250       8.9      18.8     1.160         4           0
           6       1986       236      15160       8.1        18     1.160       3.5         4.3
           6       1986       237      17290       6.5      19.1     1.150       2.5           0
           6       1986       238       6020      11.6      19.5     1.370         6        10.7
           6       1986       239       3060      11.2      13.8     1.350       9.5         5.9
           6       1986       240      11720      10.3      16.2     1.280       6.5         0.5
           6       1986       241       8960      10.2        14     1.270       6.5           7
           6       1986       242      13590      10.2      18.1     1.420         5         5.3
           6       1986       243      11290       8.6      15.8     1.190         5         3.2
           6       1986       244       6470       8.4      15.7     1.300         6         0.6
           6       1986       245       8540       9.3      16.5     1.270         6         0.6
           6       1986       246       5710      10.6      14.6     1.370       5.5        34.2
           6       1986       247      13820       8.1      16.1     1.100       5.5           0
           6       1986       248      10720       8.4      16.7     1.140       4.5           0
           6       1986       249       7910       6.2      15.3     1.190       4.5           0
           6       1986       250      13840       4.9      15.9     1.040         6         0.3
           6       1986       251      14970       5.8        15     1.040         4         1.8
           6       1986       252      14920       4.2      16.1     0.990         2           0
           6       1986       253       4880       2.9      13.5     0.980         2         1.6
           6       1986       254      13060       1.4      14.4     0.870         2           0
           6       1986       255      13910       1.3      15.3     0.870         2           0
           6       1986       256      16700       0.8      16.8     0.940         2           2
           6       1986       257       6440       7.4      16.1     1.330         4         3.3
           6       1986       258       5110       4.3        13     1.000       1.5         7.2
           6       1986       259      12760       3.5      14.6     0.970       2.5         0.1
           6       1986       260       7830       5.1      13.2     0.950         2           0
           6       1986       261      12270       3.3      14.6     1.000       3.5           1
           6       1986       262      11420       2.9        15     0.930       1.5           0
           6       1986       263      13550       3.9      16.9     1.160       4.5           0
           6       1986       264      11040        10        17     1.310         6           0
           6       1986       265       3790      10.2      15.2     1.450       5.5         0.2
           6       1986       266       9940      11.6        18     1.440         4           0
           6       1986       267      12910       6.6      15.2     1.120         3           0
           6       1986       268      13680       3.9      14.8     0.960       2.5           0
           6       1986       269       6150       4.5      15.1     1.190       1.5           0
           6       1986       270       6350       4.1      15.1     1.170         1           0
           6       1986       271      10740       2.9      17.7     1.160         3           0
           6       1986       272       7820      11.9      18.9     1.580         4           0
           6       1986       273       2850       7.9      15.5     1.430       1.5           0
           6       1986       274      11950       6.2        22     1.230         2           0
           6       1986       275       3470       6.1      15.6     1.320       3.5           0
           6       1986       276       9930       3.5      15.5     1.000       2.5           0
           6       1986       277       9810       3.3      15.4     1.000       1.5           0
           6       1986       278      10990       5.6        20     1.170         3           0
           6       1986       279       6510       9.8      19.8     1.490         4           0
           6       1986       280       3820      10.8      16.8     1.450       5.5         1.5
           6       1986       281       3730       7.7      13.4     1.220         2           0
           6       1986       282       7810       9.1      17.2     1.330         3           0
           6       1986       283       8860      10.1      19.2     1.430       3.5           0
           6       1986       284       4450       3.7      15.2     1.230         2           0
           6       1986       285       5160       5.2      17.2     1.230       2.5           0
           6       1986       286       8370       5.2      17.5     1.080         2           0
           6       1986       287       8130       4.4      20.8     1.340       1.5           0
           6       1986       288       4680      13.1      19.3     1.620       2.5           0
           6       1986       289       8300       2.3      15.2     1.120         4           0
           6       1986       290       8480      -0.1      14.1     0.890         1           0
           6       1986       291       5450       5.6      15.2     1.140         4         2.9
           6       1986       292       5970       4.1      12.1     1.000         7        16.1
           6       1986       293       1480       3.6      12.7     0.960         7        14.7
           6       1986       294       2690       6.7      10.6     1.010         7           5
           6       1986       295       3930       5.8      12.4     1.110         5           3
           6       1986       296       3020       4.1       8.4     0.810       7.5         2.4
           6       1986       297       5430       2.7      10.5     0.840       5.5         1.1
           6       1986       298       5610       6.5      12.5     1.030       6.5         9.7
           6       1986       299       3690       5.6      10.6     0.990         7         3.1
           6       1986       300       6560       4.4      11.7     0.980         5         2.9
           6       1986       301       1140         9        14     1.340       6.5         6.4
           6       1986       302       7400       4.9      13.6     1.000       5.5          11
           6       1986       303       5710       4.4      11.5     0.910         6         1.4
           6       1986       304       3160       5.4       9.8     0.930       4.5         0.6
           6       1986       305       1090       6.5      12.5     1.070       5.5        17.9
           6       1986       306       5270         5      10.2     0.820         6         1.3
           6       1986       307       3190       5.2       9.3     0.880       4.5         0.6
           6       1986       308       4650       2.9      11.5     0.910       3.5           0
           6       1986       309        920         7        11     1.080       7.5           3
           6       1986       310       5930       2.5      10.7     0.880       5.5         0.4
           6       1986       311       3810       3.4       9.7     0.950       5.5         0.1
           6       1986       312       1300         4       8.7     0.920       6.5         3.6
           6       1986       313       4670       2.9       9.2     0.780         6           0
           6       1986       314        990       6.3      11.9     1.090         8         0.8
           6       1986       315       3200      10.9        15     1.270       6.5         1.5
           6       1986       316       5580       2.8      11.1     0.890       3.5           0
           6       1986       317       5440       3.8      14.5     0.980         5           0
           6       1986       318       4420       8.9      13.4     1.100       4.5         0.2
           6       1986       319        960       6.5      15.2     1.040         5         0.8
           6       1986       320       3030       5.7       9.8     1.030       4.5           0
           6       1986       321       3080       5.8      10.3     1.080       4.5         1.1
           6       1986       322       1030       4.9         9     0.930       7.5         8.1
           6       1986       323        870       7.8      11.9     1.130         7        13.1
           6       1986       324       1930       1.4       8.6     0.800         4         6.3
           6       1986       325       3190       1.5       5.8     0.750       5.5         3.7
           6       1986       326       2340       4.7      10.3     0.870         6         1.2
           6       1986       327       2400       3.6       7.5     0.770         7           6
           6       1986       328        520       5.9      12.1     1.010         8         3.6
           6       1986       329       1600      10.9      12.8     1.170       9.5         0.1
           6       1986       330       1330       5.6      11.3     0.980       7.5         0.9
           6       1986       331       3700       4.3       9.4     0.840         5         0.1
           6       1986       332       1110       1.5       5.7     0.830         4           0
           6       1986       333       1730      -0.9         3     0.640         2           0
           6       1986       334       3700      -2.6       3.8     0.580       3.5           0
           6       1986       335        940       0.1         8     0.730       7.5         0.1
           6       1986       336       2190       2.9      10.8     0.940         6           0
           6       1986       337       3610       7.4      11.4     0.880       9.5           0
           6       1986       338        970       7.8      12.9     0.990        10           0
           6       1986       339       3440       6.1      12.1     0.870         9           3
           6       1986       340       3180      -1.4       8.5     0.740       3.5           0
           6       1986       341       1110      -1.7       7.3     0.700       4.5           0
           6       1986       342       2440       7.2      12.1     1.020       5.5           0
           6       1986       343       1440       1.8      10.2     0.840       6.5           0
           6       1986       344       1370       0.1       6.1     0.670       3.5         1.5
           6       1986       345        840      -0.3       3.2     0.650         4           0
           6       1986       346        620       2.8       5.4     0.780         3         1.4
           6       1986       347       1370       2.1       6.5     0.720         6         3.6
           6       1986       348       2800      -0.5       6.2     0.690         4         1.8
           6       1986       349        500      -2.5       5.9     0.600       5.5        10.1
           6       1986       350        610       1.9       5.9     0.720         7         7.7
           6       1986       351       1420       1.6       6.4     0.760         6         3.3
           6       1986       352       1710       4.8       8.8     0.800       8.5        10.8
           6       1986       353       1710       1.8       5.9     0.690        10        19.7
           6       1986       354       1600       0.5       3.9     0.660         5        13.3
           6       1986       355        880      -2.2       4.6     0.570       4.5         9.2
           6       1986       356       3530        -8       1.7     0.410       3.5         3.3
           6       1986       357       1860      -3.6       1.2     0.440         4           1
           6       1986       358       2720      -9.5      -1.3     0.370         2           0
           6       1986       359        540      -2.8       1.8     0.530       5.5        13.3
           6       1986       360       2270      -1.2       3.5     0.610       4.5         6.5
           6       1986       361       2460       0.8       4.3     0.620         6         3.8
           6       1986       362        960         4       9.3     0.860       9.5         6.8
           6       1986       363        310       3.9       9.7     0.880       9.5         6.7
           6       1986       364        670       2.8         9     0.800       5.5        21.6
           6       1986       365        420       5.4         8     0.850      10.5        12.4
