* Country: Netherlands
* Station: Eelde
* Year: 1991
*  Source: Weather data and coordinates from
*  Eelde (KNMI)
*  Author: J. W. Steenhuizen PRI Wageningen
*  Longitude: 235.030 Amersfoortse coordinates
*  Latitude: 571.460
*  Elevation: 4.0 m.
*  Comments: For internal use only
*  Columns:
*  ========
*  station number
*  year
*  day
*  irradiation (kJ m-2 d-1)
*  minimum temperature (degrees Celsius)
*  maximum temperature (degrees Celsius)
*  vapour pressure (kPa) op basis %RH
*  mean wind speed (m s-1)
*  precipitation (mm d-1)
*--------------------------------------------------------------------------*
   6.35 53.08 4.0 0.00 0.00
       6    1991        1      2560      2.4       6.4     0.764       6.9          1
       6    1991        2      1340      5.2        11     1.003      10.8       17.1
       6    1991        3      1510      4.9       7.8     0.877       6.2        1.8
       6    1991        4      2950      4.5       8.5     0.867       7.3          0
       6    1991        5      1360      2.4       7.5     0.775       9.2        4.2
       6    1991        6       480      3.3       6.2     0.732      12.5        9.2
       6    1991        7      1560      3.3         8     0.812       6.9        2.2
       6    1991        8      2540      3.9       9.9     0.871       8.5          2
       6    1991        9      2200      3.8      10.8     0.855       9.8        3.8
       6    1991       10      1940      3.4        11     0.859      10.8        8.4
       6    1991       11      2010      4.3         8     0.875       6.9        6.2
       6    1991       12      3130      0.3       6.4     0.742       4.5        1.6
       6    1991       13      2990     -2.9       4.9     0.647       1.9        0.6
       6    1991       14      1680     -2.7       0.4     0.544       4.3          0
       6    1991       15      4210     -3.8       0.4     0.416       4.7          0
       6    1991       16      4120     -4.3       0.6     0.437       4.4          0
       6    1991       17      3980     -4.3       2.8     0.437       3.4          0
       6    1991       18      3960     -3.2       5.1     0.545       2.7          0
       6    1991       19       670     -2.7       2.7     0.576       3.7        2.4
       6    1991       20      1540     -1.5       5.5     0.719       5.7        1.8
       6    1991       21      1900      1.6       6.1     0.775       5.8        0.4
       6    1991       22      1380      0.9       3.5     0.721       3.5          0
       6    1991       23       920     -0.9         1     0.630         2          0
       6    1991       24      3270       -1       4.4     0.678       2.3          0
       6    1991       25       700      2.4       4.2     0.769         1          0
       6    1991       26       670      2.1       3.8     0.687       1.9          0
       6    1991       27      2030     -2.5       5.5     0.682       1.4          0
       6    1991       28      3550     -3.3       1.4     0.589       0.9          0
       6    1991       29      1840     -2.1       0.2     0.589       1.3          0
       6    1991       30      1160     -1.3       2.1     0.609       2.9          0
       6    1991       31      5510     -4.1         1     0.483       3.2          0
       6    1991       32      5590     -6.3       0.6     0.405       2.4          0
       6    1991       33      5260     -8.9        -2     0.352       2.5          0
       6    1991       34      4910     -9.5        -4     0.299       4.1          0
       6    1991       35      6370     -7.9       0.1     0.395       3.9          0
       6    1991       36      2930     -6.1       1.9     0.480       5.2          0
       6    1991       37      4110    -10.6      -3.5     0.296       5.1          0
       6    1991       38      3870    -10.6      -3.7     0.301       5.7          0
       6    1991       39      3590       -9      -2.8     0.361       5.1          0
       6    1991       40      4850      -13      -3.1     0.348       1.6          0
       6    1991       41      3030     -9.7      -3.2     0.384         1          0
       6    1991       42      2680     -9.1      -2.9     0.385       2.1          0
       6    1991       43      5200     -7.2       0.3     0.479       2.5        1.4
       6    1991       44      5170       -8      -0.3     0.457       3.2        0.2
       6    1991       45      7420     -8.5       0.4     0.469       2.9        0.6
       6    1991       46      2260     -1.2       1.3     0.624       5.1        8.1
       6    1991       47      4230       -1       2.2     0.612       3.2          0
       6    1991       48      6460     -3.7       1.9     0.558       3.9          0
       6    1991       49      3850      0.5       4.5     0.701       1.2          0
       6    1991       50      8870     -3.6       3.5     0.533       2.2          0
       6    1991       51      3790     -4.4       2.7     0.582       3.9          0
       6    1991       52      3770      0.3       6.3     0.762       3.8          0
       6    1991       53      7510      2.2       7.2     0.754       7.4        0.7
       6    1991       54      1500      5.2      10.2     0.988      11.2        5.8
       6    1991       55      8640      6.6      12.7     1.006         7        0.8
       6    1991       56      9120     -1.5      10.3     0.787       2.7          2
       6    1991       57      9220     -0.3       7.8     0.785       2.9          0
       6    1991       58     10190     -0.7       5.1     0.626       5.5          0
       6    1991       59      3930     -0.8       2.5     0.591       5.6        2.2
       6    1991       60      7810     -0.4       4.4     0.665       2.6          0
       6    1991       61      2620      0.6       4.7     0.722         2          0
       6    1991       62      7380      2.7       9.7     0.868       5.3        0.1
       6    1991       63      9790     -1.4      11.2     0.740       3.5          0
       6    1991       64      1330      5.6       9.3     1.001         3          6
       6    1991       65      4820      5.8      12.9     1.133         3          0
       6    1991       66      5090      7.5      14.9     1.162       3.5          0
       6    1991       67      5060      4.9      11.1     0.977         3          0
       6    1991       68      2430      5.3       9.6     1.021         2          0
       6    1991       69      5920      7.4      14.2     1.157       3.2          0
       6    1991       70      6190      7.4        13     1.149       2.7          0
       6    1991       71      7500      6.1      15.6     1.173       1.7          0
       6    1991       72      8870        2      17.1     1.034       1.2          0
       6    1991       73     10930        2      18.5     1.070       3.3        0.3
       6    1991       74      5420      7.8      11.6     1.170       3.3          0
       6    1991       75      8700        6      16.1     1.151       2.9          0
       6    1991       76      8110      7.1      13.8     1.132       2.4        0.3
       6    1991       77     12950      2.3        17     1.052         3          0
       6    1991       78      3240      8.2      12.9     1.212       9.3        4.8
       6    1991       79      5850      8.8      13.2     1.210       6.6          0
       6    1991       80      6890      5.4      13.5     1.061       7.1          0
       6    1991       81      9810      0.6        10     0.802       3.6          0
       6    1991       82     11630     -2.2       9.6     0.714       2.2          0
       6    1991       83     14070     -2.7      11.3     0.735       3.5          0
       6    1991       84     15520      0.9      10.9     0.763       6.5          0
       6    1991       85     12830      2.5      12.7     0.762       6.4          0
       6    1991       86     15050     -0.2      12.2     0.741       3.7          0
       6    1991       87     10680      1.5      11.7     0.733         2          0
       6    1991       88     16950     -1.6      10.9     0.695       3.4          0
       6    1991       89     15160       -3      11.3     0.720       3.8          0
       6    1991       90     11020      0.8        10     0.798       3.5          0
       6    1991       91      5730      8.2      12.6     1.212       7.7        2.4
       6    1991       92      2730      8.4      11.7     1.162       7.6        2.5
       6    1991       93     10640      3.8      12.9     0.915       5.4        0.4
       6    1991       94     15720      3.1      14.6     0.815       6.1          0
       6    1991       95     14690      5.5      13.9     0.906       5.9          0
       6    1991       96     13860        4      13.6     0.910       4.6          0
       6    1991       97     11130      5.3      12.8     1.001       7.4        4.4
       6    1991       98     11950      3.6      12.8     0.969       6.4          2
       6    1991       99     19420      1.8      14.5     0.872       3.2          0
       6    1991      100     16570        5      18.4     0.977       3.3          0
       6    1991      101     18390      7.1      21.6     0.903       4.5          0
       6    1991      102     20160      4.8      22.4     0.848       3.9          0
       6    1991      103     18620        7      20.2     1.085       3.6          0
       6    1991      104     18290      6.3      20.5     1.174       4.2          0
       6    1991      105     19570      4.9      17.7     1.054       3.7          0
       6    1991      106     10370      2.5       7.7     0.724       8.4          3
       6    1991      107     19070     -0.8       9.1     0.626       6.3        0.3
       6    1991      108      9440     -0.4       7.6     0.724       2.8       12.8
       6    1991      109     17720     -1.5       7.1     0.566       4.3        0.5
       6    1991      110     19730       -3       7.1     0.552       3.3          0
       6    1991      111     15530     -4.5         9     0.553       4.5          1
       6    1991      112     10090        0         9     0.793       4.4        7.7
       6    1991      113     15490     -0.7      10.8     0.789         3        6.2
       6    1991      114     17470     -2.8        13     0.749       1.8          0
       6    1991      115     18470        1      13.8     0.782       3.4          0
       6    1991      116     18690      1.9      13.9     0.879       4.2          0
       6    1991      117     11030      0.7      10.7     0.840       3.2          0
       6    1991      118     11320     -2.7      10.4     0.752       2.8        0.6
       6    1991      119      8780        1      10.3     0.838       2.9        1.2
       6    1991      120     16540     -0.5      12.1     0.820       4.5          0
       6    1991      121      5530      3.7      10.2     0.922       5.8        0.8
       6    1991      122      3650      4.1       8.6     0.913       5.8       11.4
       6    1991      123     10670      3.4       9.7     0.861       7.7        1.2
       6    1991      124      8070      2.6       9.3     0.899       4.9       10.2
       6    1991      125      5620     -0.3         9     0.817       2.6        6.8
       6    1991      126      4990      6.2      10.3     1.065       1.6        2.4
       6    1991      127      9050      6.6      11.1     1.043         3          1
       6    1991      128     25430      1.7      13.3     0.807       3.1          0
       6    1991      129     23280     -0.4      13.5     0.851       3.3          0
       6    1991      130     18880      3.6      15.4     1.042       3.3          0
       6    1991      131     20560      2.1      15.7     0.970       3.2          0
       6    1991      132     13210      6.4      13.4     1.023         4          0
       6    1991      133      8690      7.9      15.1     1.223         5          3
       6    1991      134     19210      4.9        12     0.932       6.7        1.7
       6    1991      135     12700      2.3      10.8     0.889       5.6        9.8
       6    1991      136     16210      3.3      11.4     0.887         5        0.8
       6    1991      137     18100      2.9        12     0.863         3        1.2
       6    1991      138     24660      0.1        14     0.860       2.4          0
       6    1991      139     19540      1.3      14.7     0.925       2.9          0
       6    1991      140     13050     10.4      17.1     1.380       6.2          0
       6    1991      141     13180     11.6      17.8     1.465       5.6          0
       6    1991      142     22350      6.2        14     1.012       6.3          0
       6    1991      143     19960      5.8      12.6     0.944       6.8          0
       6    1991      144     24170      4.7      13.4     0.924       4.1          0
       6    1991      145     12560      6.3      12.6     1.073       4.4          1
       6    1991      146      8490      8.6        12     1.109       3.6          0
       6    1991      147      7050      8.2      12.3     1.212       3.3        1.2
       6    1991      148      9700      5.6      13.7     1.098         2          0
       6    1991      149     15000      6.7      15.4     1.163         2          0
       6    1991      150     23220      5.7        18     1.237       2.9          0
       6    1991      151      7300      7.4      11.2     1.096       4.1          0
       6    1991      152     22180      2.1      13.3     0.837       5.7          0
       6    1991      153     21030        1      14.7     0.825       2.4        0.6
       6    1991      154      6280      3.3       9.7     0.932       3.2        9.1
       6    1991      155     15720        3      12.6     0.974       5.3        8.5
       6    1991      156     24430      2.8      14.3     0.895       3.5          0
       6    1991      157     16310      6.5      18.2     1.113       2.8          0
       6    1991      158     14150      8.3      18.3     1.327       2.7          0
       6    1991      159      8470      8.1      12.8     1.168       3.5          0
       6    1991      160     12500      8.2      17.8     1.331       4.3        3.8
       6    1991      161     12410      9.5      16.5     1.345       6.2        4.6
       6    1991      162     12020     10.8      15.1     1.284       5.5        0.8
       6    1991      163      5720     11.3      14.7     1.431       5.2        8.5
       6    1991      164     20000     10.4      16.6     1.329       7.7        5.3
       6    1991      165     17560      9.2      16.4     1.272       6.6        1.2
       6    1991      166      5500     10.2      13.4     1.352       4.2        9.7
       6    1991      167     10560      9.3      15.4     1.305       5.5        2.8
       6    1991      168     14760      7.1      14.6     1.136       2.4        0.5
       6    1991      169     16380      5.9      16.6     1.191       2.5          4
       6    1991      170      7940      8.9      12.4     1.244       4.3       14.7
       6    1991      171     19050      7.9      18.4     1.329       2.7        1.2
       6    1991      172     22300        5      20.4     1.264       2.5        6.9
       6    1991      173     20180     10.5      19.8     1.425       4.7          2
       6    1991      174     17450      9.7        19     1.433         4       11.6
       6    1991      175     19380     10.4      18.4     1.422       3.6       12.4
       6    1991      176      6030     10.3      17.3     1.535       4.7        3.9
       6    1991      177     14730       13      18.2     1.550       6.6        9.4
       6    1991      178      5370     11.6        15     1.444         3       21.1
       6    1991      179     11390     10.7      14.6     1.246       6.6        0.6
       6    1991      180      8940      9.4      15.4     1.254       5.6        0.3
       6    1991      181     12900      9.3      17.8     1.452       4.9        0.7
       6    1991      182     10850     14.1      20.4     1.791       2.9          0
       6    1991      183     24530     13.2      25.6     1.936       2.9          0
       6    1991      184     27190       17      27.9     1.885       3.8          0
       6    1991      185     28710     15.1      26.3     1.699       4.9          0
       6    1991      186     27500     14.1      27.2     1.786       4.4          0
       6    1991      187     28820     18.2      29.7     1.748       3.5          0
       6    1991      188     27680     17.2      31.6     2.086       2.4          0
       6    1991      189     19390     18.3      25.7     2.189         3          0
       6    1991      190     10600     11.4      19.1     1.516       5.2          1
       6    1991      191     24240     10.5      24.5     1.514       2.5        0.2
       6    1991      192     25550     13.9      32.4     1.938       3.1        4.8
       6    1991      193     19840     15.2      20.7     1.674       6.2       31.6
       6    1991      194     11070     14.6      19.8     1.711       4.6        1.3
       6    1991      195     21350     11.2      21.1     1.498       4.5          0
       6    1991      196      7890     10.4      17.3     1.434       5.1        0.3
       6    1991      197     16410       13      19.4     1.521         6          0
       6    1991      198     19200      9.4        20     1.385       4.3          0
       6    1991      199      9080      8.5      17.4     1.355       3.6        1.2
       6    1991      200     10250     14.4        19     1.677       5.5        0.7
       6    1991      201     15220     13.1      19.5     1.618       3.6          0
       6    1991      202     23120      9.6      19.7     1.349         3          0
       6    1991      203     20430      7.8      20.8     1.320       2.2          0
       6    1991      204     23640     11.7      26.2     1.591       2.3          0
       6    1991      205      8120     10.9      20.1     1.540       3.4        8.9
       6    1991      206     16690     10.9      21.1     1.537       2.6          0
       6    1991      207     18100       11      20.6     1.552         3          0
       6    1991      208     21920     10.2      23.7     1.556       1.7          0
       6    1991      209     24890     12.2      25.8     1.659       2.7          0
       6    1991      210     25880     14.8      26.4     1.665       3.6          0
       6    1991      211     24860       17      27.9     1.704       3.7          0
       6    1991      212     11690     15.9      22.8     1.887         3        5.8
       6    1991      213     16720     15.3      22.4     1.851       3.4          0
       6    1991      214     24040       13      25.5     1.791       2.9          0
       6    1991      215     17190     10.9      23.8     1.689         2          0
       6    1991      216     21630       12      26.4     1.828       1.6          0
       6    1991      217     16140     12.7      25.4     1.811       2.8          0
       6    1991      218     18640     17.3      29.1     2.134       2.9        4.3
       6    1991      219     14940     14.8      23.8     1.946       3.4        1.4
       6    1991      220     15880     10.5      21.1     1.466       3.7          0
       6    1991      221     18180      8.8      22.1     1.351         4        0.1
       6    1991      222      6270     17.3        21     2.076       4.3        0.7
       6    1991      223      6160       16      20.7     1.937       4.7          1
       6    1991      224     18190       10      20.5     1.401       4.4          0
       6    1991      225     16650     10.2      21.1     1.453       2.5          0
       6    1991      226     15600      9.4      23.1     1.490       2.1          0
       6    1991      227     20850     11.8      25.2     1.548       2.3          0
       6    1991      228     16020     10.1      23.1     1.505       4.3          0
       6    1991      229     12770     11.3      19.6     1.452       6.6        0.5
       6    1991      230     15340     10.6      19.3     1.407       5.6          2
       6    1991      231     14810      7.9      20.3     1.304       4.3        0.6
       6    1991      232     16340        9      21.1     1.400       3.6        0.4
       6    1991      233     20900      8.6      25.7     1.426       2.1          0
       6    1991      234     17930     13.3      31.1     1.756         3          0
       6    1991      235     19470     14.5      23.4     1.445       4.7        0.4
       6    1991      236     14770      9.8      21.9     1.402         5          0
       6    1991      237     14310      8.7      22.4     1.410       2.2          0
       6    1991      238     11830     10.1      21.9     1.554       2.1        0.2
       6    1991      239     13310      6.9      21.1     1.265         2          0
       6    1991      240     15970      8.7      20.6     1.333       3.5        0.1
       6    1991      241     20610      6.7      22.7     1.258       3.1          0
       6    1991      242     20230      5.5      23.5     1.274       2.2          0
       6    1991      243     19770      8.1      25.1     1.415       2.7          0
       6    1991      244     19200     11.5      28.5     1.450         3          0
       6    1991      245     18480       13      29.2     1.620       2.1          0
       6    1991      246     18580     10.3        30     1.508       2.6          0
       6    1991      247     18180     10.8        23     1.606       3.1          0
       6    1991      248      5120      8.8      20.1     1.489       3.7        1.4
       6    1991      249      8850     11.5      17.5     1.132       4.9          0
       6    1991      250      6840     13.4      17.7     1.494       4.8        1.2
       6    1991      251      9700     10.4      19.5     1.472         3        3.2
       6    1991      252      6490      9.5      18.7     1.334       2.1          0
       6    1991      253     14470      7.5        22     1.374         2          0
       6    1991      254     10170      6.5      17.6     1.119       3.3          0
       6    1991      255     13170      3.8        18     1.028       1.8          0
       6    1991      256     17000      2.9      21.5     1.062       1.2          0
       6    1991      257     15860      3.1        24     1.008       2.6          0
       6    1991      258      4120      8.1      21.1     1.519       3.2          1
       6    1991      259      8240      4.1      18.4     1.204       3.4        6.1
       6    1991      260      7110      9.9      18.4     1.354       5.4          0
       6    1991      261      7420      8.5      19.8     1.477       3.8        0.8
       6    1991      262     11670      5.6      18.8     1.184       2.3          0
       6    1991      263     11470      4.9      19.6     1.188       1.9          0
       6    1991      264     14690      4.7        22     1.229       2.3          0
       6    1991      265      6800      9.5      18.4     1.322       5.4        3.6
       6    1991      266      7640     10.4      16.9     1.357       6.1        2.8
       6    1991      267      3700     13.9      19.4     1.672       8.6        4.8
       6    1991      268      2570     12.9        15     1.550       1.8          9
       6    1991      269      2920     11.6        16     1.520       2.9        9.5
       6    1991      270      5190     10.5      14.3     1.323       1.8        2.4
       6    1991      271     11140      9.3      17.6     1.281       3.3        0.6
       6    1991      272      5220     10.8        16     1.438       2.9        2.2
       6    1991      273      4660        5      14.4     1.067       4.6        0.4
       6    1991      274      4400      4.8      14.2     1.031       6.8        5.8
       6    1991      275     10190      7.7      15.9     1.115       7.4        2.6
       6    1991      276      3870      7.6        16     1.260         5        1.2
       6    1991      277      9730      6.4      16.9     1.209       2.1          0
       6    1991      278      9350      6.5      18.8     1.302       1.5          0
       6    1991      279      7970      3.6      15.7     1.064       3.1        0.9
       6    1991      280      3410      3.1      13.6     1.062       1.5          0
       6    1991      281      7910      9.6      16.8     1.435       2.1          0
       6    1991      282      3020      9.4      13.2     1.322       1.4          0
       6    1991      283      7690      8.4        19     1.451       1.6          0
       6    1991      284     10090      9.9      20.2     1.367       3.5          0
       6    1991      285      8040      9.3        17     1.329       2.5          0
       6    1991      286       900     11.7      13.1     1.419       2.3       13.1
       6    1991      287      8260     10.1      17.6     1.449       2.8          0
       6    1991      288      6810      9.1        17     1.407       2.7          0
       6    1991      289      4540     10.9      15.5     1.391       6.7        5.6
       6    1991      290      7390      5.9      13.5     0.987       9.3        3.8
       6    1991      291      6840        5      11.9     0.974       8.4       10.3
       6    1991      292      5730      3.6      10.5     0.841       6.4        2.6
       6    1991      293      5280      2.5       9.2     0.831       2.3        0.1
       6    1991      294      6470      2.4      11.1     0.900       2.5          0
       6    1991      295      3810      0.2      11.1     0.846       2.6        0.6
       6    1991      296      4210      8.1        13     1.139       3.1        0.9
       6    1991      297      3310      8.2      12.4     1.169       2.7        0.1
       6    1991      298      2210      8.2      10.4     1.107       1.5          0
       6    1991      299      8000      1.2      10.2     0.762       3.1          0
       6    1991      300      8030       -1       9.7     0.658       3.3          0
       6    1991      301      7460     -0.3       8.1     0.631       3.3          0
       6    1991      302      7350     -0.9       9.8     0.694       2.9          0
       6    1991      303      6600     -0.6         8     0.721       3.2          0
       6    1991      304      5010     -0.3         8     0.690       3.7          0
       6    1991      305      2870      4.2      11.3     0.880       5.6          3
       6    1991      306      3320      9.7      13.4     1.175       8.1        1.7
       6    1991      307      1910      4.9      11.7     0.954       7.7         11
       6    1991      308      2030      3.7       7.9     0.872       5.1        1.4
       6    1991      309      4870      0.5       9.6     0.764       4.2        0.4
       6    1991      310      4860      1.9       8.3     0.800         6        4.4
       6    1991      311      1820        7      12.6     1.155       9.5       23.3
       6    1991      312      3730      4.3      12.3     0.985       7.3        5.5
       6    1991      313      3050      2.1       9.2     0.820       4.4          5
       6    1991      314      5440      1.2       7.9     0.763       5.5        1.4
       6    1991      315      1820      3.5       9.2     0.923       6.8        7.6
       6    1991      316      4420      1.8      10.1     0.881       5.3        2.4
       6    1991      317      4030      4.8       9.1     0.874       6.7        6.4
       6    1991      318      1010      2.6       6.1     0.793       4.8        1.3
       6    1991      319      2580     -0.1       7.1     0.779       3.7        0.8
       6    1991      320      4320       -1       9.4     0.793       1.8          0
       6    1991      321      1960      0.4       4.9     0.743         2          0
       6    1991      322      1110      0.4       4.1     0.724       3.5        2.8
       6    1991      323      1250      3.2       5.1     0.767       7.2        0.4
       6    1991      324      2560       -1       3.3     0.622       6.2          0
       6    1991      325      1930     -5.2      -0.7     0.514       2.6          0
       6    1991      326       970     -0.7       4.9     0.723       4.7          1
       6    1991      327      1020      4.9         7     0.925       3.4          0
       6    1991      328      2440      1.7       7.7     0.803       2.5          0
       6    1991      329      2450     -0.2       4.3     0.681       3.3          0
       6    1991      330      1250      0.6       5.8     0.713       2.6          0
       6    1991      331      1540     -0.8       8.2     0.759       1.4          0
       6    1991      332      1640      1.5       6.4     0.818       2.9          0
       6    1991      333      3060      1.6       8.5     0.855       2.2          0
       6    1991      334      3570     -0.5       8.2     0.782         3          0
       6    1991      335      1140     -0.5       1.5     0.650       1.7          0
       6    1991      336       550        0       2.3     0.679       2.5          0
       6    1991      337       910     -0.3       1.8     0.661       1.9          0
       6    1991      338       990      0.2       8.3     0.803       3.5          0
       6    1991      339      3330       -1       6.8     0.706       3.3          0
       6    1991      340      4000     -4.9       5.4     0.591       2.6          0
       6    1991      341       960      4.5       6.7     0.809       2.5          0
       6    1991      342      2520     -0.9       6.2     0.708       1.8          0
       6    1991      343      2170     -2.6       4.5     0.632         2          0
       6    1991      344      3450     -5.1       0.3     0.412       3.2          0
       6    1991      345      3260     -5.4       0.9     0.465       3.3          0
       6    1991      346       970     -1.7       2.1     0.554       3.9          0
       6    1991      347      2360     -1.3       4.3     0.649       5.3          0
       6    1991      348      2730     -1.8         5     0.667       5.6          0
       6    1991      349      2570     -3.9         2     0.513       3.3          0
       6    1991      350       970     -3.2       2.7     0.566       2.4          0
       6    1991      351       590      2.1       8.2     0.878       4.8        4.4
       6    1991      352      2010      2.9       8.5     0.814       7.8       10.6
       6    1991      353       250        4      10.5     0.959       9.7        9.6
       6    1991      354      1190      1.6         6     0.703       8.4        6.2
       6    1991      355       640        2       4.1     0.749         4        5.6
       6    1991      356       550      1.7        12     0.953       6.1        2.6
       6    1991      357      1110      4.3      12.1     0.948        12        3.8
       6    1991      358      2580      2.1       7.5     0.759       6.3        2.6
       6    1991      359      1820      0.6       5.5     0.691       4.3          0
       6    1991      360       680        4       8.5     0.871      10.2        1.8
       6    1991      361      1360      4.4       7.6     0.786       6.1          0
       6    1991      362      2150      3.2       7.4     0.844         4          0
       6    1991      363       410        5       6.5     0.904       3.8          0
       6    1991      364      1870       -1       6.1     0.746       1.4          0
       6    1991      365       440      1.7       4.8     0.774       3.8        0.2
