* Country: Netherlands
* Station: Eelde
* Year: 1967
*  Source: Weather data and coordinates from
*  Eelde (KNMI)
*  Author: J. W. Steenhuizen PRI Wageningen
*  Longitude: 235.030 Amersfoortse coordinates
*  Latitude: 571.460
*  Elevation: 4.0 m.
*  Comments: For internal use only
*  Columns:
*  ========
*  station number
*  year
*  day
*  irradiation (kJ m-2 d-1)
*  minimum temperature (degrees Celsius)
*  maximum temperature (degrees Celsius)
*  vapour pressure (kPa)
*  mean wind speed (m s-1)
*  precipitation (mm d-1)
*--------------------------------------------------------------------------*
   6.35 53.08 4.0 0.00 0.00
        6       1967          1          3014         1.4         5.7       0.660      7.7       1.7
        6       1967          2          2386           1         5.5       0.670      8.3       2.3
        6       1967          3          2470           0         5.0       0.610      5.7       6.6
        6       1967          4          3182        -1.5         3.2       0.590      4.3       4.2
        6       1967          5          2135        -3.9        -0.5       0.500      1.4       0.4
        6       1967          6          3140        -7.2        -0.1       0.450      1.3       1.1
        6       1967          7          4899       -14.4        -4.5       0.280      1.8         0
        6       1967          8          5150       -11.3        -1.9       0.320        2       0.5
        6       1967          9          4061       -10.7         0.0       0.410      2.1       0.1
        6       1967         10          1800       -10.2         2.0       0.480      5.3       0.4
        6       1967         11          1675         1.9         5.9       0.690      6.9       2.7
        6       1967         12          1633        -0.2         5.5       0.680      5.4       1.1
        6       1967         13          1130         2.9         7.8       0.810      6.8       0.2
        6       1967         14          1591           5         7.6       0.850      6.9         0
        6       1967         15           461         3.6         5.2       0.790        3       0.1
        6       1967         16           502         2.3         3.9       0.680        3         0
        6       1967         17          3977        -1.3         4.9       0.580      2.8         0
        6       1967         18           670           0         4.6       0.680      5.8       0.4
        6       1967         19          2973         2.6         8.9       0.790      5.5         0
        6       1967         20          2931         2.4         5.6       0.710        3         0
        6       1967         21          1800         3.4         8.1       0.850      5.6       1.1
        6       1967         22          2721         0.1         5.3       0.700      4.3       7.1
        6       1967         23          2093         0.7         4.3       0.690      4.4       0.3
        6       1967         24           963         2.1         5.6       0.790      1.7       3.9
        6       1967         25          1675         4.2         7.6       0.820      3.5       5.1
        6       1967         26          1214         3.4         7.4       0.780        7       6.5
        6       1967         27          3266         1.3         4.3       0.600      3.7         3
        6       1967         28          1005         2.9         9.6       0.990      5.4       4.6
        6       1967         29          1465         6.4         9.2       0.990      4.4       1.3
        6       1967         30          3391         4.3         9.7       0.840      3.5       0.1
        6       1967         31          3308         5.7         9.8       0.890      5.5       0.1
        6       1967         32          2177         6.5         8.5       0.930      6.6       4.2
        6       1967         33          1089         6.8         9.8       1.050      6.8       2.2
        6       1967         34          1549         7.2        10.2       0.980      9.8         0
        6       1967         35          3475         2.1         7.7       0.740      6.6         0
        6       1967         36          4522         0.7         8.0       0.750      4.4       0.3
        6       1967         37          3433         2.8         8.0       0.780      5.8         0
        6       1967         38          5359         3.1         6.9       0.720      3.6       0.9
        6       1967         39          5108         1.4         6.5       0.610      6.3       1.4
        6       1967         40          5945        -3.7         5.1       0.600      2.4       0.1
        6       1967         41          2052         1.7         6.3       0.760        3       0.1
        6       1967         42          2805         0.2         5.9       0.720      1.5       0.1
        6       1967         43          1842        -2.5         0.7       0.510      3.5         0
        6       1967         44          7411        -3.2         1.4       0.410      5.2         0
        6       1967         45          8290        -5.2         1.1       0.350        6         0
        6       1967         46          8541        -5.9         3.1       0.370      5.9         0
        6       1967         47          3852        -4.5         5.3       0.460        5         0
        6       1967         48          4354        -0.1         8.2       0.560      5.7         0
        6       1967         49          7578        -1.5         9.9       0.580      2.8         0
        6       1967         50          2805           2        10.0       0.860      8.2      12.4
        6       1967         51          6322         4.1         8.5       0.750      9.8       5.4
        6       1967         52          6531         3.9         8.7       0.730     11.2       6.8
        6       1967         53          7034         3.2         8.5       0.730      6.7       0.1
        6       1967         54          3601         4.4        11.1       0.770       14       2.6
        6       1967         55          9043         0.1         8.9       0.660      6.9         0
        6       1967         56          5903        -0.1         8.3       0.640      4.7         0
        6       1967         57          8039         4.9        11.6       0.860      4.8       1.1
        6       1967         58          6280         5.8         9.9       0.840      7.9       5.6
        6       1967         59          4689         4.9         9.7       0.810     13.2        23
        6       1967         60          9797         3.3         9.0       0.710     10.3       0.5
        6       1967         61          5736         4.6         7.8       0.700     11.1       0.7
        6       1967         62          5108           5         9.3       0.780     10.6         0
        6       1967         63          9253         4.3        11.2       0.780      5.4         0
        6       1967         64          4940         1.3         9.9       0.750      3.2         0
        6       1967         65          6908         1.9         9.8       0.830      6.2       0.1
        6       1967         66         11597         1.7        12.6       0.820        4         0
        6       1967         67          5527         8.5        13.3       0.990      4.6       1.2
        6       1967         68          5234         7.9        14.9       1.040      6.4       0.3
        6       1967         69          5150           6        12.0       0.810      9.3       3.1
        6       1967         70          8164         4.6         9.5       0.710      8.3       1.8
        6       1967         71          5862         1.8         8.0       0.630        9       0.7
        6       1967         72         10509         0.9         8.1       0.640      5.7       3.3
        6       1967         73          4354         0.5         9.1       0.790      5.9       0.2
        6       1967         74          5359         2.4         9.7       0.810      9.3       2.2
        6       1967         75         10886         1.1         8.0       0.650      7.3       1.1
        6       1967         76          3266          -1         8.5       0.770      7.1         2
        6       1967         77          7369         3.6         7.6       0.680     11.3       4.5
        6       1967         78          8415         3.6         8.8       0.690      8.6       3.1
        6       1967         79          7369         5.2         9.1       0.760      7.3       0.1
        6       1967         80          8667         5.8        11.4       0.910      6.9         0
        6       1967         81          3726         4.9        10.0       0.880      7.1         8
        6       1967         82         10048         2.2         7.7       0.660      8.5       0.9
        6       1967         83         11430           1         9.1       0.680      5.9       0.1
        6       1967         84          9043           6        11.0       0.770      7.6         0
        6       1967         85          9504         3.9        10.6       0.690      8.6       0.2
        6       1967         86          4522         2.7         9.0       0.730      6.7      19.4
        6       1967         87          8206         0.6         8.0       0.710      6.6      10.4
        6       1967         88          9546         0.5         7.4       0.690      6.2       7.5
        6       1967         89         12267           1         8.9       0.690      4.5         4
        6       1967         90          6029        -0.8         7.8       0.670      2.2       2.3
        6       1967         91         16329        -2.9         8.3       0.560      2.7       0.4
        6       1967         92          7578        -2.5         7.7       0.690      6.5       4.1
        6       1967         93         13607         2.4        10.9       0.820      5.7         2
        6       1967         94         11179         3.8        11.6       0.840      5.8       1.5
        6       1967         95          9337         1.6         9.0       0.790      7.4       3.7
        6       1967         96          9253           1         6.0       0.640      6.6       3.5
        6       1967         97          6699         1.3         6.5       0.680      5.1       1.1
        6       1967         98          5527         1.7         8.7       0.800      2.4       1.5
        6       1967         99         18254         0.8        12.4       0.780      5.9         0
        6       1967        100          1465           5         6.7       0.850      5.5      17.2
        6       1967        101         14570         4.6        15.1       0.880      3.5       0.4
        6       1967        102         12895           4        17.3       0.900      2.4       4.6
        6       1967        103         17417         4.7        15.5       0.960      4.7         0
        6       1967        104         19552           3        12.1       0.840      6.3         0
        6       1967        105         15659         4.6        14.0       0.880      3.7         0
        6       1967        106         13858         2.7        12.3       0.810      2.4         0
        6       1967        107         13775         3.2        14.1       0.930      5.7         0
        6       1967        108         16873         2.3         8.2       0.570      7.2       1.1
        6       1967        109          8541           1         9.1       0.740      7.6         1
        6       1967        110         13398         6.4        11.7       0.790      9.1       0.4
        6       1967        111         13481         0.9         7.9       0.640        7         9
        6       1967        112         14486           0         8.3       0.580      4.2       2.7
        6       1967        113         17417           1         8.3       0.570      3.4       1.2
        6       1967        114         20976        -0.7         9.9       0.510      2.7         0
        6       1967        115         24660        -1.2        11.9       0.540      3.5       0.1
        6       1967        116         23990         1.8        13.2       0.670      3.2         0
        6       1967        117         24577         1.9        13.5       0.650      4.2         0
        6       1967        118         17961         2.8        12.6       0.740      3.3       0.3
        6       1967        119         23362         2.8        11.7       0.820      4.8       0.2
        6       1967        120         21688         1.7        15.8       0.830      5.4       1.1
        6       1967        121         15742           0         9.9       0.700      4.8       0.7
        6       1967        122         16622        -1.6         9.1       0.630      2.3       3.1
        6       1967        123         21897          -3        10.2       0.600      3.5       0.2
        6       1967        124         23195        -1.4        15.0       0.560      5.7       0.1
        6       1967        125         22441         5.8        18.1       0.670      8.4         0
        6       1967        126          8625         5.9        12.8       0.920      3.7       4.5
        6       1967        127         17752         6.5        15.6       0.950      4.2       1.4
        6       1967        128         23572         4.9        16.0       0.960      3.4       0.1
        6       1967        129         23404           5        19.0       0.910      2.2       0.1
        6       1967        130         25414         7.1        22.2       1.030      2.8         0
        6       1967        131         22316        10.1        27.2       1.270      3.6         0
        6       1967        132         15156        11.8        24.7       1.430      2.3       6.5
        6       1967        133         10509         9.4        18.7       1.400      2.4       1.6
        6       1967        134         22274         7.9        23.8       1.460      3.2         3
        6       1967        135         14779         9.2        20.5       1.400      3.3      27.4
        6       1967        136         14319         8.9        18.4       1.240      2.9       2.7
        6       1967        137         15114         5.6        16.7       1.100      2.4       1.8
        6       1967        138         16580         0.5        10.9       0.760      5.5       1.1
        6       1967        139          9002         0.8        12.7       0.920      5.7       4.7
        6       1967        140         21227         9.2        15.2       1.010      7.4       1.2
        6       1967        141         19217           8        17.0       1.050        4         0
        6       1967        142          9546         9.3        19.8       1.060      4.1       2.6
        6       1967        143         11514         7.2        14.9       1.130      2.1       1.7
        6       1967        144         13230         6.4        14.9       1.070      5.4       2.6
        6       1967        145         14947         7.9        15.6       1.010      4.2       2.4
        6       1967        146         20557         8.2        16.6       1.040      4.7       1.4
        6       1967        147         27172           6        20.1       1.140      3.7       0.1
        6       1967        148         23739        11.6        25.6       1.510      5.7         0
        6       1967        149          8415        11.2        17.3       1.300      2.1       4.6
        6       1967        150         15910           9        17.8       1.210      2.7       0.8
        6       1967        151          2721        10.4        12.7       1.220      5.5        12
        6       1967        152          8667        11.6        18.5       1.270      1.9         0
        6       1967        153         24451        10.6        18.0       1.240      2.3       3.7
        6       1967        154         21604          10        20.7       1.270      1.6         0
        6       1967        155         16873        10.4        20.2       1.370      4.6       1.9
        6       1967        156         21939           8        17.0       1.030      2.9       0.1
        6       1967        157         19845        11.4        21.3       1.460      5.4       0.8
        6       1967        158         10174         5.5        17.2       1.180      4.5       0.1
        6       1967        159         21897         4.4        15.3       0.860        4         0
        6       1967        160         15324         6.4        15.0       0.770      2.6         0
        6       1967        161         17794           8        14.3       0.850      5.1       1.2
        6       1967        162         24535         9.3        15.6       1.040      5.4         0
        6       1967        163         24200         9.3        18.1       0.980      4.2         0
        6       1967        164         30145           9        17.2       1.040      5.1         0
        6       1967        165         18045        10.4        16.7       1.210      4.8       0.2
        6       1967        166         26712         8.6        17.4       1.050      4.2       0.1
        6       1967        167         27382        10.9        18.2       1.320      5.6         0
        6       1967        168         23655        11.7        17.1       1.120      4.8         0
        6       1967        169         10928        11.2        16.7       1.100      2.4         0
        6       1967        170         18045         4.4        19.2       1.180      1.6         0
        6       1967        171         19427         7.3        21.7       1.240      4.1         0
        6       1967        172         20348         8.6        17.9       1.060      5.1         0
        6       1967        173         11891         9.1        19.2       1.400      5.5         0
        6       1967        174         12728        11.6        17.8       1.370      3.9         0
        6       1967        175         10006        11.5        19.9       1.460      3.8         3
        6       1967        176         23865        11.1        27.5       1.660      3.5       4.8
        6       1967        177         20097        10.2        20.8       1.270      3.8         0
        6       1967        178          6741        12.9        16.5       1.470      0.8      10.3
        6       1967        179         23655        12.5        21.2       1.390        4       2.4
        6       1967        180          5862        11.5        17.7       1.450        6         0
        6       1967        181         24116         7.6        18.9       1.070      3.5         0
        6       1967        182         25707         5.4        21.0       1.250        2         0
        6       1967        183         25665          13        25.1       1.590      2.7         0
        6       1967        184         16789         9.2        20.6       1.290      3.5         0
        6       1967        185         21060         6.9        18.6       1.050      4.8         0
        6       1967        186         16077         6.3        20.6       1.200      1.4         0
        6       1967        187         22818         7.8        23.3       1.220      1.9         0
        6       1967        188         17250        12.9        25.8       1.560      2.3       0.8
        6       1967        189          8792        13.3        21.5       1.600      4.2       5.3
        6       1967        190         25665         9.3        19.1       1.160      5.3         0
        6       1967        191         26670         6.3        22.6       1.270      2.9         0
        6       1967        192         25414        10.6        24.8       1.450        3         0
        6       1967        193         24367        10.8        22.6       1.420      3.7         0
        6       1967        194         24660          14        25.9       1.680      4.8       0.8
        6       1967        195          4061        16.6        20.9       1.920        2      11.2
        6       1967        196          3308        14.7        18.7       1.760      1.6      21.6
        6       1967        197         23948        10.1        20.7       1.410      2.8       0.4
        6       1967        198         27424         7.9        24.0       1.460      1.6         0
        6       1967        199         24283        12.9        27.9       1.690      3.4         0
        6       1967        200         21855        14.9        25.2       1.890      3.6       5.7
        6       1967        201         20850        10.8        22.1       1.460      3.6       0.2
        6       1967        202         18631        10.1        21.2       1.370      2.6         0
        6       1967        203         25498         8.7        20.8       1.210      2.7         0
        6       1967        204         10300        11.7        18.1       1.360      3.6       4.9
        6       1967        205         27424         8.6        23.2       1.260      1.7         0
        6       1967        206         13523          11        20.8       1.440      3.5       0.1
        6       1967        207         17501        10.4        23.2       1.610      3.7         0
        6       1967        208         24702          13        24.6       1.620      4.1         0
        6       1967        209         15031        12.4        21.9       1.720      3.8         3
        6       1967        210         21185        13.4        22.9       1.380      1.9       8.1
        6       1967        211          5903        13.4        20.8       1.830      4.4       2.3
        6       1967        212         15491          16        25.4       1.970      3.1         0
        6       1967        213         19804          15        28.1       1.980      2.3         0
        6       1967        214         13230        15.2        25.3       1.920      2.6      10.6
        6       1967        215         11974         9.7        18.8       1.490      4.2       5.3
        6       1967        216         15701         8.5        19.9       1.230      3.7       1.2
        6       1967        217         17961         8.2        18.3       1.150      4.8       2.5
        6       1967        218         18966         5.7        20.2       1.130      1.9         0
        6       1967        219         22274         8.5        22.4       1.090      2.1         0
        6       1967        220         22567         9.8        24.7       1.320      2.9         0
        6       1967        221          8122        14.7        21.6       1.700      2.6       4.9
        6       1967        222         18673          14        22.7       1.700      2.3       0.5
        6       1967        223         16747        12.8        21.9       1.510      3.5       0.7
        6       1967        224         11556        11.9        18.8       1.370      4.5       8.8
        6       1967        225         11765         9.7        18.2       1.370      4.5      13.1
        6       1967        226         13775         9.5        18.5       1.360      5.3       3.6
        6       1967        227         14403        13.5        19.3       1.430      5.9       8.8
        6       1967        228         12100        11.3        21.5       1.530      3.4       0.8
        6       1967        229         15156        11.8        18.6       1.390      5.7       5.9
        6       1967        230         10216        11.8        19.6       1.510      5.4       1.6
        6       1967        231         13147        11.1        19.3       1.440      4.1       1.8
        6       1967        232         17836         9.1        18.8       1.120        3         0
        6       1967        233          6280        12.9        17.7       1.480      2.6         0
        6       1967        234          5024          15        17.5       1.520      1.4         0
        6       1967        235         21311        13.4        22.6       1.580      2.8         0
        6       1967        236         19092        13.1        23.1       1.620      3.5         0
        6       1967        237         17124        13.4        24.9       1.600      1.9       0.1
        6       1967        238         14905        11.5        21.1       1.520      2.6         0
        6       1967        239         14989           8        20.5       1.350      1.3         0
        6       1967        240         14696         8.7        22.2       1.420        1         0
        6       1967        241         16077        10.2        23.5       1.430      3.5         0
        6       1967        242         15784         8.4        20.5       1.310      3.8         0
        6       1967        243          5275        12.4        18.3       1.560      4.8      12.8
        6       1967        244         13440        11.6        19.8       1.500      2.4       5.5
        6       1967        245          7411        12.8        18.9       1.590      5.6       6.3
        6       1967        246          4815        12.9        16.5       1.420      6.8       0.3
        6       1967        247         14612        10.8        18.2       1.280      6.3       2.8
        6       1967        248          5778        10.6        15.8       1.260        8       6.4
        6       1967        249         15407           9        17.3       1.220      6.3       1.9
        6       1967        250         11807         6.4        17.8       1.110      2.1       2.1
        6       1967        251         12309         3.7        18.0       1.090      1.4       4.5
        6       1967        252         11346         7.2        18.2       1.130      2.2       0.1
        6       1967        253         16622         5.1        18.3       0.980      0.9         0
        6       1967        254          2973         9.2        13.9       1.250      1.4       4.6
        6       1967        255         13188         9.7        17.9       1.300        2       0.1
        6       1967        256          9085          11        18.6       1.420      4.2       0.8
        6       1967        257          4647        14.4        19.3       1.660      4.8      12.8
        6       1967        258          5778        10.4        17.6       1.550      3.7      18.4
        6       1967        259         11179         9.6        18.8       1.440      2.6       2.1
        6       1967        260          6866        11.4        17.8       1.470      1.9         0
        6       1967        261         10551         8.2        19.2       1.340      1.9       4.5
        6       1967        262         10006        10.6        16.9       1.260      4.2       0.8
        6       1967        263          8415         9.2        15.0       1.140      5.2      17.4
        6       1967        264          8834         8.7        15.8       1.230      2.7       1.2
        6       1967        265          8332         6.6        16.0       1.180      3.3       1.9
        6       1967        266          9169         6.1        17.3       1.270      2.7       0.3
        6       1967        267          5527        10.6        18.1       1.440      3.2       0.5
        6       1967        268          7997        15.7        20.3       1.640      3.1       0.6
        6       1967        269          9295        15.6        25.1       1.930      2.8       0.1
        6       1967        270         13481        10.9        19.8       1.390      2.9         0
        6       1967        271         13649         9.1        21.9       1.350      1.2         0
        6       1967        272          8876          10        21.7       1.600      2.8         0
        6       1967        273         11346        11.5        18.2       1.420      6.8         0
        6       1967        274          6113        10.9        16.9       1.250      5.1         0
        6       1967        275          6113         7.4        14.9       1.120      5.6       4.1
        6       1967        276          8876         8.2        15.4       1.040      6.9       0.1
        6       1967        277          7829           9        13.9       1.090      6.7       7.1
        6       1967        278          7578           8        14.1       1.040      7.3       9.3
        6       1967        279          7578         6.9        15.1       1.160      4.2       0.4
        6       1967        280          2763        11.7        16.4       1.420      6.5       9.4
        6       1967        281          3266         6.6        16.8       1.270      6.6       0.3
        6       1967        282          2428           7        17.4       1.470      5.9       3.5
        6       1967        283          2512        12.7        15.8       1.490      4.6       2.9
        6       1967        284          3726        12.2        16.1       1.400      4.4       0.1
        6       1967        285          4480        13.1        17.8       1.490      2.8         0
        6       1967        286          4731           7        15.5       1.220      5.2         5
        6       1967        287          9546         7.2        14.3       1.050      5.7         0
        6       1967        288          8834        10.1        15.5       1.140        8         4
        6       1967        289          6824         8.4        16.5       1.110      4.5      17.4
        6       1967        290          3391         5.2        17.4       1.130     11.8      12.8
        6       1967        291          9546         2.6        11.5       0.720      5.3       2.8
        6       1967        292          5317         3.8         9.7       0.820      5.4       0.3
        6       1967        293          7746           6        17.6       1.110        5       0.2
        6       1967        294          4019        11.1        17.1       1.400      3.8       2.4
        6       1967        295          5192         4.1        15.6       1.150        4       1.1
        6       1967        296          8122         2.4        14.5       0.900      3.3         0
        6       1967        297          3936         2.1        12.5       1.000      4.2       1.8
        6       1967        298          5820         2.8        13.9       1.040      5.4       0.3
        6       1967        299          7327         9.5        14.5       1.110      8.7       3.3
        6       1967        300          3391         7.5        11.8       1.030      6.2      10.6
        6       1967        301          6238         7.6        11.9       0.970     10.2         9
        6       1967        302          2973         5.3        10.8       0.890        7       9.7
        6       1967        303          5150         4.5         8.9       0.860      4.8       0.2
        6       1967        304          2345           4         7.6       0.860      5.2       4.1
        6       1967        305          2219         5.9         9.4       0.880        4         4
        6       1967        306          5401         6.4        11.3       0.880        6       0.1
        6       1967        307          2931         5.3         9.8       0.890      8.2       6.6
        6       1967        308          3894         5.1        11.0       0.750      5.9         0
        6       1967        309           837         5.7         8.2       0.840      4.7         2
        6       1967        310          1089         5.5         7.2       0.790      9.8       7.2
        6       1967        311          6029           0         8.3       0.710        5         0
        6       1967        312          6824        -2.2         9.4       0.620      1.5       0.1
        6       1967        313          3475        -2.2         5.9       0.650      2.4       2.3
        6       1967        314          4480        -0.1         9.0       0.740      4.1         2
        6       1967        315           670         1.7        11.9       0.980      7.7       6.8
        6       1967        316          5192         1.5        10.2       0.740        6       0.2
        6       1967        317          4061           0        10.1       0.800      3.9         0
        6       1967        318          1256         2.8         9.0       0.890      4.7       1.3
        6       1967        319          2805         3.8         8.6       0.870      3.1         0
        6       1967        320          2931         1.9         8.5       0.740      4.6       1.3
        6       1967        321          4731        -1.8         8.7       0.610      2.1       0.1
        6       1967        322          5987        -3.4         7.4       0.680      2.7       0.1
        6       1967        323          2010         4.9         9.6       0.990      1.5       0.5
        6       1967        324          4522        -1.2         5.6       0.660        3       0.1
        6       1967        325          2345        -3.1         5.1       0.600      1.3       0.1
        6       1967        326          1172         4.7         8.4       0.920      1.6         0
        6       1967        327           963         5.6         6.8       0.880      1.6       0.1
        6       1967        328          3977         1.2         7.2       0.730      3.4         0
        6       1967        329           670         0.6         3.3       0.620      3.3         0
        6       1967        330           963         1.4         4.9       0.740      2.4       1.2
        6       1967        331          1926        -2.8         6.0       0.680      3.6      12.5
        6       1967        332           628        -2.6         8.7       0.810      4.4      11.5
        6       1967        333          2345         5.7         9.0       0.900      5.1       6.1
        6       1967        334          3726        -0.3         8.5       0.790      2.3       0.1
        6       1967        335           879         1.6         4.9       0.770      3.4       0.4
        6       1967        336          1717           3         6.2       0.830      1.7       0.3
        6       1967        337           921         1.7         9.2       0.780      6.2       0.6
        6       1967        338          2470         5.7         8.6       0.810      6.4       0.2
        6       1967        339           502         5.1        10.1       0.830      8.8       0.5
        6       1967        340          1926           1         5.4       0.660      5.9       3.3
        6       1967        341          2135         0.5         3.3       0.600      7.4         9
        6       1967        342          1884        -0.4         3.2       0.600      6.1       9.8
        6       1967        343          1172        -1.3         1.6       0.590      6.9       1.4
        6       1967        344          3517        -7.1         0.2       0.450      3.3       1.4
        6       1967        345          3643        -8.4        -2.5       0.360      4.1         0
        6       1967        346          1130        -2.6         3.9       0.610      4.7       2.8
        6       1967        347          1340         3.7         7.8       0.910      2.4       2.5
        6       1967        348          1005         5.8         8.6       0.980        2       1.6
        6       1967        349           586         5.2         6.6       0.820      7.2       2.9
        6       1967        350          2512         1.7         6.5       0.680      6.2       3.4
        6       1967        351          1968        -0.1         3.3       0.560      5.6       2.7
        6       1967        352          2889         0.1         4.2       0.620      4.5       5.3
        6       1967        353          2931        -4.1         4.4       0.590      4.2       2.5
        6       1967        354          2847        -3.9         3.7       0.550      2.9       0.3
        6       1967        355           879        -1.8         4.2       0.550      7.6       2.3
        6       1967        356           670         4.2         9.7       0.970        8         0
        6       1967        357           795         7.6        11.8       1.080      9.9      13.4
        6       1967        358           670         6.3         8.4       0.930      7.1       5.6
        6       1967        359           544         4.4         6.9       0.860      3.6         2
        6       1967        360          1507        -1.3         6.3       0.690      3.1       1.1
        6       1967        361          1549          -5         4.2       0.560      4.4       4.3
        6       1967        362          1717         2.2         7.0       0.770        6       6.8
        6       1967        363          1968         0.5         5.6       0.630      3.7       4.3
        6       1967        364          2052        -2.2         3.9       0.630      3.6       1.8
        6       1967        365          2219        -1.5         2.9       0.610      4.9       6.9
