* Country: Netherlands
* Station: Eelde
* Year: 1980
*  Source: Weather data and coordinates from
*  Eelde (KNMI)
*  Author: J. W. Steenhuizen PRI Wageningen
*  Longitude: 235.030 Amersfoortse coordinates
*  Latitude: 571.460
*  Elevation: 4.0 m.
*  Comments: For internal use only
*  Columns:
*  ========
*  station number
*  year
*  day
*  irradiation (kJ m-2 d-1)
*  minimum temperature (degrees Celsius)
*  maximum temperature (degrees Celsius)
*  vapour pressure (kPa)
*  mean wind speed (m s-1)
*  precipitation (mm d-1)
*--------------------------------------------------------------------------*
   6.35 53.08 4.0 0.00 0.00
        6     1980           1      3330    -0.4        3.2      0.610       4.5       1.7
        6     1980           2      1270   -10.5          1      0.510         2       7.5
        6     1980           3      3190     -11       -1.3      0.400       2.5         0
        6     1980           4       630    -1.5        2.1      0.620         6       6.6
        6     1980           5       940     0.5        3.9      0.710         4       0.9
        6     1980           6      1100    -0.1        5.8      0.790         3       0.7
        6     1980           7       500    -0.9        3.2      0.670         2         0
        6     1980           8      1770    -3.3        0.4      0.510       3.5       0.1
        6     1980           9       660    -3.3       -0.7      0.520       2.5         0
        6     1980          10      2460    -3.2       -0.8      0.490       2.5         0
        6     1980          11      1790    -7.2       -1.7      0.400         2         0
        6     1980          12      4170    -7.6       -3.6      0.330         3         0
        6     1980          13      4380    -9.9       -3.1      0.320         2         0
        6     1980          14      1580    -9.5       -1.8      0.390       3.5         0
        6     1980          15       990    -6.8       -1.8      0.460       1.5         0
        6     1980          16      1830      -6       -1.1      0.470       1.5         0
        6     1980          17      5280    -8.6       -1.6      0.410       1.5         0
        6     1980          18      1210    -7.2       -5.1      0.380         3         0
        6     1980          19      2310      -8       -4.3      0.370         3         0
        6     1980          20      2380    -6.6        0.3      0.480       2.5         0
        6     1980          21      3030    -4.1        3.4      0.580         6       3.3
        6     1980          22      1270     2.7        4.6      0.730       6.5       0.5
        6     1980          23      1240     1.3        3.7      0.720       4.5       0.6
        6     1980          24      1020     1.2        3.2      0.700       3.5       1.3
        6     1980          25      1200    -1.5        3.3      0.660       2.5         5
        6     1980          26      3440    -2.3        2.6      0.580       3.5       0.2
        6     1980          27      5640    -2.9        2.8      0.530         3         0
        6     1980          28      1110    -2.6        0.7      0.560       2.5       4.7
        6     1980          29       880    -0.3        1.7      0.620       3.5       0.7
        6     1980          30      1910     1.6        7.7      0.820       8.5       2.8
        6     1980          31      1860     0.9        9.1      0.830         5       7.3
        6     1980          32      4830    -1.2        2.6      0.530         6       0.2
        6     1980          33       830    -1.7        4.5      0.670       4.5       8.1
        6     1980          34      2060     0.6        3.7      0.650         4       8.3
        6     1980          35      2360       0        0.7      0.590         5       0.9
        6     1980          36      1030     0.2        5.7      0.670         2      10.6
        6     1980          37       770    -0.2        3.1      0.640         3       2.1
        6     1980          38      1290     2.3        7.4      0.810       3.5       2.5
        6     1980          39      1120     3.1        8.3      0.920       3.5       6.1
        6     1980          40      3490     5.5       11.1      0.920         3         0
        6     1980          41      2050     2.6        8.2      0.920       5.5       0.7
        6     1980          42      3030     3.6        7.9      0.870       4.5       1.7
        6     1980          43      1610     3.1        5.8      0.830         2         0
        6     1980          44      2940       3        7.9      0.870       2.5       1.9
        6     1980          45      3020    -0.7        3.8      0.690         2         0
        6     1980          46      1950     2.6          6      0.820       3.5       4.4
        6     1980          47      1550     1.6        6.1      0.850         2         0
        6     1980          48      2460       1        5.5      0.770       1.5         0
        6     1980          49      6050       0        7.4      0.710       3.5         0
        6     1980          50      9000    -1.1        4.4      0.580         4         0
        6     1980          51      8670    -1.1        6.6      0.590         4         0
        6     1980          52      9030      -1        9.6      0.630         3         0
        6     1980          53      9190    -1.2        9.5      0.620         3         0
        6     1980          54      8570    -0.6        8.7      0.650       2.5         0
        6     1980          55      7060      -1        4.4      0.630         3         0
        6     1980          56      2170    -2.3       -0.3      0.550         2         0
        6     1980          57      2540    -0.5        2.8      0.660         2         0
        6     1980          58      2120     0.8        3.7      0.630       1.5         0
        6     1980          59      3920     1.9        6.3      0.750       3.5         0
        6     1980          60      3010     4.1        8.4      0.910         5       1.1
        6     1980          61     10080    -0.1        8.9      0.820         7         0
        6     1980          62      2210    -0.1        7.7      0.680       6.5       0.7
        6     1980          63      9070    -1.7          5      0.580         5       0.8
        6     1980          64      3060      -1          6      0.620       2.5       1.4
        6     1980          65     12090    -1.1          8      0.590         4         0
        6     1980          66      2360     0.3        7.4      0.790         5       4.6
        6     1980          67      4070     5.4        8.4      0.900       5.5       2.8
        6     1980          68     11130       1       10.9      0.770       2.5         0
        6     1980          69      1720       0        3.5      0.720       1.5         0
        6     1980          70      3500       3        7.1      0.790       2.5         0
        6     1980          71      3680     2.9        5.8      0.750       2.5         0
        6     1980          72      4770     2.8        8.2      0.870       5.5      13.2
        6     1980          73      1590     5.6        6.9      0.930         4       7.7
        6     1980          74      2810       1        5.9      0.650         6         0
        6     1980          75      3160       1        3.4      0.670       5.5         0
        6     1980          76     10180    -0.1        7.4      0.700       3.5         0
        6     1980          77      1270     2.1        5.2      0.770         2         0
        6     1980          78      3390      -1        4.4      0.550       7.5         0
        6     1980          79     12420    -3.3        3.4      0.410         8         0
        6     1980          80     15340    -4.6        2.7      0.350       5.5         0
        6     1980          81     13610    -5.1        2.2      0.400       5.5         0
        6     1980          82      2660    -1.7        3.7      0.600         3       0.2
        6     1980          83      8440    -2.2        6.6      0.580       2.5         0
        6     1980          84     13850    -1.1        8.8      0.610       3.5         0
        6     1980          85     10750       0       10.6      0.720       3.5         0
        6     1980          86      8250     3.1       11.3      0.860         2       2.2
        6     1980          87      3750     2.7       12.8      1.130         4       1.7
        6     1980          88      5710     6.7       13.4      1.120         5       9.1
        6     1980          89      1820       5          8      0.890       9.5       5.8
        6     1980          90      8840     1.8        8.7      0.780       7.5       0.6
        6     1980          91     11720     0.7       12.4      0.800       2.5         0
        6     1980          92      3810       6       11.7      1.070       3.5       3.8
        6     1980          93      9710     4.2        8.6      0.810         9      13.1
        6     1980          94      6130     3.9        6.9      0.750       8.5         2
        6     1980          95     18570     0.6        8.3      0.670         6         0
        6     1980          96     15800    -2.5        9.3      0.710         2         0
        6     1980          97     16770     0.6       12.1      0.730         2         0
        6     1980          98      8450    -1.5       10.7      0.770       3.5       0.3
        6     1980          99      7160       1        6.8      0.760       8.5       2.1
        6     1980         100     10130     3.3        7.3      0.710       6.5       2.6
        6     1980         101     11590     4.8        9.6      0.850       5.5         0
        6     1980         102      8060       5       10.7      0.890         2         0
        6     1980         103     19180       5       14.9      0.810       3.5         0
        6     1980         104     20960     2.7       19.6      0.810       3.5         0
        6     1980         105     20350     2.6       21.5      0.850         2         0
        6     1980         106     19870     4.7         21      0.890       2.5         0
        6     1980         107     19250     5.6       22.7      1.020         2         0
        6     1980         108     17940     2.3       15.4      0.930         4         0
        6     1980         109      4300     1.8        8.9      0.970         6       4.4
        6     1980         110     13420     0.5        8.4      0.720      10.5       3.9
        6     1980         111     13270     0.4        7.4      0.660         6       4.8
        6     1980         112     17130    -0.9        9.4      0.710         4         0
        6     1980         113     10300     1.4          8      0.700         3         0
        6     1980         114     22440    -1.9        9.7      0.780         4         0
        6     1980         115     14160     4.2       10.2      0.810         8         0
        6     1980         116      5030     5.2        9.8      0.980         5       2.9
        6     1980         117     14380     4.3       13.2      0.900         4       0.6
        6     1980         118     19130     1.4       13.6      0.930       4.5         0
        6     1980         119      6800     5.6       10.3      0.950         5       3.8
        6     1980         120      8840     4.8       10.4      0.970         2       2.1
        6     1980         121     18710     3.6       16.4      1.050       4.5         0
        6     1980         122     20800     5.7       17.4      1.040         5         0
        6     1980         123     24750     4.4       13.4      0.790         7         0
        6     1980         124     26000     1.5       12.3      0.690       6.5         0
        6     1980         125     19140     0.3       12.1      0.660         4         0
        6     1980         126     17600    -0.8       11.2      0.700         4         0
        6     1980         127     21670     1.1       15.9      0.800       3.5         0
        6     1980         128     11820     6.1       16.1      1.030       3.5       6.3
        6     1980         129      6820     3.4        8.3      0.840         4         0
        6     1980         130     23950     1.7       11.2      0.710         4         0
        6     1980         131     27900    -2.1       15.8      0.750       2.5         0
        6     1980         132     26920     3.9       19.1      0.860         4         0
        6     1980         133     26490     7.3       21.6      0.900         5         0
        6     1980         134     26360     6.1         19      0.730         6         0
        6     1980         135     27710     4.8       17.5      0.720         5         0
        6     1980         136     26320     1.3       17.5      0.940       3.5         0
        6     1980         137     21380     4.6       18.6      0.850         2         0
        6     1980         138     22880     4.5       19.5      1.010         2         0
        6     1980         139     24870     7.4       21.7      1.150       3.5         0
        6     1980         140     26970     5.4       23.7      0.990       2.5         0
        6     1980         141     27960     2.3       22.5      0.960         3         0
        6     1980         142     26860     4.9       19.8      1.090         5         0
        6     1980         143     27790     2.9         13      0.700       5.5         0
        6     1980         144     11320    -0.2       14.1      0.990       3.5         0
        6     1980         145      6370     8.7       11.8      1.150       3.5       0.4
        6     1980         146     10320       8       15.5      1.110         4         0
        6     1980         147     13240       8         19      1.150       2.5         0
        6     1980         148     19320     7.2       22.1      1.310         2       8.4
        6     1980         149     13630    10.1       18.8      1.330         2         0
        6     1980         150     16430     9.6       19.9      1.320       2.5       8.7
        6     1980         151     12700     4.1       13.8      1.090       4.5       5.6
        6     1980         152     20490     2.2       18.6      1.020       2.5       2.2
        6     1980         153     27610     6.7         17      0.990       4.5         0
        6     1980         154     25700     4.6       18.7      1.050         5         0
        6     1980         155      8970     4.7         19      1.510       3.5         0
        6     1980         156     12240    11.2         20      1.590         2         0
        6     1980         157     22590    11.9       24.9      1.630       2.5         0
        6     1980         158     25030    10.2       29.2      1.820       2.5         0
        6     1980         159     17940    13.2       23.1      1.620       3.5       0.2
        6     1980         160     22410    11.4       21.7      1.290       2.5         0
        6     1980         161     18800    10.9       22.3      1.370       4.5       0.1
        6     1980         162      9630    11.6       20.3      1.720       1.5         0
        6     1980         163      7050    13.7       20.8      1.710         2       3.1
        6     1980         164     20010    10.8       22.4      1.510         3         0
        6     1980         165     18390      12       26.7      1.730         3         0
        6     1980         166     18480    14.5       31.7      2.000         4       8.6
        6     1980         167     17860      12       20.9      1.490         4         0
        6     1980         168     15520    10.7       20.9      1.560       3.5       3.3
        6     1980         169     17620      10       19.2      1.360       3.5         0
        6     1980         170      9360     9.3       16.8      1.410         2         6
        6     1980         171      8500       9       16.7      1.410         4       2.9
        6     1980         172     13190     9.2       15.1      1.220       6.5      18.9
        6     1980         173     11900     8.6       15.8      1.230       4.5         2
        6     1980         174     18550     7.1       16.8      1.220       3.5       7.5
        6     1980         175     19640     7.1         17      1.220         4       3.1
        6     1980         176     12980     9.6       16.6      1.300         4       2.5
        6     1980         177     15120       7         17      1.260         3       8.2
        6     1980         178     14550     6.2       15.8      1.160         3         0
        6     1980         179     15500       6       15.5      1.160       4.5       6.1
        6     1980         180     11970     7.6       15.7      1.230         3       1.2
        6     1980         181     11460     9.6       14.8      1.330       5.5      12.3
        6     1980         182      7190     9.5       13.5      1.260       5.5       9.5
        6     1980         183      6700    10.2       15.5      1.370       3.5        22
        6     1980         184     17280    12.6       18.4      1.480       5.5       1.6
        6     1980         185     12070    11.6       16.1      1.350       4.5         0
        6     1980         186     14410    10.9       18.8      1.360       2.5         0
        6     1980         187      7930    10.8       16.3      1.350       3.5       6.5
        6     1980         188     13350     7.9       19.2      1.350         2         0
        6     1980         189      7840     9.6       17.4      1.490         3      19.9
        6     1980         190      7080     9.2       16.8      1.500       1.5       8.6
        6     1980         191      9080    12.3       17.4      1.530       1.5         6
        6     1980         192     11970    12.4       19.8      1.640       3.5        10
        6     1980         193      6640      11       14.9      1.320         4         0
        6     1980         194      8320     8.2       16.2      1.280         4       1.4
        6     1980         195     11870       7       16.1      1.190       2.5         9
        6     1980         196      5840     6.7       17.6      1.380         3      18.3
        6     1980         197     15900    10.9       16.8      1.290         6         0
        6     1980         198      8120     9.2       14.7      1.240         7         4
        6     1980         199     18320     8.9       17.1      1.170       4.5       0.7
        6     1980         200      8590    11.2       17.3      1.450       5.5       9.2
        6     1980         201      5010    14.1       15.9      1.600       4.5      17.1
        6     1980         202     11050    12.2       19.2      1.480         4         5
        6     1980         203      9590     8.5       16.7      1.320         7       3.7
        6     1980         204     23130     5.6       19.8      1.170       2.5         0
        6     1980         205     24990     7.4       24.7      1.350         2         0
        6     1980         206     24510     8.3       23.1      1.470       2.5         0
        6     1980         207     19080     8.2       25.7      1.590       2.5         0
        6     1980         208     23270    14.4       27.8      1.720         4         0
        6     1980         209      7770    15.3       22.2      1.940         2       4.9
        6     1980         210      9390    16.4       23.3      1.950       2.5       0.1
        6     1980         211     12840    16.2       23.5      1.910         4         0
        6     1980         212      5550    12.4       21.5      1.790         3       5.5
        6     1980         213     24850    10.8       23.3      1.410         3         0
        6     1980         214     19830    12.5       26.7      1.600       2.5         0
        6     1980         215     22610    14.3       27.2      1.750         2       1.4
        6     1980         216     16130    16.1       27.8      2.060         4       0.1
        6     1980         217     12260    13.9       22.2      1.800         5       0.4
        6     1980         218     12520    15.7       20.6      1.720       7.5       1.9
        6     1980         219     16250    13.9       20.4      1.600         7       0.1
        6     1980         220      5980    12.7       20.1      1.780         4       0.1
        6     1980         221      6890     8.2       16.7      1.400         4      20.2
        6     1980         222     12640     7.5       18.3      1.200       2.5         0
        6     1980         223     21340     7.8       20.4      1.220       1.5         0
        6     1980         224     14680     9.2       24.2      1.590       2.5      12.5
        6     1980         225      9780    11.1       17.6      1.460       4.5       7.2
        6     1980         226     15330    10.6       21.1      1.490       2.5         0
        6     1980         227     17100    14.3       25.2      1.740       2.5         0
        6     1980         228     21860      13       26.5      1.650       3.5         0
        6     1980         229      6440    15.8       22.3      1.950       1.5         0
        6     1980         230     12820    14.3       24.2      1.820         1         0
        6     1980         231      8750    14.3       22.2      1.750       1.5       0.1
        6     1980         232     13830    11.5       21.1      1.520       3.5         0
        6     1980         233      4320      14       20.4      1.660       6.5       0.9
        6     1980         234     13910    11.6       19.1      1.350         9       4.8
        6     1980         235     13260    10.1       15.8      1.200       7.5       6.2
        6     1980         236      9300     9.3         15      1.110       5.5       2.2
        6     1980         237     12930     5.6       16.1      0.970       5.5       0.1
        6     1980         238     18150     5.1       17.2      0.990         2         0
        6     1980         239     20460     4.9       22.3      1.080         2         0
        6     1980         240     20260     7.6       25.5      1.320       1.5         0
        6     1980         241      7810    11.1       22.1      1.650       3.5       0.3
        6     1980         242     10190    15.9       22.2      1.790       3.5       3.9
        6     1980         243     10550    12.6         20      1.580         6       3.8
        6     1980         244      6640     9.9       17.3      1.350       4.5       0.9
        6     1980         245     16890       7       18.6      1.140         2         0
        6     1980         246     18010     6.2       20.6      1.220       2.5         0
        6     1980         247     18930     7.9       22.4      1.260       2.5         0
        6     1980         248     14100     9.1       21.3      1.460       2.5         0
        6     1980         249      9750    11.1       20.4      1.460       2.5         0
        6     1980         250     16080    11.2       19.7      1.470       4.5         0
        6     1980         251     17550    11.5       23.6      1.520       3.5         0
        6     1980         252     14880    11.2       24.6      1.600         3         0
        6     1980         253     12840     8.6       17.6      1.290         4         2
        6     1980         254      5890     7.9         16      1.400         6       8.8
        6     1980         255     14900    10.6       17.5      1.350       6.5       1.9
        6     1980         256      8110    12.5       18.7      1.530         7       2.6
        6     1980         257     12100    10.5       16.3      1.280       8.5       8.7
        6     1980         258      7640    12.2       16.9      1.470         7       6.4
        6     1980         259      5580    11.2       16.4      1.410         2         0
        6     1980         260     11300    13.1       20.6      1.620       2.5         0
        6     1980         261     10970    10.6       18.2      1.500         5       5.8
        6     1980         262     11730     9.7       20.2      1.470         2         0
        6     1980         263     11600    10.6       24.1      1.730         2         0
        6     1980         264     13010    13.7       26.6      1.940         2         0
        6     1980         265      8510    13.2         25      1.980         1         0
        6     1980         266      4170    12.9       19.3      1.920         1       0.7
        6     1980         267      8610     9.6       18.5      1.510       1.5         0
        6     1980         268      2890     8.4       17.2      1.460       2.5         2
        6     1980         269      7740       5       15.9      1.200         1         0
        6     1980         270     12190     3.7       18.3      1.110       0.5         0
        6     1980         271     12390     4.9       19.4      1.230         2         0
        6     1980         272      8320     7.3       19.3      1.500       1.5         0
        6     1980         273      7350    11.9       17.8      1.520       1.5       2.4
        6     1980         274     10850       7       17.2      1.300       4.5       0.8
        6     1980         275      8980     5.4       16.5      1.270       4.5       0.9
        6     1980         276      8190     5.5       15.4      1.110       4.5         0
        6     1980         277      9950     4.5       16.7      1.020       1.5         0
        6     1980         278      6110     3.6       14.3      1.050       3.5       0.7
        6     1980         279      7040     4.1       14.7      1.060       3.5         0
        6     1980         280      5420     8.9       14.9      1.280       6.5       6.9
        6     1980         281      6900     6.5       13.5      1.130         9        18
        6     1980         282      5670     6.6       11.8      1.050       7.5      11.6
        6     1980         283      7890     4.3       11.9      0.980         5         7
        6     1980         284      9880     3.7       12.5      0.940         4       0.7
        6     1980         285      5450     3.5       10.1      0.910       4.5         0
        6     1980         286      9750     0.5       12.6      0.850         2         0
        6     1980         287      7560    -0.8       12.6      0.820         1         0
        6     1980         288      4590     0.7       11.6      0.880         1         0
        6     1980         289      7830      -1       10.7      0.820       1.5       1.1
        6     1980         290      4480      -1       10.6      0.950         4       3.6
        6     1980         291      3340       9       13.8      1.250         4       0.3
        6     1980         292      3980     2.5       11.2      0.990       7.5       1.5
        6     1980         293      5630     1.8       10.2      0.840         5       9.7
        6     1980         294      7970     1.1       10.5      0.780       3.5       0.3
        6     1980         295      2170     5.3         11      1.060       3.5       2.2
        6     1980         296      4610     5.7       12.2      1.140       3.5       0.8
        6     1980         297      2520     9.4       13.2      1.240         6       4.5
        6     1980         298      5280     8.2       12.3      1.080         7       1.6
        6     1980         299      6270     1.4       10.8      0.880       4.5       0.2
        6     1980         300      4260     1.4       10.8      0.910       3.5       5.8
        6     1980         301      1130     8.1       16.6      1.520         9      13.2
        6     1980         302      2620    10.1       17.1      1.510       8.5      11.2
        6     1980         303      3540     7.8       12.5      1.110        10       5.6
        6     1980         304      5510     2.4       10.3      0.790         4       0.2
        6     1980         305      6420     0.8        8.1      0.750         3         0
        6     1980         306      7270    -0.8        4.6      0.500         5         0
        6     1980         307      7150      -4        1.2      0.400         5         0
        6     1980         308      6090    -6.6       -0.2      0.400       3.5         0
        6     1980         309      3670    -6.1        3.1      0.490       2.5         0
        6     1980         310      4320    -2.4        2.9      0.480         6         0
        6     1980         311      5360    -1.3        5.4      0.520       6.5       0.1
        6     1980         312      2580    -0.4        0.7      0.580         3      12.9
        6     1980         313      2580    -3.8        0.6      0.550       1.5         0
        6     1980         314      5430    -4.6        6.3      0.560       1.5       0.4
        6     1980         315      3430    -2.9        3.8      0.610       1.5         0
        6     1980         316      1260     1.8        5.4      0.740         5       1.8
        6     1980         317      4200    -0.1        7.7      0.730         4       1.2
        6     1980         318      2670    -0.8        7.4      0.800       5.5       0.1
        6     1980         319      1150     5.2        7.4      0.880         8       8.8
        6     1980         320       530     5.9       12.8      1.080       9.5      16.3
        6     1980         321      1000     9.4         13      1.270         9       1.5
        6     1980         322      1200     9.8       13.8      1.290         9      11.4
        6     1980         323      1510     5.1       12.3      0.910        12       5.5
        6     1980         324      3110     3.5        9.9      0.860       4.5       4.8
        6     1980         325      2490     9.4         12      1.120       6.5         0
        6     1980         326      3190    10.2       12.4      1.160       9.5       0.1
        6     1980         327       610    10.6       12.4      1.280         9       7.4
        6     1980         328       430    11.3       12.3      1.310       9.5      16.3
        6     1980         329       540    11.3       13.2      1.350         8       9.1
        6     1980         330      1770     5.7       11.4      0.980         6       0.4
        6     1980         331      1650    -0.5        6.7      0.670       2.5       3.5
        6     1980         332       650     0.2        5.2      0.710         6         5
        6     1980         333      2710     0.2        5.5      0.680         4       8.4
        6     1980         334      2250    -0.2        1.5      0.520         9       1.6
        6     1980         335      4130    -5.5        0.2      0.420       5.5         0
        6     1980         336      4940    -6.8        0.7      0.470         3         0
        6     1980         337      1250    -0.1        3.7      0.660       5.5       2.4
        6     1980         338      2790    -1.9        3.9      0.580         5       3.4
        6     1980         339      2080    -5.7        1.7      0.570       3.5       5.6
        6     1980         340       890    -8.6        4.2      0.540       4.5       8.3
        6     1980         341      3590    -6.3          3      0.490       4.5       0.5
        6     1980         342      5640    -9.2       -1.5      0.400         2       0.6
        6     1980         343      4810   -10.4        0.8      0.460         3         0
        6     1980         344      1530    -2.1        2.4      0.610       9.5         0
        6     1980         345      1300     0.3        5.7      0.670       9.5       0.2
        6     1980         346       330       5        9.3      1.000       9.5         4
        6     1980         347       430     4.4        7.5      0.940         7         0
        6     1980         348       310     4.7       10.4      0.990        10       4.9
        6     1980         349       840     6.6       11.2      1.050         9       5.1
        6     1980         350      2910     2.5        7.8      0.810         8       5.7
        6     1980         351      2930     0.5          7      0.730       4.5       0.6
        6     1980         352      1790     0.9        4.3      0.710       8.5      10.4
        6     1980         353      1680     0.8        5.4      0.740       4.5       4.3
        6     1980         354       970     0.2        3.1      0.670         6       0.3
        6     1980         355      1000    -0.1        1.2      0.580       5.5       0.1
        6     1980         356       500       1        3.9      0.720         3         0
        6     1980         357      1360    -0.6        7.5      0.780       4.5       1.4
        6     1980         358       980     5.5         11      1.060         8       3.9
        6     1980         359      2070     4.6       11.4      1.040         9         0
        6     1980         360      1470     2.6        9.3      0.950         9       9.7
        6     1980         361      1290       1        4.3      0.720         5       2.4
        6     1980         362      3310    -1.6        5.3      0.630         2       0.4
        6     1980         363      1840    -1.1        5.8      0.730       6.5       0.9
        6     1980         364       350     5.8          8      0.990         8       0.1
        6     1980         365       690     7.7        8.5      1.030       8.5         0
        6     1980         366       240     1.3        8.7      0.940      12.5       4.4
