*-------------------------------------------------------------------------*
*   Country: Netherlands
*   Station: Eelde
*      Year: 2001
*    Source: Weather data and coordinates from
*            Eelde (Airport)
*    Author: J. W. Steenhuizen PRI Wageningen
* Longitude: 235.030 Amersfoortse coordinates
*  Latitude: 571.460
* Elevation: 4.0 m.
*  Comments: For internal use only
*  Columns:
*  ========
*  station number
*  year
*  day
*  irradiation (kJ m-2 d-1)
*  minimum temperature (degrees Celsius)
*  maximum temperature (degrees Celsius)
*  vapour pressure (kPa)
*  mean wind speed (m s-1)
*  precipitation (mm d-1)
*--------------------------------------------------------------------------*
   6.35 53.08 4.0 0.00 0.00
6,2001,1,750.0,-0.3,4.2,0.633,7.0,3.3
6,2001,2,2430.0,3.7,8.9,0.840,5.7,0.3
6,2001,3,2770.0,2.9,9.0,0.838,5.5,7.8
6,2001,4,820.0,4.2,8.2,0.862,6.2,5.3
6,2001,5,190.0,6.0,9.3,0.974,6.8,15.4
6,2001,6,3360.0,4.0,7.3,0.830,5.5,0.9
6,2001,7,820.0,3.7,6.2,0.791,5.9,0.0
6,2001,8,630.0,1.6,5.0,0.735,5.2,1.1
6,2001,9,2060.0,2.3,6.3,0.789,3.9,0.5
6,2001,10,1230.0,2.1,3.7,0.730,3.5,0.0
6,2001,11,4160.0,-4.0,3.4,0.502,2.6,0.0
6,2001,12,1990.0,-4.1,4.8,0.608,1.8,0.0
6,2001,13,1750.0,-4.7,-2.1,0.461,2.2,0.0
6,2001,14,810.0,-4.8,1.2,0.514,3.0,0.0
6,2001,15,3050.0,-3.6,-0.7,0.469,4.9,0.0
6,2001,16,5840.0,-5.2,-0.7,0.437,3.5,0.0
6,2001,17,3610.0,-7.1,-2.5,0.385,2.8,0.0
6,2001,18,1580.0,-8.8,0.0,0.410,2.3,0.0
6,2001,19,1330.0,-1.0,1.0,0.586,1.7,0.0
6,2001,20,1000.0,-1.2,1.4,0.609,1.6,4.1
6,2001,21,2190.0,-2.8,-0.3,0.523,3.4,0.2
6,2001,22,1800.0,-1.4,3.1,0.630,4.7,1.7
6,2001,23,1720.0,2.8,8.6,0.870,5.3,3.1
6,2001,24,2910.0,3.5,10.5,0.881,7.5,2.2
6,2001,25,2000.0,2.6,7.9,0.825,5.0,1.1
6,2001,26,1830.0,2.3,6.2,0.778,4.9,3.3
6,2001,27,620.0,1.3,3.6,0.699,3.0,6.2
6,2001,28,980.0,1.1,4.7,0.737,2.1,1.5
6,2001,29,2290.0,0.1,5.4,0.685,2.3,2.4
6,2001,30,2550.0,0.9,4.7,0.739,2.0,0.0
6,2001,31,3510.0,-2.6,4.5,0.634,1.6,0.0
6,2001,32,4130.0,-2.3,4.7,0.619,2.6,2.4
6,2001,33,1470.0,-2.5,-0.1,0.533,3.4,1.0
6,2001,34,2540.0,-4.2,-2.4,0.445,6.0,4.3
6,2001,35,2880.0,-4.2,0.3,0.487,5.7,9.9
6,2001,36,1430.0,0.3,8.8,0.820,5.9,11.9
6,2001,37,1260.0,6.8,12.0,1.061,7.2,4.8
6,2001,38,4010.0,7.7,11.5,1.028,6.4,1.3
6,2001,39,2020.0,2.0,11.1,0.864,6.3,12.2
6,2001,40,5020.0,-3.8,6.3,0.588,2.4,0.0
6,2001,41,7250.0,-4.7,6.3,0.556,3.0,0.0
6,2001,42,1160.0,4.4,12.4,0.992,8.8,2.0
6,2001,43,1380.0,4.1,12.4,0.971,7.0,3.7
6,2001,44,7060.0,-0.5,8.5,0.756,3.4,0.0
6,2001,45,5790.0,-1.7,6.6,0.721,1.3,0.0
6,2001,46,6810.0,-2.9,10.8,0.770,1.0,0.0
6,2001,47,2110.0,-2.6,4.6,0.656,2.7,2.0
6,2001,48,3290.0,-0.7,4.7,0.642,3.3,0.0
6,2001,49,4610.0,1.0,8.1,0.777,3.8,0.0
6,2001,50,2350.0,1.6,6.2,0.751,5.3,0.7
6,2001,51,5090.0,3.0,7.6,0.792,5.6,0.0
6,2001,52,5120.0,2.9,8.8,0.805,6.2,1.7
6,2001,53,5250.0,2.1,7.3,0.726,7.2,2.0
6,2001,54,9010.0,-2.0,4.1,0.520,3.7,0.9
6,2001,55,9900.0,-6.9,3.0,0.397,3.5,0.1
6,2001,56,7370.0,-2.0,4.2,0.608,4.5,1.3
6,2001,57,6870.0,-2.5,4.6,0.606,2.8,1.2
6,2001,58,8620.0,-1.5,4.4,0.515,4.0,0.0
6,2001,59,6730.0,-0.8,5.5,0.615,3.6,0.1
6,2001,60,3290.0,-0.5,2.6,0.593,3.5,0.2
6,2001,61,4550.0,-4.7,2.0,0.492,3.3,1.6
6,2001,62,6020.0,-4.7,0.0,0.401,3.6,0.0
6,2001,63,6330.0,-1.6,3.4,0.541,4.8,0.0
6,2001,64,10290.0,-3.8,6.0,0.542,2.0,0.0
6,2001,65,13660.0,-3.5,7.9,0.551,3.6,0.0
6,2001,66,3340.0,-0.9,8.6,0.724,3.9,1.1
6,2001,67,5230.0,0.6,11.1,0.879,3.5,2.2
6,2001,68,3420.0,7.5,11.8,1.067,5.8,0.3
6,2001,69,2430.0,8.4,11.6,1.142,4.6,0.9
6,2001,70,5470.0,8.3,13.4,1.182,5.3,4.9
6,2001,71,10310.0,3.8,12.9,0.868,6.5,0.3
6,2001,72,3960.0,2.3,7.5,0.779,6.3,4.1
6,2001,73,6420.0,2.8,7.9,0.786,5.4,2.6
6,2001,74,7230.0,2.3,9.5,0.826,1.7,3.1
6,2001,75,7090.0,0.9,7.8,0.717,3.0,0.0
6,2001,76,2510.0,0.7,4.4,0.646,7.2,8.1
6,2001,77,1470.0,0.3,1.6,0.641,5.2,6.8
6,2001,78,6860.0,-0.8,2.3,0.574,6.3,7.5
6,2001,79,10190.0,-1.5,6.3,0.588,2.6,0.1
6,2001,80,7860.0,-2.8,3.1,0.457,6.0,0.0
6,2001,81,2430.0,0.4,2.9,0.654,2.8,0.0
6,2001,82,1840.0,1.1,4.8,0.725,4.5,4.5
6,2001,83,4640.0,2.1,5.2,0.730,4.0,0.1
6,2001,84,3860.0,1.3,3.8,0.587,7.4,0.0
6,2001,85,5700.0,-1.0,3.1,0.547,3.8,0.0
6,2001,86,17640.0,-2.1,6.0,0.492,5.9,0.0
6,2001,87,9240.0,-0.8,8.2,0.669,6.3,1.9
6,2001,88,4330.0,4.1,8.6,0.910,3.5,4.4
6,2001,89,8620.0,1.3,10.7,0.860,3.6,0.2
6,2001,90,7560.0,3.5,12.8,0.878,6.1,0.0
6,2001,91,10820.0,5.9,15.5,1.093,4.8,0.0
6,2001,92,16640.0,5.4,20.8,1.070,3.3,0.0
6,2001,93,10650.0,5.1,14.0,0.905,5.3,0.2
6,2001,94,7330.0,3.8,14.5,0.962,7.7,5.5
6,2001,95,13140.0,5.7,12.4,0.887,7.8,5.9
6,2001,96,6010.0,6.1,12.7,1.049,6.1,6.6
6,2001,97,12750.0,2.2,12.8,0.871,4.5,1.7
6,2001,98,10690.0,0.7,11.1,0.808,3.8,0.3
6,2001,99,11290.0,0.4,11.5,0.755,3.5,0.0
6,2001,100,5100.0,4.2,11.2,0.967,3.0,1.2
6,2001,101,17890.0,1.8,11.6,0.795,5.3,0.9
6,2001,102,13760.0,-1.4,7.2,0.579,5.6,1.3
6,2001,103,12960.0,-1.3,7.4,0.456,4.9,0.0
6,2001,104,9930.0,-3.5,5.5,0.512,4.1,4.6
6,2001,105,7780.0,1.2,9.9,0.834,5.3,5.1
6,2001,106,6080.0,4.3,8.3,0.811,4.5,2.8
6,2001,107,8350.0,2.1,7.9,0.689,5.3,3.7
6,2001,108,11420.0,0.5,8.2,0.708,6.3,8.4
6,2001,109,12920.0,0.4,8.9,0.740,4.3,3.4
6,2001,110,10770.0,-0.5,7.9,0.692,2.5,1.1
6,2001,111,17060.0,-0.9,11.2,0.705,3.8,0.0
6,2001,112,18560.0,-2.0,11.7,0.656,2.5,0.0
6,2001,113,19230.0,-1.8,13.1,0.684,2.1,0.0
6,2001,114,14560.0,-0.4,16.3,0.748,3.6,0.4
6,2001,115,5420.0,6.3,12.7,1.080,2.6,2.7
6,2001,116,9080.0,7.8,12.6,1.095,5.4,5.6
6,2001,117,12080.0,7.2,13.7,1.088,3.6,0.2
6,2001,118,10890.0,5.8,12.8,1.007,4.8,3.6
6,2001,119,18380.0,6.0,16.2,1.030,3.7,0.2
6,2001,120,15850.0,7.5,18.5,1.258,2.9,0.4
6,2001,121,11980.0,5.8,11.9,0.966,5.8,3.2
6,2001,122,23120.0,4.8,18.5,0.986,5.0,0.0
6,2001,123,14950.0,7.6,20.2,1.254,4.2,4.2
6,2001,124,13490.0,4.6,12.1,0.911,5.0,0.6
6,2001,125,16500.0,4.0,9.8,0.756,5.4,0.0
6,2001,126,21410.0,5.0,14.0,0.902,5.5,0.0
6,2001,127,24510.0,3.6,13.6,0.860,4.7,0.0
6,2001,128,18630.0,2.9,14.8,0.920,2.9,0.0
6,2001,129,26750.0,7.7,21.4,1.076,4.5,0.0
6,2001,130,26800.0,11.4,24.8,1.225,4.8,0.0
6,2001,131,26970.0,9.3,22.6,1.178,3.8,0.0
6,2001,132,27200.0,8.2,24.2,1.141,4.1,0.0
6,2001,133,24170.0,8.5,25.2,1.228,2.9,0.0
6,2001,134,19870.0,10.2,20.4,1.338,3.9,1.1
6,2001,135,15440.0,8.5,18.7,1.308,4.3,0.3
6,2001,136,9890.0,10.7,18.8,1.476,5.0,12.1
6,2001,137,14580.0,8.3,17.2,1.164,6.3,11.1
6,2001,138,12370.0,7.0,14.5,1.084,5.5,0.6
6,2001,139,22770.0,5.1,15.6,0.980,4.0,0.0
6,2001,140,18700.0,4.9,17.3,1.044,2.8,0.0
6,2001,141,24030.0,2.8,15.7,0.922,3.2,0.0
6,2001,142,28840.0,3.4,16.9,0.980,3.5,0.0
6,2001,143,28290.0,5.6,21.2,1.091,3.3,0.0
6,2001,144,28370.0,6.5,18.7,1.138,3.9,0.0
6,2001,145,29720.0,3.3,19.2,0.974,2.5,0.0
6,2001,146,21450.0,6.0,23.9,1.172,2.8,0.0
6,2001,147,9020.0,9.5,19.1,1.466,4.3,0.6
6,2001,148,4060.0,14.8,16.8,1.723,5.0,2.3
6,2001,149,23380.0,9.3,19.2,1.218,6.3,0.0
6,2001,150,25170.0,7.7,21.6,1.250,3.5,0.0
6,2001,151,13950.0,7.1,16.9,1.220,4.0,12.2
6,2001,152,14120.0,8.8,17.8,1.267,4.7,1.5
6,2001,153,9160.0,7.2,15.0,1.189,5.5,12.0
6,2001,154,11080.0,6.7,12.1,0.920,7.9,4.9
6,2001,155,10510.0,7.0,16.0,1.112,4.0,0.0
6,2001,156,20730.0,6.5,19.8,1.179,3.1,0.0
6,2001,157,19290.0,9.1,20.8,1.308,3.3,0.5
6,2001,158,19220.0,6.6,16.1,1.034,6.4,5.9
6,2001,159,20410.0,3.3,16.1,0.938,3.5,0.4
6,2001,160,17910.0,2.0,15.2,0.827,2.2,0.0
6,2001,161,15220.0,4.0,17.0,0.965,1.9,0.2
6,2001,162,19750.0,2.2,16.3,0.910,3.6,0.0
6,2001,163,17740.0,5.3,16.8,1.066,3.8,1.3
6,2001,164,19100.0,3.9,17.7,0.997,2.8,0.0
6,2001,165,28520.0,6.0,19.3,1.054,2.8,0.0
6,2001,166,13940.0,10.2,22.4,1.575,2.6,14.0
6,2001,167,18370.0,11.7,22.0,1.669,2.8,3.1
6,2001,168,11230.0,12.3,18.5,1.609,3.3,2.7
6,2001,169,14450.0,10.8,16.9,1.329,4.6,4.6
6,2001,170,21320.0,8.5,18.9,1.160,2.6,0.0
6,2001,171,24420.0,8.3,22.4,1.273,3.9,0.0
6,2001,172,20300.0,11.4,18.8,1.287,4.4,0.0
6,2001,173,13890.0,11.4,16.7,1.331,5.1,2.4
6,2001,174,15960.0,7.4,18.1,1.237,3.0,0.0
6,2001,175,24540.0,6.0,22.6,1.401,2.6,0.0
6,2001,176,28460.0,6.7,21.6,1.291,2.8,0.0
6,2001,177,27460.0,10.6,25.2,1.538,3.7,0.0
6,2001,178,15900.0,15.5,26.5,1.989,3.5,0.0
6,2001,179,24120.0,14.2,23.9,1.697,4.5,0.1
6,2001,180,19330.0,13.0,24.7,1.676,3.8,0.0
6,2001,181,14220.0,13.1,22.5,1.752,3.1,26.5
6,2001,182,21980.0,9.5,21.8,1.422,4.1,0.0
6,2001,183,17060.0,9.1,23.3,1.491,2.0,0.0
6,2001,184,19690.0,10.2,22.6,1.492,2.7,0.0
6,2001,185,28350.0,12.8,26.7,1.565,4.5,0.0
6,2001,186,27860.0,16.7,29.6,1.899,3.7,0.0
6,2001,187,24670.0,17.8,31.5,2.016,3.2,0.0
6,2001,188,16820.0,17.3,26.1,1.921,3.9,0.0
6,2001,189,11880.0,16.9,22.3,1.961,4.4,2.6
6,2001,190,17340.0,11.5,21.5,1.426,4.5,0.0
6,2001,191,16350.0,11.6,25.1,1.730,4.5,5.0
6,2001,192,14240.0,12.2,19.0,1.488,7.3,12.0
6,2001,193,20220.0,10.2,20.6,1.312,6.3,12.4
6,2001,194,12120.0,10.7,17.8,1.494,4.5,26.5
6,2001,195,9610.0,9.8,18.8,1.483,2.6,10.1
6,2001,196,18430.0,9.1,20.1,1.362,3.3,1.8
6,2001,197,20460.0,8.2,20.2,1.295,1.7,0.0
6,2001,198,24210.0,6.7,21.5,1.190,2.2,0.0
6,2001,199,13030.0,13.0,21.3,1.662,3.7,16.9
6,2001,200,14950.0,13.6,19.7,1.705,3.5,5.1
6,2001,201,14250.0,9.2,19.8,1.469,4.2,7.4
6,2001,202,12630.0,8.7,20.6,1.467,4.5,0.3
6,2001,203,23700.0,12.8,24.8,1.736,4.0,0.0
6,2001,204,10510.0,12.4,20.6,1.726,2.0,4.5
6,2001,205,23890.0,11.7,25.0,1.751,2.1,0.0
6,2001,206,22930.0,9.6,24.9,1.693,2.0,0.0
6,2001,207,23440.0,12.2,25.3,1.773,2.5,0.0
6,2001,208,20480.0,15.7,28.2,2.003,2.1,9.3
6,2001,209,22860.0,13.8,24.4,1.901,2.6,6.5
6,2001,210,24620.0,11.4,25.6,1.682,2.3,0.0
6,2001,211,18270.0,16.5,24.6,1.911,3.3,0.0
6,2001,212,15340.0,15.0,25.3,1.958,3.7,0.0
6,2001,213,19840.0,12.0,21.0,1.445,2.7,0.0
6,2001,214,20560.0,10.8,25.3,1.511,4.0,2.1
6,2001,215,12620.0,13.8,21.4,1.771,5.0,3.1
6,2001,216,16540.0,10.9,20.9,1.535,4.2,1.0
6,2001,217,12970.0,11.1,19.7,1.522,3.9,9.9
6,2001,218,10820.0,12.1,20.2,1.615,4.5,10.5
6,2001,219,10350.0,15.2,21.6,1.820,3.2,1.1
6,2001,220,14450.0,13.3,19.3,1.612,7.2,11.3
6,2001,221,14800.0,12.3,20.0,1.542,2.9,3.0
6,2001,222,14050.0,8.9,18.3,1.339,3.8,8.3
6,2001,223,15420.0,7.1,20.2,1.250,3.9,0.0
6,2001,224,4570.0,14.4,16.0,1.554,6.6,3.6
6,2001,225,4240.0,15.0,19.8,1.868,5.0,2.8
6,2001,226,20190.0,16.4,27.3,2.200,2.8,0.0
6,2001,227,20300.0,16.4,32.1,2.302,2.5,0.0
6,2001,228,13310.0,13.4,23.7,1.815,4.9,8.4
6,2001,229,22180.0,11.7,22.6,1.564,3.3,0.0
6,2001,230,7990.0,14.2,22.9,1.687,3.7,0.5
6,2001,231,14980.0,15.6,24.8,1.893,4.4,2.8
6,2001,232,14400.0,11.2,22.5,1.650,3.5,0.0
6,2001,233,21750.0,9.1,24.9,1.588,1.8,0.0
6,2001,234,16800.0,14.6,28.3,1.917,2.7,0.0
6,2001,235,15350.0,17.4,28.5,2.156,2.3,0.0
6,2001,236,14630.0,17.6,29.5,2.381,1.0,0.0
6,2001,237,18790.0,15.6,31.5,2.236,1.6,0.0
6,2001,238,15690.0,17.9,28.6,2.338,3.4,9.0
6,2001,239,19520.0,8.9,19.7,1.271,5.1,4.1
6,2001,240,13350.0,8.2,19.1,1.281,4.0,0.3
6,2001,241,17590.0,7.0,20.1,1.288,2.3,0.0
6,2001,242,15080.0,11.1,21.9,1.539,2.5,0.6
6,2001,243,12740.0,9.9,20.3,1.510,3.0,1.3
6,2001,244,12200.0,9.0,19.9,1.431,3.6,0.2
6,2001,245,4090.0,9.1,18.0,1.474,3.9,2.5
6,2001,246,4760.0,13.3,16.8,1.625,2.8,13.9
6,2001,247,9740.0,11.6,17.2,1.509,4.1,10.3
6,2001,248,8880.0,10.1,17.2,1.359,3.9,3.5
6,2001,249,11110.0,9.4,19.0,1.441,3.4,0.0
6,2001,250,5980.0,12.2,16.3,1.494,5.2,11.2
6,2001,251,15010.0,8.6,15.8,1.165,7.6,6.7
6,2001,252,13060.0,9.3,16.6,1.209,8.0,5.5
6,2001,253,6460.0,10.9,15.0,1.313,7.5,4.3
6,2001,254,5930.0,11.2,15.4,1.313,5.8,1.6
6,2001,255,8700.0,11.3,16.8,1.379,4.0,0.5
6,2001,256,9650.0,7.1,16.7,1.240,3.9,9.6
6,2001,257,6820.0,6.7,17.1,1.281,2.8,15.5
6,2001,258,10890.0,8.9,16.3,1.298,4.6,6.3
6,2001,259,13120.0,6.3,15.5,1.173,3.5,11.4
6,2001,260,3660.0,7.3,13.9,1.239,3.2,13.1
6,2001,261,6110.0,7.8,13.5,1.218,2.4,0.6
6,2001,262,6970.0,10.1,15.4,1.267,5.3,5.2
6,2001,263,3030.0,10.6,13.2,1.295,3.1,0.0
6,2001,264,9680.0,9.9,16.4,1.376,4.9,14.9
6,2001,265,5640.0,10.1,16.3,1.426,3.5,43.0
6,2001,266,10860.0,9.2,15.9,1.337,3.5,0.2
6,2001,267,10300.0,7.2,16.6,1.254,3.9,0.0
6,2001,268,8190.0,7.1,16.3,1.320,1.5,0.0
6,2001,269,7700.0,6.4,17.2,1.314,2.0,0.0
6,2001,270,4660.0,10.6,16.0,1.466,2.2,28.8
6,2001,271,8020.0,9.3,19.3,1.532,1.9,5.6
6,2001,272,10570.0,8.7,20.5,1.495,2.4,0.0
6,2001,273,10560.0,14.5,19.4,1.719,4.2,5.2
6,2001,274,6000.0,14.5,18.6,1.600,8.5,2.5
6,2001,275,1950.0,13.6,19.2,1.715,6.3,14.0
6,2001,276,9770.0,12.6,18.3,1.527,6.1,0.0
6,2001,277,5760.0,11.7,17.4,1.507,5.0,1.4
6,2001,278,10270.0,9.8,18.4,1.432,3.0,0.0
6,2001,279,7680.0,8.8,19.5,1.485,3.5,9.5
6,2001,280,6480.0,13.5,17.9,1.551,5.0,0.0
6,2001,281,7120.0,12.6,16.8,1.304,7.5,0.1
6,2001,282,5020.0,12.4,16.1,1.364,7.8,7.5
6,2001,283,6530.0,10.6,15.4,1.333,7.2,0.6
6,2001,284,4060.0,14.1,17.6,1.692,5.9,3.3
6,2001,285,10260.0,11.4,19.0,1.502,3.8,0.0
6,2001,286,7940.0,10.8,21.7,1.681,2.1,0.0
6,2001,287,7430.0,11.9,22.7,1.816,2.3,0.5
6,2001,288,7400.0,13.5,20.3,1.713,3.6,0.0
6,2001,289,9320.0,5.4,17.1,1.161,2.0,0.0
6,2001,290,6760.0,6.6,15.3,1.256,3.6,0.0
6,2001,291,6150.0,11.0,17.2,1.528,3.5,0.0
6,2001,292,4600.0,11.7,18.7,1.658,2.5,5.0
6,2001,293,7850.0,10.0,19.0,1.453,3.9,0.0
6,2001,294,3850.0,9.6,15.3,1.343,2.9,0.4
6,2001,295,1460.0,9.3,13.4,1.289,3.4,1.1
6,2001,296,1980.0,7.5,12.7,1.211,3.0,10.2
6,2001,297,3150.0,11.5,14.6,1.427,3.5,0.6
6,2001,298,2540.0,10.5,14.6,1.396,3.4,0.0
6,2001,299,5910.0,10.4,15.6,1.333,5.7,0.0
6,2001,300,5400.0,10.1,16.0,1.382,4.9,1.0
6,2001,301,6920.0,7.3,14.9,1.189,3.8,0.0
6,2001,302,2230.0,7.7,13.7,1.158,6.4,0.2
6,2001,303,6250.0,12.9,18.6,1.395,9.3,0.0
6,2001,304,4180.0,7.8,15.1,1.109,8.5,5.0
6,2001,305,5100.0,6.4,12.7,0.977,4.8,0.8
6,2001,306,4440.0,7.1,13.5,1.115,4.0,0.0
6,2001,307,5140.0,10.3,13.9,1.214,3.8,0.0
6,2001,308,2980.0,8.1,11.7,1.061,5.0,2.9
6,2001,309,5500.0,2.2,10.9,0.786,4.0,0.0
6,2001,310,3920.0,6.4,13.1,1.074,6.5,3.5
6,2001,311,2300.0,5.8,9.4,0.970,4.1,4.2
6,2001,312,870.0,0.3,8.1,0.767,4.1,30.6
6,2001,313,3010.0,-2.4,5.2,0.642,1.8,6.1
6,2001,314,3630.0,-0.8,5.7,0.612,5.2,0.0
6,2001,315,1600.0,3.8,9.5,0.929,4.8,0.0
6,2001,316,1120.0,4.1,11.3,1.030,3.9,5.4
6,2001,317,3040.0,1.7,7.9,0.757,3.3,4.2
6,2001,318,5440.0,-2.9,7.8,0.626,2.8,2.6
6,2001,319,5260.0,-4.0,9.4,0.690,3.5,0.7
6,2001,320,3510.0,7.8,11.8,1.163,2.7,0.2
6,2001,321,2080.0,6.9,10.0,1.084,1.3,0.7
6,2001,322,1300.0,6.0,9.6,1.047,1.2,1.2
6,2001,323,2410.0,3.6,10.3,0.968,1.8,0.1
6,2001,324,1720.0,0.7,9.2,0.791,3.0,0.0
6,2001,325,750.0,7.5,11.0,1.085,8.8,8.5
6,2001,326,1000.0,2.9,10.6,0.837,7.3,9.5
6,2001,327,2830.0,2.2,6.3,0.720,4.2,1.3
6,2001,328,620.0,4.7,9.0,0.981,3.0,1.0
6,2001,329,1220.0,8.8,11.6,1.232,4.0,1.5
6,2001,330,3150.0,-0.1,9.5,0.786,2.0,0.2
6,2001,331,3410.0,-1.2,7.7,0.725,4.0,2.6
6,2001,332,1960.0,3.7,8.0,0.851,4.1,3.0
6,2001,333,470.0,5.6,8.7,0.981,5.0,6.8
6,2001,334,600.0,8.5,11.5,1.227,3.2,5.5
6,2001,335,670.0,6.2,13.0,1.183,4.3,4.3
6,2001,336,1930.0,2.7,8.4,0.888,1.9,0.1
6,2001,337,760.0,6.5,8.9,1.051,2.4,3.0
6,2001,338,400.0,7.0,9.8,1.058,6.1,5.8
6,2001,339,2030.0,4.7,10.2,0.981,4.8,15.2
6,2001,340,2320.0,-0.2,9.3,0.777,3.8,0.8
6,2001,341,3610.0,-3.8,6.6,0.649,1.3,0.0
6,2001,342,2200.0,-3.7,3.9,0.603,2.7,0.0
6,2001,343,3500.0,-2.6,2.1,0.558,2.5,0.0
6,2001,344,3220.0,-3.9,5.0,0.610,1.3,0.0
6,2001,345,2420.0,4.4,9.9,1.002,2.3,0.0
6,2001,346,1390.0,0.4,6.8,0.790,2.6,0.0
6,2001,347,1420.0,-4.1,4.1,0.525,4.0,0.0
6,2001,348,1670.0,-7.1,-3.2,0.350,1.9,0.0
6,2001,349,830.0,-3.5,2.5,0.553,2.9,0.4
6,2001,350,3850.0,-4.1,2.7,0.557,2.0,0.0
6,2001,351,3580.0,-1.1,6.7,0.724,2.1,0.9
6,2001,352,640.0,-0.6,6.5,0.717,2.2,0.0
6,2001,353,1940.0,2.5,6.5,0.741,5.4,5.4
6,2001,354,2210.0,-3.7,4.1,0.533,4.6,2.0
6,2001,355,340.0,0.8,7.3,0.759,6.9,15.7
6,2001,356,1420.0,-6.9,2.0,0.484,3.7,4.0
6,2001,357,4660.0,-7.4,-0.1,0.389,5.5,0.0
6,2001,358,390.0,-0.7,7.6,0.759,9.5,7.9
6,2001,359,2720.0,1.2,7.7,0.755,5.8,8.7
6,2001,360,2020.0,-0.5,2.7,0.628,4.2,3.8
6,2001,361,470.0,-2.1,6.2,0.680,6.5,5.6
6,2001,362,1180.0,1.6,7.3,0.738,9.5,10.9
6,2001,363,2210.0,-0.8,2.9,0.619,2.9,0.0
6,2001,364,1620.0,-9.2,1.1,0.448,3.1,7.5
6,2001,365,4540.0,-11.6,1.0,0.407,3.1,3.7
