* Country: Netherlands
* Station: Eelde
* Year: 1983
*  Source: Weather data and coordinates from
*  Eelde (KNMI)
*  Author: J. W. Steenhuizen PRI Wageningen
*  Longitude: 235.030 Amersfoortse coordinates
*  Latitude: 571.460
*  Elevation: 4.0 m.
*  Comments: For internal use only
*  Columns:
*  ========
*  station number
*  year
*  day
*  irradiation (kJ m-2 d-1)
*  minimum temperature (degrees Celsius)
*  maximum temperature (degrees Celsius)
*  vapour pressure (kPa)
*  mean wind speed (m s-1)
*  precipitation (mm d-1)
*--------------------------------------------------------------------------*
   6.35 53.08 4.0 0.00 0.00
           6        1983         1        870      0.8      2.9      0.680        7      0.8
           6        1983         2       2400      0.9      5.5      0.760        5        0
           6        1983         3        300      2.3     10.1      1.020        9     14.7
           6        1983         4        520      3.3     10.9      0.980     11.5     13.3
           6        1983         5        760      3.3     11.9      1.070      7.5      1.5
           6        1983         6       1760      3.9       12      1.000       11      5.1
           6        1983         7       2810        2      6.8      0.790        8      1.9
           6        1983         8       3260      2.9      6.9      0.790      6.5      0.1
           6        1983         9       2340      4.2      9.3      0.860      9.5      1.5
           6        1983        10       2780      3.9      9.4      0.940      7.5      0.3
           6        1983        11       2070      6.9      9.3      1.020        6        0
           6        1983        12        750      4.9      7.9      0.870      6.5      0.1
           6        1983        13        590      0.9      7.2      0.750      8.5      4.4
           6        1983        14        590      0.6      6.1      0.710        8      6.9
           6        1983        15        860        3      7.5      0.840      9.5      7.5
           6        1983        16       1730      5.4      8.8      0.930       10      0.7
           6        1983        17        590      6.9      8.3      0.930       11        0
           6        1983        18       3490      0.5      8.5      0.630     13.5      1.6
           6        1983        19       1660        1      4.3      0.640      8.5      6.3
           6        1983        20       2010     -0.5      4.9      0.690      6.5      0.1
           6        1983        21       1150      4.8        7      0.900        9      0.2
           6        1983        22       1360      4.2      6.8      0.800      5.5        0
           6        1983        23       1650     -1.6      4.3      0.650      2.5        0
           6        1983        24       4130     -1.4      4.9      0.620      4.5      0.5
           6        1983        25        900      4.3      7.4      0.910        5      6.1
           6        1983        26       2270      5.3     10.1      1.000      7.5        0
           6        1983        27       1030      7.2     12.4      1.070       11        0
           6        1983        28        780      6.9      8.9      1.040      9.5     12.5
           6        1983        29       4550      4.5     10.3      0.820       11      0.3
           6        1983        30       2000      0.1      6.9      0.750        8      3.9
           6        1983        31       3880      1.1      6.5      0.700      7.5      6.3
           6        1983        32       3710      2.5     10.4      0.810     15.5      4.8
           6        1983        33       5840        0        6      0.650      9.5      0.8
           6        1983        34       5010       -2        4      0.640        5        3
           6        1983        35       6650       -3      5.1      0.610      3.5        0
           6        1983        36       4380     -0.9      4.4      0.630        7      7.5
           6        1983        37       1070      0.1      2.2      0.650        3        3
           6        1983        38       3630     -0.7      1.3      0.610      6.5      2.6
           6        1983        39       3250     -1.8        0      0.520      7.5      1.3
           6        1983        40       3750     -5.8     -0.9      0.490        4      0.7
           6        1983        41       4950     -7.4     -1.5      0.420        1        0
           6        1983        42       6740     -3.7      0.2      0.480      3.5        0
           6        1983        43       6550     -4.6     -0.6      0.460        4      0.6
           6        1983        44       9340    -11.4     -1.7      0.320        1        0
           6        1983        45       8360     -9.3     -0.6      0.410      2.5        0
           6        1983        46       4670     -3.5      0.5      0.490        4        0
           6        1983        47       8650     -7.8      0.1      0.390      3.5        0
           6        1983        48       9440     -5.4      1.8      0.500      2.5        0
           6        1983        49       5000     -7.1      2.6      0.520      1.5        0
           6        1983        50       2910      0.4      3.7      0.630      2.5        0
           6        1983        51       2740        0      3.6      0.640        3        0
           6        1983        52       9070     -5.1      2.3      0.440      2.5        0
           6        1983        53      10970     -7.4      1.2      0.400      2.5        0
           6        1983        54      10150     -5.7        4      0.380        5        0
           6        1983        55      10060     -4.6      6.3      0.470        3        0
           6        1983        56       5960     -2.3      8.2      0.620      3.5      4.1
           6        1983        57       1820      1.9      5.4      0.800      2.5      2.3
           6        1983        58       1550      3.9        7      0.900        5      2.4
           6        1983        59       4500      0.5      5.9      0.760      6.5      2.3
           6        1983        60       4350        0      5.1      0.690        3      0.2
           6        1983        61       6600     -1.2      6.5      0.690        2        0
           6        1983        62      10250     -0.5      8.5      0.690        3        0
           6        1983        63       8330     -0.2        9      0.740        4        0
           6        1983        64       7620     -0.5      8.9      0.810      8.5        0
           6        1983        65       6810      5.8      9.6      0.950        9        0
           6        1983        66       8210      4.5     11.1      0.950      6.5        0
           6        1983        67       7690      4.3     10.7      0.890      6.5        0
           6        1983        68       6310      3.6      9.1      0.870        7        0
           6        1983        69       5310      5.8     10.2      0.970      7.5        0
           6        1983        70      11920     -2.2      8.1      0.640      6.5        0
           6        1983        71      13570     -3.1        9      0.480        4        0
           6        1983        72      12050       -1     11.8      0.530      4.5        0
           6        1983        73       5510      5.8     13.1      1.020        5        6
           6        1983        74       8410        1      9.9      0.850        3        0
           6        1983        75      10900      2.9     11.2      0.830      3.5        0
           6        1983        76       1760      5.6      9.4      1.030      5.5      4.7
           6        1983        77       2890      8.7       11      1.170      5.5      0.1
           6        1983        78       3470      6.7      9.9      1.110      4.5      8.3
           6        1983        79       3570      6.1     10.3      0.990      5.5      3.4
           6        1983        80       6200      0.1      7.4      0.750      7.5     10.7
           6        1983        81       3870      0.5      5.9      0.680     10.5      9.1
           6        1983        82       6980      1.3      8.5      0.840        8       14
           6        1983        83       4290      0.4      7.7      0.770        9      2.4
           6        1983        84      10460      0.2      6.4      0.680      7.5      9.4
           6        1983        85      12160      0.1      7.2      0.680        6      3.2
           6        1983        86       5050      0.3      5.2      0.690        5      5.2
           6        1983        87      11000     -2.3      6.7      0.620        3      3.9
           6        1983        88      13400     -1.6      7.3      0.680        5      1.7
           6        1983        89      12470      2.3      8.6      0.790      6.5      7.8
           6        1983        90       9110      1.9      9.5      0.830        4      0.7
           6        1983        91      13900      0.6     12.3      0.910      4.5        0
           6        1983        92       8860        3      7.5      0.840      6.5      0.2
           6        1983        93      12320     -0.8      7.9      0.680        4      0.1
           6        1983        94      13580     -1.2      8.8      0.680      4.5      0.2
           6        1983        95       6770      3.2      8.4      0.800        4      0.4
           6        1983        96       7180      1.7      7.6      0.760        6     12.3
           6        1983        97       7590        2      8.7      0.800        5      4.6
           6        1983        98       5640      2.1      7.9      0.800        4      8.1
           6        1983        99      17420        0     10.3      0.740        3        0
           6        1983       100       7390     -1.1       12      0.930        3      8.2
           6        1983       101       7670      6.4     11.2      0.950      3.5      0.4
           6        1983       102       6700      3.6      6.8      0.830      7.5      7.7
           6        1983       103      15650      0.3      8.9      0.740      4.5      0.3
           6        1983       104      10570      4.6       10      0.900      5.5      2.8
           6        1983       105      13850      1.8     13.5      0.960      4.5      0.3
           6        1983       106      21180      2.1     16.9      0.970        4        0
           6        1983       107       5490      9.8     15.2      1.190      4.5        4
           6        1983       108      17430     10.7     20.8      1.320      3.5        0
           6        1983       109       7500      4.9     16.8      1.110      5.5        0
           6        1983       110      17640      2.8       14      0.880        4        0
           6        1983       111       9810      6.1     15.4      1.070      4.5     23.1
           6        1983       112      15400        6     13.9      0.930      3.5      0.9
           6        1983       113      17110      5.2       19      1.200      3.5        0
           6        1983       114      13630      4.6     14.8      1.090      2.5        0
           6        1983       115      11780      4.5     16.2      1.140      2.5      1.9
           6        1983       116      15100      5.6     15.8      1.220        3        5
           6        1983       117       2230        7     11.7      1.140        7     12.9
           6        1983       118      15670        6     14.4      1.030        6        0
           6        1983       119       9990        5     13.3      1.070        4      6.7
           6        1983       120      16670      3.2     16.2      1.080      2.5        0
           6        1983       121       5210      6.6     15.4      1.160      4.5     11.1
           6        1983       122      10780        6     13.3      1.010        5      5.8
           6        1983       123       5140      6.5      9.1      0.970      6.5      7.3
           6        1983       124      10610      7.1     11.4      0.930        6        0
           6        1983       125      14920      6.6     13.4      0.880        2        0
           6        1983       126      18280      4.8     17.6      0.950      4.5      0.4
           6        1983       127       4340      9.1     13.8      1.250        3      8.4
           6        1983       128      16600      8.8     15.7      1.150        3      0.4
           6        1983       129      12950      8.9     15.2      1.120      4.5      2.8
           6        1983       130      22610        7     14.4      0.890      4.5      4.4
           6        1983       131      13450      6.1     14.7      0.990        4      9.5
           6        1983       132       8380      6.7     12.4      1.000      6.5      5.1
           6        1983       133      15750      7.9     16.4      1.070      4.5      0.3
           6        1983       134      16360      7.6     17.3      1.120      3.5        0
           6        1983       135      13500      5.7     18.4      1.180        4      2.7
           6        1983       136       8580      4.7     14.9      1.100      2.5      7.1
           6        1983       137      13660      8.3     18.5      1.250      2.5      1.3
           6        1983       138      11520      9.1     16.8      1.160        3     10.7
           6        1983       139      13390      7.9     16.5      1.140        3      5.3
           6        1983       140      20630        7     18.4      1.170      3.5      6.1
           6        1983       141       3830        9     13.3      1.250        2     10.8
           6        1983       142      17710      6.4     16.2      1.070      3.5      0.1
           6        1983       143      21960      4.8     17.2      1.070        3      0.4
           6        1983       144       2210      9.9       11      1.190      6.5      7.4
           6        1983       145       2190      9.3     10.6      1.160        7     13.1
           6        1983       146       2200      8.7       10      1.160      7.5     11.9
           6        1983       147       8430        5     11.8      1.020      4.5      0.7
           6        1983       148      16820      5.4     15.3      1.030        4      0.2
           6        1983       149       7200      8.6     12.4      1.100      2.5      5.1
           6        1983       150      19060      8.4     14.9      1.080        3        0
           6        1983       151      21760      7.8     23.6      1.280      2.5        0
           6        1983       152      21570     13.2     25.9      1.620        4      8.1
           6        1983       153      13790     10.7     19.5      1.480        5      8.8
           6        1983       154      21300      9.6       20      1.360      3.5        0
           6        1983       155      16080     12.3     24.5      1.580        4      0.1
           6        1983       156      20190      7.1       19      1.260        4        0
           6        1983       157      27960      7.1     19.5      1.030      4.5        0
           6        1983       158      29760      7.2     24.3      1.080      3.5        0
           6        1983       159      20490     10.3     28.7      1.610        3      4.5
           6        1983       160      21060     13.5     21.9      1.550      5.5        0
           6        1983       161      20450      9.8     18.5      1.170        4        0
           6        1983       162      23940     10.9     21.2      1.260        5        0
           6        1983       163      25190     13.1     21.3      1.400        4        0
           6        1983       164      27610      9.4     20.8      1.160      2.5        0
           6        1983       165      17120      8.1     16.9      1.070      5.5      1.1
           6        1983       166      14820      7.1     15.8      1.050      5.5      5.6
           6        1983       167      16670      5.8     14.5      0.940      4.5        0
           6        1983       168      25780      3.6     15.8      0.980        6      0.1
           6        1983       169      28380     10.1     20.5      1.250        5        0
           6        1983       170      21280     10.2     19.6      1.380      4.5        0
           6        1983       171      30140      8.3     26.1      1.410        3        0
           6        1983       172      28830     13.1     27.4      1.650      3.5        0
           6        1983       173      27890     16.1     28.1      1.820      3.5        0
           6        1983       174      21300       14     30.2      1.940        2       21
           6        1983       175      18950     13.8     23.5      1.780        3        0
           6        1983       176      28900      9.6     19.5      1.280        3        0
           6        1983       177      24400      7.3     21.7      1.290      2.5      0.7
           6        1983       178      18280      9.1     18.5      1.270        5        0
           6        1983       179      16570      8.3     16.1      1.110        6        0
           6        1983       180       5130     12.6     16.3      1.560        5      8.1
           6        1983       181      19750      9.4     19.2      1.310      2.5      0.3
           6        1983       182      13880      7.3     17.1      1.160        3        0
           6        1983       183      13020      8.5     18.6      1.360        5      0.1
           6        1983       184      24630      6.9     20.5      1.320        3        0
           6        1983       185      24760        9     24.2      1.500        2        0
           6        1983       186      27240     12.4     27.3      1.710        3        0
           6        1983       187      19900     15.2     27.8      1.960      2.5      2.5
           6        1983       188      20350     15.4     29.5      2.090      1.5     17.1
           6        1983       189      23040     14.6     27.3      1.970        2        0
           6        1983       190      20720     15.2     25.7      2.030      2.5        0
           6        1983       191      26110     13.9     30.3      1.950        2        0
           6        1983       192      28640     17.1     31.9      2.060      2.5        0
           6        1983       193      26840     13.7     27.8      1.910        4        0
           6        1983       194       9200     13.7     18.6      1.430      5.5        0
           6        1983       195      25400     11.5     22.2      1.350        3        0
           6        1983       196      24110     10.8     26.9      1.770        5        0
           6        1983       197      24230     13.4     23.3      1.610        3        0
           6        1983       198      23330     11.7     28.7      1.770      3.5      1.8
           6        1983       199       8490     13.7     21.9      1.890        5        0
           6        1983       200       9040     11.7     18.3      1.370        3        0
           6        1983       201      19710      7.7     17.4      1.010      4.5        0
           6        1983       202      25830      6.7     19.4      1.140        3        0
           6        1983       203      27390      6.2     23.8      1.410      2.5        0
           6        1983       204      23350     11.2     28.9      1.690        2        0
           6        1983       205       9400     13.8     22.9      1.900      1.5      4.8
           6        1983       206      21450     15.6     26.1      1.820        2        0
           6        1983       207      15720     16.2     30.8      1.960      3.5        0
           6        1983       208      16700     13.6     24.1      1.800        3        0
           6        1983       209      14650     12.6     21.7      1.530      3.5        0
           6        1983       210      10970     13.8     22.6      1.740        5      1.1
           6        1983       211      22310       11     20.7      1.430        3        0
           6        1983       212      23020      9.9     30.2      1.610        2        0
           6        1983       213       9450     11.6     24.6      1.840      6.5      0.6
           6        1983       214      13220      7.2       19      1.300      3.5      2.2
           6        1983       215      19960      6.2     20.2      1.140        3        0
           6        1983       216       8370      8.6     19.6      1.450        4      0.3
           6        1983       217      13410     13.4     19.3      1.410      6.5      1.1
           6        1983       218       5650     14.9     17.6      1.570      5.5        1
           6        1983       219      17230     13.3     24.1      1.740        3        0
           6        1983       220      21630      9.6     27.6      1.610      2.5        0
           6        1983       221      22320       14     27.3      1.730        4        0
           6        1983       222      22840       14     24.4      1.710        5        0
           6        1983       223      25190     11.3     22.6      1.450      3.5        0
           6        1983       224       9410     10.6     20.8      1.450        5        0
           6        1983       225      10310     12.3       20      1.310        5      0.2
           6        1983       226      15670       10     20.8      1.370      2.5      0.6
           6        1983       227      22970      9.5     25.6      1.450        3        0
           6        1983       228      15780     13.3     23.9      1.600      5.5        0
           6        1983       229       3300     14.6       20      1.740      2.5      1.2
           6        1983       230      21710     11.7     22.3      1.420      2.5        0
           6        1983       231      20250      9.6     29.4      1.760        3        0
           6        1983       232      18000       17     32.5      1.970        3        0
           6        1983       233      15230     16.4     29.5      1.970        3      1.3
           6        1983       234      18430     13.3     26.6      1.790        2        0
           6        1983       235      17700     12.4     25.6      1.740        2        0
           6        1983       236      11450     11.9     21.9      1.670      3.5        0
           6        1983       237      17560     14.1     27.1      1.870      4.5        0
           6        1983       238      21030     13.9     22.6      1.510        4        0
           6        1983       239       6160     12.3       20      1.540      2.5        0
           6        1983       240       5830     11.3     17.9      1.300        4        0
           6        1983       241      17520      8.7     20.7      1.190        3        0
           6        1983       242      21280        5     24.2      1.310        2        0
           6        1983       243      19040      9.3     29.3      1.350        2        0
           6        1983       244      12180     11.8       26      1.660      3.5        0
           6        1983       245      10400     15.6     22.8      1.550        5        0
           6        1983       246       4220     13.7     19.3      1.440      8.5      8.5
           6        1983       247      11600     13.6     19.4      1.380      7.5      1.3
           6        1983       248       4510      9.8     17.3      1.210      8.5      0.3
           6        1983       249      12990      6.2     16.9      1.010      6.5      0.4
           6        1983       250      11140      7.9     16.8      0.970        6      2.1
           6        1983       251      10230      3.8     19.8      1.110      3.5        0
           6        1983       252       8100     12.7     19.9      1.430        6        0
           6        1983       253       6970     11.1     20.8      1.440      5.5        0
           6        1983       254       7760     10.5     15.9      1.210      5.5      5.6
           6        1983       255       6460      9.6     14.7      1.340      5.5     13.9
           6        1983       256       4120     10.1     13.8      1.260      5.5     11.2
           6        1983       257       7600     10.1     17.9      1.580        5      5.7
           6        1983       258       7000       13     19.2      1.540      6.5      3.5
           6        1983       259       6590     11.1     16.8      1.260      6.5      0.2
           6        1983       260       8250     10.6     16.8      1.390      4.5      4.8
           6        1983       261       3640     10.4     14.7      1.390      6.5      5.5
           6        1983       262      14370     10.8     18.1      1.260      5.5        0
           6        1983       263      12050      9.8     17.1      1.200      4.5      1.8
           6        1983       264       9470     10.4     18.9      1.310        3      2.4
           6        1983       265      14770      6.3     16.5      1.150        5      1.6
           6        1983       266      14480      5.3     19.3      1.130        2        0
           6        1983       267      11390       10       21      1.430      6.5        0
           6        1983       268      14010      6.1     16.4      1.060        3        0
           6        1983       269      12150      6.1     20.1      1.390      3.5        0
           6        1983       270       6210     10.1     18.8      1.550      2.5        0
           6        1983       271       2920     11.5     16.2      1.500      2.5        0
           6        1983       272      11660     10.4       23      1.510        3        0
           6        1983       273      11650      6.2     15.7      1.050        6        0
           6        1983       274      12770      2.9     15.2      0.760        4        0
           6        1983       275       5420       11       19      1.510        4      0.8
           6        1983       276       1670     13.3     17.8      1.770        5      5.8
           6        1983       277      11370     13.4     24.8      1.850      4.5        0
           6        1983       278       8080     11.6     17.9      1.420        9        0
           6        1983       279       8090     11.4     16.2      1.320      6.5      0.9
           6        1983       280       3790      7.9     16.2      1.450      6.5     12.5
           6        1983       281       5370      6.9     13.4      1.150      6.5     13.9
           6        1983       282       7640      5.9     13.4      1.090      4.5      3.2
           6        1983       283       2330        9     14.9      1.440      6.5     11.5
           6        1983       284       7530      7.3     12.8      1.060        7      8.1
           6        1983       285       6500      6.8     13.2      1.150      6.5      0.5
           6        1983       286      10210        9     17.1      1.130        6      0.1
           6        1983       287       8330      8.7       15      1.140      6.5        0
           6        1983       288       5700        8     14.9      1.130        7      1.1
           6        1983       289       7600      8.1     13.2      1.040       10      3.7
           6        1983       290       6390      6.6     13.1      1.070      7.5      3.8
           6        1983       291       1710      6.4     14.6      1.260      7.5      0.6
           6        1983       292       7750        6     14.7      1.080      8.5      0.8
           6        1983       293       4650      1.7     11.7      0.950        5      0.3
           6        1983       294       6610      1.5     11.5      0.840        3      0.1
           6        1983       295       2670      3.2      9.6      0.840        2        0
           6        1983       296       9500     -0.6     11.4      0.730      2.5        0
           6        1983       297       6160     -1.1     10.8      0.720        2        0
           6        1983       298       4480        0      9.2      0.830      4.5      0.9
           6        1983       299       4940      9.1     13.7      1.240      5.5        0
           6        1983       300       2550      7.1     13.1      1.190        5        0
           6        1983       301       6340        1     11.4      0.910        4      2.5
           6        1983       302       8530       -3     10.3      0.690        2      0.7
           6        1983       303       6540     -4.2      9.1      0.750        6        0
           6        1983       304       5110      4.4     11.8      0.930      6.5      0.2
           6        1983       305       3840      4.4     12.8      1.190      6.5        0
           6        1983       306       2940      8.1     14.2      1.300        2        0
           6        1983       307       5350      4.4       14      1.090        3        0
           6        1983       308       2490      1.9      9.4      1.020      2.5        0
           6        1983       309       2750      6.3     12.5      1.090        2        0
           6        1983       310       1520      5.5     11.6      1.180        2        0
           6        1983       311       4670      2.8     13.3      1.060      2.5        0
           6        1983       312       5660      2.8     14.3      0.990      2.5        0
           6        1983       313       4920      5.8     15.5      1.080      1.5        0
           6        1983       314       4030      4.5     12.8      1.040      2.5        0
           6        1983       315       3590      1.6      9.8      0.860      4.5        0
           6        1983       316       6290     -3.8      5.9      0.540        3        0
           6        1983       317       5930     -4.1      4.4      0.510      3.5        0
           6        1983       318       6370     -6.8      4.4      0.420        2        0
           6        1983       319       3180     -0.5      8.6      0.810      5.5      2.3
           6        1983       320       3710     -0.6        9      0.860        3      0.7
           6        1983       321       5410     -4.1      6.3      0.650      2.5        0
           6        1983       322       1960     -5.3      6.3      0.730      3.5      0.1
           6        1983       323       2970      3.7      8.1      0.900      4.5        0
           6        1983       324        990      0.4      7.4      0.810      5.5        2
           6        1983       325       3860     -1.6      5.8      0.640        5      0.9
           6        1983       326       2110       -2      5.1      0.670      4.5        0
           6        1983       327       2630      2.6      7.2      0.790        5        0
           6        1983       328       4530     -1.5      4.5      0.590      3.5        0
           6        1983       329        640        2     13.3      1.140      6.5     12.7
           6        1983       330        550     10.2     13.4      1.340      9.5      5.5
           6        1983       331        570      6.4     13.9      1.110     10.5     24.7
           6        1983       332        640      4.6      6.5      0.820        3      0.5
           6        1983       333       2110        1      8.1      0.780      5.5        3
           6        1983       334       2870     -4.6        5      0.580      3.5      1.1
           6        1983       335       4700     -6.6      0.6      0.440        1        0
           6        1983       336       3050     -4.7        0      0.460        3        0
           6        1983       337       3580     -3.6      1.1      0.410        4        0
           6        1983       338       3070     -3.1        3      0.430      4.5        0
           6        1983       339       3260     -0.6      5.8      0.640        5      2.3
           6        1983       340       2490      0.5      5.5      0.680        4      0.2
           6        1983       341       1740      0.9      5.3      0.690      3.5      0.5
           6        1983       342        520      1.1      4.8      0.750        7      4.6
           6        1983       343        310      4.2        6      0.880      7.5     12.9
           6        1983       344       3050     -2.6      5.6      0.580        6      3.2
           6        1983       345       1740     -9.8      0.3      0.450      1.5      1.7
           6        1983       346       1970     -9.8     -2.4      0.380        3        0
           6        1983       347       3640      -10       -1      0.440        3        0
           6        1983       348       3070     -3.2        0      0.480      5.5        0
           6        1983       349       3140     -3.7      4.2      0.470        4        0
           6        1983       350       1850       -5     -2.2      0.400        4        0
           6        1983       351       1730     -5.8      1.9      0.500        3      0.7
           6        1983       352       1670      0.4      3.5      0.670        3      1.1
           6        1983       353        750      1.1      5.9      0.770      3.5      1.9
           6        1983       354       1620      5.2      8.3      0.910        6      1.4
           6        1983       355       1960      3.9      8.6      0.860        5        0
           6        1983       356        610      3.8      7.8      0.950        7        5
           6        1983       357        540      3.6      8.7      0.990        7      2.3
           6        1983       358        360      4.4     11.3      1.040      5.5      8.2
           6        1983       359       1070      8.8     10.9      1.190      8.5      0.2
           6        1983       360       1120        2      9.3      0.910        8      3.4
           6        1983       361        260      0.7     10.7      1.000        9        2
           6        1983       362        730      9.2     10.8      1.180        9      0.9
           6        1983       363        710      5.4      9.4      1.070        5        0
           6        1983       364       2460      1.5      9.2      0.770      6.5        0
           6        1983       365       1250      2.7      7.8      0.860       10      0.4
