* Country: Netherlands
* Station: Eelde
* Year: 1998
*  Source: Weather data and coordinates from
*  Eelde (KNMI)
*  Author: J. W. Steenhuizen PRI Wageningen
*  Longitude: 235.030 Amersfoortse coordinates
*  Latitude: 571.460
*  Elevation: 4.0 m.
*  Comments: For internal use only
*  Columns:
*  ========
*  station number
*  year
*  day
*  irradiation (kJ m-2 d-1)
*  minimum temperature (degrees Celsius)
*  maximum temperature (degrees Celsius)
*  vapour pressure (kPa) op basis %RH
*  mean wind speed (m s-1)
*  precipitation (mm d-1)
*--------------------------------------------------------------------------*
   6.35 53.08 4.0 0.00 0.00
      6   1998       1       1930      3.5      7.1     0.844        5.3           0
      6   1998       2       1260      5.3      8.8     0.928        7.2         4.8
      6   1998       3        360      5.2     10.1     0.935         10        16.4
      6   1998       4       2000      4.6        8     0.810        9.7         3.4
      6   1998       5       1550      1.7      6.9     0.743        9.7         9.8
      6   1998       6       2020      1.9      7.8     0.787        6.1         0.9
      6   1998       7       1350      5.4     10.2     0.944        8.8         2.4
      6   1998       8       1040      6.3     10.7     0.998        9.6        11.7
      6   1998       9       1860      8.6     12.2     1.140          8           0
      6   1998      10       3540      4.6     11.7     0.934        4.8           0
      6   1998      11       3510      2.1       10     0.806        3.3           0
      6   1998      12       2690      4.6      9.3     0.912        3.4           0
      6   1998      13       2950      3.7      9.5     0.864        3.2           0
      6   1998      14        910      5.6     10.3     0.912        7.9         0.4
      6   1998      15       1120      3.2      8.7     0.872        7.6         2.5
      6   1998      16       1090      4.9      8.1     0.923        5.4           3
      6   1998      17       1280      2.1      7.5     0.800        6.9         1.7
      6   1998      18       1300      3.2      7.2     0.771        7.8         2.3
      6   1998      19       1060      2.8        7     0.806          8        17.1
      6   1998      20        390      0.8      4.7     0.678        6.4         4.6
      6   1998      21       3120     -3.1      0.9     0.454        2.1           0
      6   1998      22       2870       -4      0.4     0.464        2.5           0
      6   1998      23        570     -3.7      2.7     0.579        2.9         0.3
      6   1998      24       1070      1.6      3.7     0.631          7           0
      6   1998      25       2660     -3.8      2.9     0.542        5.3           0
      6   1998      26       5660       -7      3.2     0.497          1           0
      6   1998      27       1720     -4.5      1.5     0.536        2.2           0
      6   1998      28       2340     -1.7      6.2     0.683        2.8         0.9
      6   1998      29       2570     -1.4      4.7     0.689        1.5           0
      6   1998      30       1380     -0.5      6.6     0.742        4.5         4.3
      6   1998      31       6290     -5.8      3.2     0.353        4.8           0
      6   1998      32       3740     -9.8     -2.6     0.313          2           0
      6   1998      33       2200     -9.2      2.4     0.449          5         3.1
      6   1998      34       6080     -1.9      4.1     0.588        4.4         0.3
      6   1998      35       4770     -0.5      5.1     0.678        6.3         0.2
      6   1998      36       2390      1.6      6.5     0.808        4.5           0
      6   1998      37       1550      3.5      6.1     0.784        4.5           0
      6   1998      38       1510      1.7      5.8     0.724        5.5         3.3
      6   1998      39       4880        0      7.1     0.737        5.7           0
      6   1998      40       4130      2.9      9.3     0.773        6.4           0
      6   1998      41       3310      3.8      8.9     0.831          6           0
      6   1998      42       2940        6     10.7     0.926        8.8           0
      6   1998      43       4940      8.7     13.5     1.154        7.7           0
      6   1998      44       1940      6.5     12.3     1.092        4.8           0
      6   1998      45       7320      6.3       15     1.073          5           0
      6   1998      46       3950      8.7       13     1.037        5.3           0
      6   1998      47       4060      6.7     11.6     0.975        9.6         2.5
      6   1998      48       3530      2.9        8     0.775        4.3           0
      6   1998      49       7980      2.7       12     0.907        3.9           0
      6   1998      50       2840      1.7        9     0.830        4.3           0
      6   1998      51       5000        8     13.4     1.113          4           0
      6   1998      52       3660      7.4     12.9     1.098        5.9         3.3
      6   1998      53       4350      2.3       10     0.884        3.8           0
      6   1998      54       6630     -0.5     10.3     0.830        5.9         0.8
      6   1998      55       3780      6.3     11.3     1.061        4.6           0
      6   1998      56       3070      4.8     10.9     0.977        2.6           0
      6   1998      57       2600      6.3      8.6     0.844        6.8           0
      6   1998      58       2030      6.7      8.9     0.873       11.9           1
      6   1998      59       7480      0.5      7.2     0.713        7.3         7.4
      6   1998      60       6040     -0.4      6.4     0.689        5.3         3.4
      6   1998      61       6900      2.4        9     0.805          9         1.1
      6   1998      62        940      7.4     12.8     1.165       10.9        15.7
      6   1998      63       2060      3.6     12.9     0.972         10           9
      6   1998      64       7810      2.3      8.2     0.757        7.2        12.2
      6   1998      65       2510      1.3      4.5     0.734          4         9.5
      6   1998      66       2340      2.5     11.2     0.925        8.3        20.7
      6   1998      67       7570     -2.7      7.7     0.618        5.9         1.1
      6   1998      68      10840     -3.1      7.6     0.628        3.5           1
      6   1998      69       9440     -0.3      8.6     0.665        4.5           0
      6   1998      70       5660      2.5      5.8     0.681        4.7         1.6
      6   1998      71       8080      0.1      6.5     0.644        3.8           1
      6   1998      72       3740     -1.1      8.5     0.752        5.5         0.4
      6   1998      73       5210      4.7      8.8     0.919        6.3         2.1
      6   1998      74       2600      7.1      8.7     1.041        5.4         4.3
      6   1998      75       8230      6.8     12.9     1.135        4.3           0
      6   1998      76       6790        7     11.2     1.016        4.8           0
      6   1998      77       7930      3.7     11.4     0.899        5.4           0
      6   1998      78      11480      1.5      9.8     0.759        4.8           0
      6   1998      79       4960      3.8      8.3     0.833        5.3           0
      6   1998      80      13520      2.1      9.6     0.672        1.8           0
      6   1998      81       3190      2.4      8.1     0.833        4.6           1
      6   1998      82      10430     -1.1      7.6     0.583        5.5           0
      6   1998      83      15050     -2.3      9.2     0.516        2.7           0
      6   1998      84      14830      1.1     12.2     0.531        4.3           0
      6   1998      85      10810        2     11.7     0.623        6.9         3.1
      6   1998      86       7670      7.6     13.9     1.178        5.3           1
      6   1998      87       3190      8.8     12.6     1.187        3.1           0
      6   1998      88      13730      7.9     21.8     1.270        2.8           0
      6   1998      89      14450     10.4     22.7     1.356        3.9           0
      6   1998      90       8930        5     14.1     1.057        3.7           0
      6   1998      91       8010      2.6     12.2     0.920          2         0.4
      6   1998      92       2650      6.7      9.4     1.041          3         5.1
      6   1998      93       4060        8       13     1.147        4.8        10.9
      6   1998      94       7030      6.8     12.7     1.059        6.3         9.6
      6   1998      95       8560      7.5       13     1.034        5.8         5.2
      6   1998      96       9210      5.7       13     1.043        3.4         3.8
      6   1998      97      11840      3.5     13.2     0.978        3.1         8.7
      6   1998      98       3100      5.8      9.1     0.982        2.5         9.7
      6   1998      99       8710      5.6     13.3     1.073        3.3         1.6
      6   1998     100       7850      5.8     12.5     1.063          3         6.2
      6   1998     101       8730      3.3     11.3     0.923        4.8         1.6
      6   1998     102      14090      2.5      9.6     0.744        6.3           0
      6   1998     103      10170      1.6      7.4     0.761        6.4           3
      6   1998     104      10660      0.5      7.7     0.725        5.5         0.6
      6   1998     105       5200      1.6      8.3     0.759        4.8         3.1
      6   1998     106      14840      2.4     10.2     0.774        5.8         4.5
      6   1998     107      14000      3.1     14.6     0.783        3.9           0
      6   1998     108      18350      1.8     13.8     0.803        4.3           0
      6   1998     109      15510     -1.2     14.7     0.741        1.2         0.1
      6   1998     110       4530      6.1     11.1     1.005        4.1         4.2
      6   1998     111      13090      4.5     13.8     1.030          3           0
      6   1998     112      20000      6.2     19.8     1.074        3.9           0
      6   1998     113      21210      6.7     22.6     1.174        4.3         4.4
      6   1998     114       7080     10.8     13.9     1.291        5.2         3.8
      6   1998     115       8450      9.7       15     1.305          5        12.2
      6   1998     116       9750      6.3     13.3     1.085        2.9         0.6
      6   1998     117       8030      5.8     13.6     1.101        2.2         2.2
      6   1998     118       9290      7.7     14.6     1.158        2.5         0.6
      6   1998     119       8930      7.5     14.2     1.173        3.9         0.2
      6   1998     120      11470      9.4     16.2     1.371        2.6           0
      6   1998     121      16470      8.6     18.5     1.437        2.7           0
      6   1998     122      18900      8.1     18.2     1.300        5.7           0
      6   1998     123      12590      4.1     12.2     0.934        5.7           0
      6   1998     124      21480      1.8       13     0.841          4           0
      6   1998     125      10230      6.1     13.7     1.046          5           0
      6   1998     126       4970      8.6     13.8     1.225        7.1        12.2
      6   1998     127       5520     11.4     14.3     1.219        6.8           0
      6   1998     128      21800      8.7     22.5     1.229          4           0
      6   1998     129      22780      9.6     26.5     1.487        3.2           0
      6   1998     130      23310      9.1     25.2     1.594          3           0
      6   1998     131      22530       11     27.3     1.738        2.9           0
      6   1998     132      23950     13.9     28.5     1.942        4.4           0
      6   1998     133      24470     12.7     23.3     1.423        6.1           0
      6   1998     134      27920        9     22.7     0.990        5.9           0
      6   1998     135      27480      9.2     22.6     1.097          5           0
      6   1998     136      28010      7.3     19.8     0.993        5.5           0
      6   1998     137      27420      5.4     20.9     1.113        3.4           0
      6   1998     138      26490      7.9     22.3     1.339        2.5           0
      6   1998     139      27260      4.1     19.3     1.134        3.1           0
      6   1998     140      14370      8.9     16.7     1.187        2.8         0.4
      6   1998     141      16620      6.4     15.2     1.021        4.6         0.8
      6   1998     142      14150      3.9     13.2     0.831          5         0.3
      6   1998     143      10790      2.3     15.7     0.987        3.1         2.8
      6   1998     144       7900      8.9     14.9     1.268        3.1         0.7
      6   1998     145       8860       10     16.6     1.371          3         2.6
      6   1998     146      12610      7.8     16.4     1.271        3.5         3.2
      6   1998     147      18510      8.8     19.6     1.343          2           0
      6   1998     148      17150      8.5     23.5     1.450        3.5           0
      6   1998     149       7790     11.9     18.3     1.568        2.9         1.2
      6   1998     150       5010     12.4     15.1     1.500        2.7         0.2
      6   1998     151      18860     10.4     23.8     1.626        2.8           0
      6   1998     152      13020        9     20.5     1.470        2.6         0.8
      6   1998     153      18460      9.4     24.6     1.598        4.2         1.2
      6   1998     154      13000     11.7     18.8     1.483        4.9         5.4
      6   1998     155      13010      6.4     17.6     1.249        3.6           8
      6   1998     156      15090        4     16.3     1.075        4.8         4.3
      6   1998     157      13350     13.3     24.7     2.015        2.8          17
      6   1998     158       8340     12.1     18.5     1.587        3.7        16.8
      6   1998     159      14850       12     19.5     1.445          6         0.4
      6   1998     160       3620     13.8     16.9     1.659        6.1         9.3
      6   1998     161      18700     10.7     18.3     1.431        4.9        12.2
      6   1998     162       8150      7.8     17.2     1.331        3.3         6.6
      6   1998     163      17120      4.4     14.7     1.000        4.9         2.8
      6   1998     164      23030      3.2     17.4     0.894        2.8           0
      6   1998     165      14350     10.1     19.2     1.302        4.3         0.4
      6   1998     166      15420       11     20.5     1.547        2.3         2.8
      6   1998     167      17520      9.5     19.2     1.418        4.2           5
      6   1998     168      19370      9.3     17.4     1.200          5         0.6
      6   1998     169      13060      8.4     18.8     1.412        3.5           2
      6   1998     170       9710       12       21     1.728        3.5           0
      6   1998     171      25230     11.9     27.5     1.862        2.2           0
      6   1998     172      25870     16.3     31.4     2.273          4         0.8
      6   1998     173      19390     11.2     20.8     1.537        4.8         1.5
      6   1998     174       7030     10.8     17.7     1.533          4         4.7
      6   1998     175      10460     15.8     22.4     1.985        3.3         0.1
      6   1998     176      17480     12.1     27.2     1.944        4.3        13.7
      6   1998     177      19630     10.6       23     1.560        2.9         1.1
      6   1998     178      13570     11.4     22.7     1.658        3.8           4
      6   1998     179      20700     12.5     19.9     1.503        5.8         4.1
      6   1998     180      18040     11.9     20.5     1.538          5         8.2
      6   1998     181       7290     12.4     17.1     1.534        4.2         2.5
      6   1998     182      18240     11.7     18.9     1.471        4.3           1
      6   1998     183       9530      9.8     17.7     1.350        2.9           0
      6   1998     184       9810       12     17.4     1.369        3.8           0
      6   1998     185       6050     12.9     17.7     1.488          4           0
      6   1998     186       9020     13.6     19.3     1.687        5.4         3.4
      6   1998     187      19670     10.5     18.3     1.281        4.8         0.1
      6   1998     188      18470        9     16.5     1.212          5         5.3
      6   1998     189      10740      9.1     15.8     1.244          5         2.5
      6   1998     190       5870     10.7     17.4     1.514        4.2           5
      6   1998     191      19980      8.6     21.3     1.456        2.2         5.3
      6   1998     192      18840     11.1     19.4     1.434        5.9        13.6
      6   1998     193       5760     12.7       18     1.642        5.7         3.4
      6   1998     194      17900     10.2     18.9     1.262        6.5         0.4
      6   1998     195       7720     10.8     14.5     1.358        6.6         7.9
      6   1998     196      14450     11.3     18.8     1.481        4.4         4.4
      6   1998     197       8390      9.1     17.3     1.391        3.3         1.6
      6   1998     198      16600      6.5     21.5     1.402        3.9         9.9
      6   1998     199      13200     11.1     19.2     1.458        5.2         3.6
      6   1998     200      21030       12     21.5     1.500        4.1           0
      6   1998     201      24990     11.6     29.9     1.891        2.7           0
      6   1998     202      13930     12.6     25.7     1.801        5.4         2.1
      6   1998     203      23070     11.9     22.3     1.515        4.2           0
      6   1998     204      14480     12.5     22.8     1.586        4.9           0
      6   1998     205      14850       10     19.8     1.387          3         0.1
      6   1998     206      21340      7.7     20.5     1.273        2.8           0
      6   1998     207      21240      5.9       23     1.270        1.5           0
      6   1998     208      19620     12.4     25.3     1.685        1.5         0.6
      6   1998     209      11150     12.4     20.5     1.705        2.6         6.6
      6   1998     210       7700     12.2     19.1     1.673        4.3        12.9
      6   1998     211      10580     12.5       18     1.566        5.5         9.1
      6   1998     212      12160       13     19.6     1.654        5.5         6.6
      6   1998     213      12850     12.5     19.1     1.518        2.6           0
      6   1998     214       9710      9.8     18.7     1.362          2           0
      6   1998     215      18890      7.7     22.1     1.338        4.4         0.4
      6   1998     216      18980     12.5     20.1     1.530        5.3         6.2
      6   1998     217      11080     10.2     19.8     1.444        4.7           0
      6   1998     218      22980      8.8       24     1.451        4.7           0
      6   1998     219      15960     14.2     24.1     1.907          3           0
      6   1998     220      23780     13.8     25.8     1.829        4.6           0
      6   1998     221      25000     12.3     21.6     1.519          4           0
      6   1998     222      23820     11.1     29.8     1.650        3.3           0
      6   1998     223      21710       14     28.6     1.930          3           0
      6   1998     224      19070       12     28.2     1.885        2.8           0
      6   1998     225      11770      9.8     19.3     1.388          5         0.6
      6   1998     226       7010      9.7     20.8     1.549        3.5           0
      6   1998     227      11570      9.1       23     1.576        3.8           0
      6   1998     228      18050      6.9     21.6     1.285        2.7           0
      6   1998     229      16930     12.9     24.6     1.655        4.6           0
      6   1998     230      16450      8.7     21.6     1.425        3.1           0
      6   1998     231      15160      8.7       21     1.350        1.9           0
      6   1998     232      16430      8.8     23.3     1.437        5.6           0
      6   1998     233       7810     11.8     18.1     1.537        6.2          28
      6   1998     234      10680       10     17.1     1.393        4.4         9.3
      6   1998     235      12030      8.2     19.2     1.331          5        21.1
      6   1998     236      11270     11.6     16.8     1.389          6        14.1
      6   1998     237      10040      9.8       16     1.237        3.3           0
      6   1998     238       5250      8.5     14.5     1.236        2.4         5.7
      6   1998     239      13610      7.5     15.3     1.138        4.6         5.6
      6   1998     240       9110     10.6     14.6     1.284        5.1         1.4
      6   1998     241      12490      7.3     16.6     1.165        2.8           0
      6   1998     242       8620        7     18.7     1.333        1.3           0
      6   1998     243      15080      5.5     18.9     1.225        2.5           0
      6   1998     244      11240      9.2       20     1.345        3.8           0
      6   1998     245       9520     13.6       21     1.627        4.5         0.5
      6   1998     246       3120     14.2     16.5     1.659        4.8        11.6
      6   1998     247       6190     13.9     18.6     1.737        2.3           2
      6   1998     248       4000     12.3       18     1.655          3           2
      6   1998     249      12000      9.3     21.2     1.599        1.5           0
      6   1998     250       9420     12.1     20.5     1.671        2.6           0
      6   1998     251       8310     15.7     20.7     1.899          5         9.1
      6   1998     252       5440     14.6       20     1.816        6.8         5.3
      6   1998     253      10480     14.5     20.5     1.705        7.1           3
      6   1998     254       9800      8.2     17.3     1.310        5.8         1.7
      6   1998     255       3030      7.4     12.8     1.201        1.8         7.5
      6   1998     256      10940      4.3     13.4     1.043          4           0
      6   1998     257       3490        4     13.7     1.118        3.4        12.7
      6   1998     258       6330     10.5     15.9     1.377        7.1        11.4
      6   1998     259      10440      9.4       16     1.306        6.7         9.7
      6   1998     260       6360     10.9     15.4     1.358        5.3         4.7
      6   1998     261      11540     10.5     17.1     1.294          3         0.6
      6   1998     262       3810     13.9     18.2     1.750        2.9           0
      6   1998     263       6940     10.3     18.6     1.536        2.7           0
      6   1998     264      12320      9.4     18.6     1.509        2.8           0
      6   1998     265      12280      9.9       18     1.413        3.4           0
      6   1998     266       4700      8.2       13     1.216        3.7           0
      6   1998     267      11380      7.7     18.5     1.354        3.7           0
      6   1998     268       9510      8.4     21.3     1.511        2.1           0
      6   1998     269      10350     10.4     22.3     1.606        3.4           0
      6   1998     270       9750     10.5     20.7     1.617        1.7         7.6
      6   1998     271       9620      7.6       20     1.475        1.3           0
      6   1998     272       6390        9     17.7     1.404        1.8           0
      6   1998     273       2750     11.1     14.6     1.389        6.2         3.2
      6   1998     274       1370      7.7     11.1     1.092          6           8
      6   1998     275      13180      4.5      9.8     0.712        6.4           0
      6   1998     276       2810        5      7.2     0.827        3.6         1.4
      6   1998     277       2170      4.1      6.9     0.855        4.2           1
      6   1998     278       2090      3.8      7.7     0.834        5.6           0
      6   1998     279      10980      4.8     11.9     0.842        7.3         0.6
      6   1998     280       1530      6.7      8.3     0.985        4.2         4.4
      6   1998     281       1240      7.4      9.6     1.083          3        19.5
      6   1998     282       1880      8.5     11.4     1.143        4.1           0
      6   1998     283       7300      9.2     14.4     1.247        6.3           7
      6   1998     284       2440      7.8     12.7     1.129        5.3         4.9
      6   1998     285       6280      6.9     12.4     1.052        5.8         7.9
      6   1998     286       5090      6.1     13.8     1.131        5.3         3.3
      6   1998     287       1820      7.7     16.1     1.321        6.8         9.3
      6   1998     288       7350      4.4     13.7     1.012          5         0.2
      6   1998     289       7910      4.3     15.4     1.077          5           0
      6   1998     290       1490      9.1     15.5     1.260        7.4         6.3
      6   1998     291       7720      2.2     11.1     0.829        3.6         0.8
      6   1998     292       6860      1.2     10.5     0.840        4.5         1.1
      6   1998     293       8510      3.2       11     0.834        3.9         6.5
      6   1998     294        960      6.5     14.7     1.179        8.5           5
      6   1998     295       2490       14     16.9     1.535        8.2         0.2
      6   1998     296       1070     10.3     15.8     1.378        7.3        13.7
      6   1998     297       2910      7.4     12.5     1.166          6        15.7
      6   1998     298       3690      6.1     11.9     0.987        9.1         9.9
      6   1998     299       2220      3.5        8     0.834        4.8         7.5
      6   1998     300        830      4.4     14.3     1.099        9.6        16.6
      6   1998     301       4300      9.1     12.8     1.056        9.6        11.9
      6   1998     302       5240      6.2     11.5     0.934          8         2.8
      6   1998     303       2980      5.1      9.3     0.898        5.2        12.8
      6   1998     304       4690      4.3      9.6     0.931        3.9         2.8
      6   1998     305       5180      3.5      9.6     0.889        4.3         2.6
      6   1998     306       5370      2.7      9.1     0.860        4.1         3.3
      6   1998     307       2470      5.4      9.1     0.949        5.6         7.8
      6   1998     308       4540        1      7.9     0.806        3.3         2.9
      6   1998     309       2710      1.2      9.5     0.830        6.5           7
      6   1998     310       5370      0.8      9.9     0.762        5.5         3.1
      6   1998     311       3540     -0.8      8.7     0.788        3.3           0
      6   1998     312       1170      3.4      7.6     0.881        3.8         3.9
      6   1998     313        920      7.6     14.4     1.260        4.5        12.9
      6   1998     314       1500      4.2     11.1     0.994          4         5.3
      6   1998     315       4720      2.1      9.7     0.834        3.7         2.4
      6   1998     316       3410      1.1        7     0.785        3.3           0
      6   1998     317        960      2.8        8     0.867        4.5         2.6
      6   1998     318       1390      2.7      6.5     0.846          2         0.1
      6   1998     319       1910      2.8      5.5     0.829        1.6         1.5
      6   1998     320       2050     -0.5        5     0.655        3.5         0.7
      6   1998     321       2450     -0.7      4.5     0.654        2.3         2.9
      6   1998     322       4570     -1.4      5.3     0.696        2.8         5.2
      6   1998     323       5700     -5.2      2.7     0.535        1.6           0
      6   1998     324       5670     -6.5      2.8     0.524        1.3           0
      6   1998     325       5870     -4.8      1.1     0.503        3.2           0
      6   1998     326       5600     -6.7     -1.3     0.418        3.3           0
      6   1998     327       4510     -7.9     -1.6     0.418        1.8           0
      6   1998     328       3770     -4.9       -1     0.463        2.7           0
      6   1998     329       1810     -2.8        1     0.558        2.2           0
      6   1998     330        820      0.6      4.6     0.734        4.4         3.8
      6   1998     331       1810      3.2      9.3     0.935        2.8         0.7
      6   1998     332       2950      2.8      5.7     0.811        3.5         0.1
      6   1998     333       3560       -1      3.3     0.641        3.7           0
      6   1998     334        250     -1.2      1.9     0.583        4.2           0
      6   1998     335       1160     -3.3      1.9     0.549        4.7           0
      6   1998     336       3340     -4.7     -1.4     0.446        4.9           0
      6   1998     337        950       -4     -1.7     0.485        2.3           0
      6   1998     338       1870     -1.9      3.1     0.636        4.2         3.3
      6   1998     339       2010     -0.7        3     0.615          5         4.1
      6   1998     340       3420     -5.9      3.5     0.462        4.9         1.3
      6   1998     341       3300     -8.5      3.4     0.451        1.8           0
      6   1998     342       3690     -9.9     -0.9     0.416        2.9           0
      6   1998     343        830     -1.8      1.3     0.612        3.1         2.8
      6   1998     344        820      0.2      1.7     0.670        2.5           0
      6   1998     345       1370     -1.6      0.6     0.591        3.5           0
      6   1998     346        510      0.1      9.2     0.857        4.5         7.3
      6   1998     347        990      5.8     11.5     1.019        9.5         5.3
      6   1998     348        650      6.8     11.9     1.122        7.3         0.9
      6   1998     349        290      6.7     10.9     1.126        5.7        18.7
      6   1998     350       2410      4.5      8.7     0.938        5.2         0.4
      6   1998     351       2230        4      7.3     0.803        5.4           0
      6   1998     352        430      5.5      7.1     0.929        6.3         1.2
      6   1998     353        840      2.7      7.4     0.839        7.1        13.7
      6   1998     354       2800     -0.6      5.9     0.687        3.5           1
      6   1998     355       3030     -2.6      3.3     0.619        3.1         1.2
      6   1998     356       1300      0.7      5.8     0.774        3.5         0.8
      6   1998     357        740      2.5      5.7     0.780        6.3         0.8
      6   1998     358       2710      2.1        6     0.762        5.3           2
      6   1998     359        440      3.9      9.5     0.963        9.8         9.7
      6   1998     360       2350      4.6     11.2     0.940        9.5         9.1
      6   1998     361       1090      5.4     11.4     0.908        8.8         4.2
      6   1998     362        580      4.5     10.1     0.953        6.8         3.9
      6   1998     363       2200      1.5      5.8     0.757        4.4           0
      6   1998     364       2960      1.2      9.1     0.785        3.9           0
      6   1998     365       1780      0.7      8.3     0.753        3.4           0
