* Country: Netherlands
* Station: Eelde
* Year: 1985
*  Source: Weather data and coordinates from
*  Eelde (KNMI)
*  Author: J. W. Steenhuizen PRI Wageningen
*  Longitude: 235.030 Amersfoortse coordinates
*  Latitude: 571.460
*  Elevation: 4.0 m.
*  Comments: For internal use only
*  Columns:
*  ========
*  station number
*  year
*  day
*  irradiation (kJ m-2 d-1)
*  minimum temperature (degrees Celsius)
*  maximum temperature (degrees Celsius)
*  vapour pressure (kPa)
*  mean wind speed (m s-1)
*  precipitation (mm d-1)
*--------------------------------------------------------------------------*
   6.35 53.08 4.0 0.00 0.00
          6       1985         1        550       0.5       5.6     0.660        7       8.4
          6       1985         2       1430      -4.1       1.4     0.510        4       0.2
          6       1985         3       1700      -6.7         0     0.480      2.5       6.9
          6       1985         4       2710     -14.9        -5     0.270      3.5       0.8
          6       1985         5       4500     -17.4      -6.5     0.220        1         0
          6       1985         6       2040     -15.6      -5.6     0.270        5       1.1
          6       1985         7       4900     -17.6      -7.4     0.200        3         0
          6       1985         8       2530     -16.6      -4.2     0.320      3.5       2.1
          6       1985         9       1580     -12.3      -3.7     0.360      4.5       2.9
          6       1985        10       2360     -13.8      -4.7     0.350        3       1.1
          6       1985        11       1900      -7.3       0.6     0.430        4         1
          6       1985        12       3400     -10.6       2.7     0.460        5       1.7
          6       1985        13       2490     -12.5      -6.6     0.290        3         0
          6       1985        14       2330     -10.5      -2.8     0.330      4.5       0.6
          6       1985        15       2300     -12.3      -8.1     0.240        5       0.3
          6       1985        16       1580     -11.4      -7.1     0.280      2.5         0
          6       1985        17       2130     -12.2      -8.8     0.240      2.5         0
          6       1985        18       3180     -11.5        -4     0.290        4         0
          6       1985        19       2580      -6.5      -4.5     0.360      2.5         0
          6       1985        20       1120      -8.4        -4     0.360        3         0
          6       1985        21       2000      -4.2       3.7     0.570        5       2.4
          6       1985        22       1070       1.2       5.6     0.710      6.5         5
          6       1985        23       3370      -0.7         3     0.570        7       0.2
          6       1985        24       3890      -0.9       2.9     0.560      7.5       4.9
          6       1985        25        910       1.4       4.5     0.740      4.5       2.9
          6       1985        26       1640       0.3       2.3     0.600        4       7.5
          6       1985        27       6050      -4.1       2.3     0.440      2.5         0
          6       1985        28       4870      -4.5       1.7     0.410        5         0
          6       1985        29       1910       1.3       7.7     0.760      6.5       9.5
          6       1985        30       3520       3.2       8.1     0.860        6       3.7
          6       1985        31       3780       4.2       8.7     0.820       11       3.5
          6       1985        32       2090       4.6      10.3     0.910     10.5       3.3
          6       1985        33       3980       3.4       8.6     0.780       10       0.4
          6       1985        34       6570      -0.5       5.9     0.500      2.5       0.1
          6       1985        35       2290       0.8       5.7     0.620      4.5         0
          6       1985        36       1250         4       6.3     0.790      1.5         0
          6       1985        37       1510      -0.6       4.8     0.700      3.5       0.4
          6       1985        38       7900      -4.2       1.3     0.460      2.5         0
          6       1985        39       2960      -4.5      -1.7     0.320        7         0
          6       1985        40       5550      -7.8      -2.5     0.280        8         0
          6       1985        41       7930      -8.2      -4.2     0.270      5.5         0
          6       1985        42       6670      -9.2      -4.1     0.260      4.5         0
          6       1985        43       7730     -11.1      -3.2     0.210      4.5         0
          6       1985        44       7470     -11.9        -2     0.240      3.5         0
          6       1985        45       6670     -12.2       1.9     0.310        4         0
          6       1985        46       7820     -13.6      -1.1     0.280        4         0
          6       1985        47       3950      -4.8       4.8     0.550      2.5         0
          6       1985        48       2950      -8.2      -0.3     0.430      3.5         0
          6       1985        49      11060       -11      -1.8     0.260        3         0
          6       1985        50      11380     -14.4       1.5     0.210      2.5         0
          6       1985        51       1620      -6.9      -0.5     0.350        5       0.4
          6       1985        52       1730      -1.2       2.3     0.630      3.5         0
          6       1985        53       2950        -2      -0.1     0.520        2         0
          6       1985        54       1830      -0.2       3.7     0.630        6       1.8
          6       1985        55       9210      -1.7       8.9     0.710        4         0
          6       1985        56       4100      -2.1       2.8     0.620        2         0
          6       1985        57       6980       0.1         8     0.670      3.5         0
          6       1985        58       1610      -0.6       1.7     0.640      3.5         0
          6       1985        59       1180      -0.5       0.9     0.600      1.5         0
          6       1985        60       2670      -0.6       3.7     0.620      3.5       2.3
          6       1985        61       2770         3       5.9     0.800      4.5       0.1
          6       1985        62       8080       1.8      10.1     0.790        5         0
          6       1985        63       2280       3.5       8.8     0.950        4       3.9
          6       1985        64       5060       1.4         6     0.770      2.5         0
          6       1985        65       4270      -0.6       2.9     0.660      1.5         0
          6       1985        66       3420      -1.3       1.1     0.600      1.5         0
          6       1985        67       1520       1.1       5.1     0.740      2.5         1
          6       1985        68       5970      -0.5       6.9     0.680        2         0
          6       1985        69      10350      -1.2         9     0.680      3.5       2.4
          6       1985        70       3210       1.2       4.2     0.620        7         0
          6       1985        71       7900      -1.9       4.2     0.560      1.5         0
          6       1985        72       4020      -1.6       3.9     0.650        4       2.4
          6       1985        73       6660       1.4       5.6     0.670      4.5       2.4
          6       1985        74       7450      -1.3       4.9     0.590      3.5       0.1
          6       1985        75       3420      -2.1       1.3     0.560      3.5         0
          6       1985        76      11050      -2.8       4.1     0.510      5.5         0
          6       1985        77       5330      -3.7       0.9     0.500        4         0
          6       1985        78       3140      -2.7       0.8     0.550        4       1.8
          6       1985        79       3270       0.2       2.7     0.630      2.5       1.1
          6       1985        80      12760      -1.1       9.6     0.620        4         0
          6       1985        81      13430       1.5      13.3     0.720      4.5         0
          6       1985        82       7540       1.5      10.6     0.770        4       0.4
          6       1985        83       5900       3.3       9.5     0.800        4       5.3
          6       1985        84       8310       3.1       9.5     0.800        4       1.9
          6       1985        85       5150         5      10.4     0.890      3.5         3
          6       1985        86       6710       0.7       6.9     0.650        7       1.1
          6       1985        87      11000       0.5       5.9     0.570        6       0.2
          6       1985        88       3430       0.8       7.3     0.770      8.5        16
          6       1985        89       1630       6.8      10.2     1.030       10       9.2
          6       1985        90       5490       7.5        12     1.010        7         1
          6       1985        91       6430       7.4      14.5     1.140        7       5.2
          6       1985        92       4710       6.4      13.7     0.970       10       5.3
          6       1985        93       7220       5.1      18.2     1.200        4         0
          6       1985        94      15040      11.2      18.5     1.220      3.5         0
          6       1985        95       3440      11.4      16.1     1.200        3       0.5
          6       1985        96      14300       8.5      15.2     1.000      3.5       2.7
          6       1985        97       7730         8      12.6     1.020      4.5      11.4
          6       1985        98       4970       8.1      10.6     0.970      8.5       1.8
          6       1985        99       5400       6.5       9.6     0.940      5.5       3.2
          6       1985       100       6120       4.7       9.9     0.860      3.5       0.6
          6       1985       101       6660         5      11.1     0.860      5.5         4
          6       1985       102       5420         5       9.2     0.820        5       0.2
          6       1985       103      10800       4.9      10.9     0.840        6       8.7
          6       1985       104       6850       5.6       9.3     0.830        6       2.3
          6       1985       105      14910       5.5      10.2     0.800        6         0
          6       1985       106       7960       5.4        11     0.930      2.5       0.8
          6       1985       107      10640         7      15.6     1.090      2.5         0
          6       1985       108      17010       2.9      15.6     0.960      2.5         0
          6       1985       109      18740       3.3      19.2     0.870      3.5         0
          6       1985       110      11950       4.2       9.6     0.780        7       0.2
          6       1985       111      20890       3.5        13     0.750      3.5         0
          6       1985       112      22610       3.9      11.5     0.800      5.5         0
          6       1985       113      13610       0.3       8.4     0.630        7       0.1
          6       1985       114      23080      -1.9       9.8     0.590      5.5         0
          6       1985       115      15710       1.6       6.7     0.640        7         6
          6       1985       116      16380      -0.6       7.7     0.570        5       0.8
          6       1985       117      11750       0.2       7.8     0.640        9        11
          6       1985       118      11380       2.2       7.5     0.650        9       1.6
          6       1985       119      13670       0.5       8.1     0.640        6         0
          6       1985       120      19970      -0.1      11.4     0.730      3.5         0
          6       1985       121      13930       4.7        10     0.800        8         1
          6       1985       122       7450       2.5         8     0.800        8       9.4
          6       1985       123       9610       4.9       8.5     0.810      2.5       0.3
          6       1985       124       6220       3.4       9.5     0.850      3.5         0
          6       1985       125       8550       5.3      13.8     0.940      3.5         0
          6       1985       126      17320       8.6        20     1.020      4.5         0
          6       1985       127      14110       9.4      20.5     1.280        6         0
          6       1985       128      19930        10      19.6     1.290      5.5         0
          6       1985       129      20150       8.6      20.4     1.220      2.5         0
          6       1985       130       5790       8.2      13.1     1.100        3         0
          6       1985       131      12760       8.6      14.5     1.130        3         0
          6       1985       132      18810         9        18     1.220      6.5       1.2
          6       1985       133       8220       9.6      15.7     1.370      3.5       0.2
          6       1985       134      15340         9      22.5     1.300      5.5         0
          6       1985       135      22670         8      22.5     1.150        3         0
          6       1985       136      14400       8.6        20     1.260        3         0
          6       1985       137      25980       7.9      18.6     1.120        4         0
          6       1985       138      20800         8      16.6     1.150        4         0
          6       1985       139      24670       9.9      21.9     1.220        4         0
          6       1985       140      18160        12        23     1.290      3.5         0
          6       1985       141      18980      10.2      23.6     1.420      2.5       3.6
          6       1985       142       2660       9.7      13.6     1.310        3      10.7
          6       1985       143       4250       5.9      10.2     1.060        3       5.7
          6       1985       144      16330       7.2      18.5     1.220      3.5         1
          6       1985       145      18990        12      21.5     1.460        4         0
          6       1985       146      25920      11.9      29.1     1.510        3         0
          6       1985       147      22440      15.7        31     1.720        4       5.2
          6       1985       148      18810       9.1      19.4     1.380      4.5         0
          6       1985       149      22110       7.6      15.1     0.940      5.5         0
          6       1985       150      26310       6.4        17     0.970      5.5         0
          6       1985       151      26040       3.3        21     1.060        4         0
          6       1985       152      27050         9        21     1.110        4         0
          6       1985       153      27980       7.6      22.3     1.160        4         0
          6       1985       154      25640       5.9      25.3     1.250      2.5         0
          6       1985       155      26340      11.5        29     1.350      2.5         0
          6       1985       156       8690      12.6      20.9     1.570      5.5         0
          6       1985       157       6440      10.4      14.9     1.320      2.5       1.4
          6       1985       158       6500         9        16     1.330      3.5      14.6
          6       1985       159      18630       5.1      13.4     0.840        5       0.7
          6       1985       160       9290       6.4      13.5     1.080        5       2.3
          6       1985       161      13200       9.2        14     1.110      4.5       7.3
          6       1985       162      11470       6.4      15.8     1.160        5       6.3
          6       1985       163      11570       9.4      14.3     1.120      7.5      10.3
          6       1985       164      12290       8.2      14.9     1.140      6.5         7
          6       1985       165      13800       5.9      13.4     0.940        4       2.7
          6       1985       166      13270       5.8        13     0.930        7       0.7
          6       1985       167      17780       4.1      14.4     0.920      3.5       5.7
          6       1985       168      12750       5.6      13.8     1.010      4.5       1.1
          6       1985       169      14680         6      17.7     1.210      1.5       4.7
          6       1985       170      17170         9        20     1.320      2.5       8.4
          6       1985       171      13930        10      18.9     1.320        2       1.6
          6       1985       172      21740       6.9      19.9     1.320        2       0.1
          6       1985       173      15050      10.1      18.9     1.410      2.5        19
          6       1985       174      12510      10.1      15.6     1.250        3         0
          6       1985       175      11180       8.5      19.1     1.400        2      14.4
          6       1985       176      15100       8.5        17     1.270        4       0.3
          6       1985       177       5430       7.2        14     1.260        2       7.8
          6       1985       178       9360       6.2      15.5     1.200      3.5      10.2
          6       1985       179       8210       9.1      15.3     1.290      4.5       1.1
          6       1985       180       8660      10.7        17     1.390      4.5       4.6
          6       1985       181      12990      11.4      19.4     1.480        4       0.6
          6       1985       182      11640      10.6      18.4     1.460      3.5       2.7
          6       1985       183      23190       8.6        19     1.270      2.5         0
          6       1985       184      28470       7.2      20.3     1.340      2.5         0
          6       1985       185      28470      11.9      26.1     1.460      3.5         0
          6       1985       186      27040      14.7      27.3     1.690      3.5         0
          6       1985       187      10990       8.5      19.6     1.570        4       1.7
          6       1985       188      25070         7      20.1     1.180      3.5         0
          6       1985       189       8930         8      16.9     1.340      4.5       5.7
          6       1985       190       9530      12.7      18.6     1.520        4       5.1
          6       1985       191      12540      10.3      17.8     1.440      3.5         1
          6       1985       192      17930       9.3      21.4     1.410        3         0
          6       1985       193      15820      14.4      20.7     1.600        4         0
          6       1985       194      25430        14      27.2     1.690      2.5         0
          6       1985       195      19920      16.3      28.6     1.910        4       2.4
          6       1985       196      20390      10.2        20     1.390      4.5       2.8
          6       1985       197       6110      10.8      16.3     1.450      3.5       3.4
          6       1985       198      21570      10.6        21     1.370        4         0
          6       1985       199      15070        13      23.9     1.620        4       2.2
          6       1985       200      11650      11.8      19.8     1.440      5.5       5.1
          6       1985       201      13300       9.1      18.4     1.310      4.5       0.7
          6       1985       202      23570       8.8      17.9     1.150      5.5       0.1
          6       1985       203       4000      10.9      17.7     1.580        7       7.9
          6       1985       204      21280      10.5      20.2     1.390      4.5         0
          6       1985       205      24640       9.4      24.9     1.570      3.5         0
          6       1985       206      17460      12.5      22.1     1.690      2.5         0
          6       1985       207       9860      13.7      22.8     1.850        3       2.4
          6       1985       208      11270      12.4      19.5     1.570      5.5       2.3
          6       1985       209      11220      11.7      23.6     1.710        2      14.6
          6       1985       210       9820      13.5      20.9     1.630      3.5         4
          6       1985       211       4670      12.8      16.6     1.540      5.5      11.2
          6       1985       212       9080      13.5      17.2     1.480      5.5       0.2
          6       1985       213       7380       9.7        17     1.440      2.5      12.3
          6       1985       214       7900      10.8      17.4     1.470      5.5       2.9
          6       1985       215      14010      10.1      18.4     1.410      6.5       5.2
          6       1985       216      13500       9.6      16.1     1.350      5.5      10.2
          6       1985       217      11240      11.9      18.8     1.520        9       8.4
          6       1985       218      18040       8.8        18     1.240      4.5       0.8
          6       1985       219      18680       8.8        19     1.310        4         0
          6       1985       220      18630      12.5      20.2     1.430      4.5         2
          6       1985       221      20010      12.7      25.2     1.700        4       1.1
          6       1985       222       8130      10.7      17.2     1.490        4       4.8
          6       1985       223      20700       9.8      20.9     1.400      4.5       2.1
          6       1985       224      21100      11.7      21.2     1.310        5         0
          6       1985       225      22040      10.8      23.5     1.450        3         0
          6       1985       226      17930      13.5      29.6     1.930        3       6.8
          6       1985       227      17160      10.5      22.5     1.490      2.5         0
          6       1985       228      13980      10.6      21.3     1.480      2.5       1.3
          6       1985       229      11310        10      18.7     1.460        3       9.5
          6       1985       230      12230       9.4        19     1.440      2.5         0
          6       1985       231       5610      11.1      19.3     1.630      3.5         9
          6       1985       232      13430        14      19.5     1.590        6       2.7
          6       1985       233      15530      11.6      19.9     1.520      5.5       0.8
          6       1985       234       9480      11.3      19.4     1.500        4       8.2
          6       1985       235       9230        13      18.4     1.410      3.5         0
          6       1985       236       6800      13.3        17     1.510      5.5       0.7
          6       1985       237      13920        11      18.6     1.310        5       2.2
          6       1985       238      12970       8.5      17.7     1.320        5       0.3
          6       1985       239      18120       7.5      19.4     1.260      3.5         0
          6       1985       240      20040      11.2      22.2     1.440      3.5         0
          6       1985       241      11730      14.6      24.1     1.740        2         0
          6       1985       242      17580      12.5      25.2     1.640      2.5         0
          6       1985       243       7000      11.8        20     1.710        4       2.8
          6       1985       244      12110      12.5        18     1.410        7       3.5
          6       1985       245      10400      12.5      18.3     1.410      4.5       0.3
          6       1985       246       7330      11.2      18.4     1.460      4.5       8.9
          6       1985       247      12010       9.7      16.2     1.240      3.5       0.2
          6       1985       248       4970       9.9      16.7     1.300      7.5       3.2
          6       1985       249      14850       7.8      13.8     0.980        8       2.9
          6       1985       250      11730       6.6      14.4     1.020        6         1
          6       1985       251       4930       8.7      13.7     1.210      2.5         4
          6       1985       252      13540       5.7      15.5     0.990      4.5         0
          6       1985       253       9740       5.2      18.6     1.450        5         0
          6       1985       254      14450      10.9      19.5     1.460      2.5         0
          6       1985       255      15550       9.1      21.5     1.430      2.5         0
          6       1985       256       6850       6.4      17.4     1.380        4         0
          6       1985       257       7130       5.9      14.9     1.230      4.5       0.7
          6       1985       258       9380       9.8      15.7     1.290        6       8.5
          6       1985       259       6930      10.7        15     1.310      6.5       3.3
          6       1985       260       9750       8.4      19.4     1.520      7.5       1.8
          6       1985       261      12970       7.9      19.2     1.450      2.5         0
          6       1985       262      12710      12.2      24.9     1.750      5.5       0.3
          6       1985       263       3880       9.3      15.8     1.470      2.5       5.9
          6       1985       264       7140       8.5      21.3     1.560        6       0.6
          6       1985       265       3030       8.9      18.5     1.710        5       6.4
          6       1985       266       6570       8.2      19.3     1.470        3         0
          6       1985       267       5760       8.6      16.7     1.440        3         0
          6       1985       268       7310       8.4      16.9     1.320        3         0
          6       1985       269      12960         5      19.7     1.130      0.5         0
          6       1985       270      10880       8.1      20.1     1.440        2         0
          6       1985       271       9240       6.4      17.1     1.340        3         0
          6       1985       272      12440       4.7        19     1.210      1.5         0
          6       1985       273      11340       7.6      21.3     1.480      2.5         0
          6       1985       274      11470      12.4      23.6     1.570      2.5         0
          6       1985       275       6000      11.3      20.2     1.600      3.5         0
          6       1985       276       7410      12.8      22.5     1.740        4         0
          6       1985       277       6040      12.5      19.1     1.540      3.5       1.1
          6       1985       278      10220       6.9      18.4     1.330        3         0
          6       1985       279      10930       6.5      19.6     1.250      3.5         0
          6       1985       280       3360      11.6        17     1.460      4.5      10.7
          6       1985       281       3060       7.3      12.5     1.170        4       7.9
          6       1985       282       3390       7.8      12.6     1.170        6       4.9
          6       1985       283       7500       8.9        16     1.310      5.5       2.2
          6       1985       284       3760       6.3      17.5     1.380      6.5         0
          6       1985       285       8430       3.2      14.5     0.950        3         0
          6       1985       286       8260       1.3      14.7     0.940        2         0
          6       1985       287       3900       7.7        15     1.330      4.5         0
          6       1985       288       3200      11.4      14.2     1.370      3.5       0.2
          6       1985       289       3760      11.2      14.1     1.380        3       1.1
          6       1985       290       2520      10.8      13.2     1.220        2         0
          6       1985       291       1340       7.5      12.7     1.220      2.5         0
          6       1985       292       4300       4.1      13.3     0.960        2         0
          6       1985       293       5830       4.1      13.2     0.920      1.5         0
          6       1985       294       9450       2.2      12.2     0.880      2.5         0
          6       1985       295       8640         3      12.8     0.880        4         0
          6       1985       296       6910       2.8      11.6     0.870      3.5         0
          6       1985       297       8480       0.4      11.6     0.740      3.5         0
          6       1985       298       6360       2.2       9.7     0.790        4         0
          6       1985       299       3790       1.9       6.4     0.790        3         0
          6       1985       300       6380       2.8      10.2     0.840        2         0
          6       1985       301       2140       5.7      11.3     1.020      2.5         0
          6       1985       302       6740         1      11.3     0.900        2         0
          6       1985       303       4850      -0.1       6.7     0.740        1         0
          6       1985       304       2160      -0.4       4.3     0.700      1.5         0
          6       1985       305       4160      -2.3       5.7     0.690        3       0.3
          6       1985       306       5170       3.5         8     0.780      6.5      13.7
          6       1985       307       5920       0.4       8.2     0.690      4.5       1.3
          6       1985       308       6720      -1.5       5.5     0.590        3         0
          6       1985       309        870       4.1      13.7     1.070      7.5      12.7
          6       1985       310       4680         1       7.1     0.700      9.5       4.6
          6       1985       311       5530         2      10.9     0.880      8.5       3.8
          6       1985       312       1400       0.5        12     0.970        4       5.4
          6       1985       313       3030       7.4      13.9     1.150       10      18.1
          6       1985       314       1940       1.3       8.5     0.840        7      16.7
          6       1985       315       2750       0.3       4.8     0.660      6.5       9.7
          6       1985       316       5040       0.3       5.7     0.680      4.5         0
          6       1985       317       1450        -1         4     0.640      1.5         0
          6       1985       318       3540        -4       5.2     0.600        1         0
          6       1985       319       2900      -1.9       2.3     0.590      3.5         0
          6       1985       320        830       1.2       3.9     0.690        3       0.1
          6       1985       321       3840      -1.4       3.2     0.570      3.5         0
          6       1985       322       3290      -3.3       1.6     0.460      5.5         0
          6       1985       323       2050      -4.4      -2.4     0.330        7         0
          6       1985       324       3070      -4.5      -1.4     0.380        5         0
          6       1985       325        530      -1.8       2.2     0.610        5       0.2
          6       1985       326       1570      -4.1       2.6     0.520        3       0.9
          6       1985       327       1800      -2.2       3.1     0.520        4       1.1
          6       1985       328        950      -2.7       1.1     0.570        2         0
          6       1985       329       2050      -4.9       1.7     0.570      2.5         0
          6       1985       330       1680      -2.9       0.6     0.570      4.5         2
          6       1985       331       1450      -2.5       1.3     0.600        5       6.4
          6       1985       332       2520      -3.3       1.1     0.530        5       6.1
          6       1985       333       3030      -6.1       1.2     0.510      3.5       0.1
          6       1985       334       2960      -4.9      -0.6     0.490        3         0
          6       1985       335       1540      -3.2       9.6     0.780        5       0.4
          6       1985       336       1420       9.5        12     1.150        6       0.4
          6       1985       337        890      10.6      13.2     1.210        9       0.2
          6       1985       338        920       9.6      11.8     1.240        6       1.6
          6       1985       339       1140       7.3      12.7     1.100        7       5.5
          6       1985       340        360       5.9       7.8     0.870       10       2.2
          6       1985       341       2330       5.5       9.8     0.980      6.5       5.4
          6       1985       342       1020       4.2       6.5     0.880        3         0
          6       1985       343        600       5.2       8.3     0.940      4.5       3.1
          6       1985       344        650       2.2       7.1     0.870      4.5      12.7
          6       1985       345       1070      -1.6       2.5     0.600        2         0
          6       1985       346        500      -0.6         3     0.640        5       0.3
          6       1985       347        290       2.1       6.1     0.750        7       9.8
          6       1985       348        740         6      10.2     1.100      5.5       0.1
          6       1985       349       1030       9.1      10.6     1.130        8         0
          6       1985       350        740       7.4       9.9     1.060      7.5       0.4
          6       1985       351        350       6.3         9     1.000      3.5       7.8
          6       1985       352        380         6       9.7     1.040      6.5       4.6
          6       1985       353       1940       3.5       6.8     0.800      6.5       0.5
          6       1985       354       1440       5.7       9.4     0.950        9       2.1
          6       1985       355        830       5.5       9.4     0.870       10         0
          6       1985       356       2490       4.2       9.1     0.730      6.5         0
          6       1985       357        630       4.2       7.3     0.830        5       0.2
          6       1985       358        850       4.1       6.6     0.830        6       0.8
          6       1985       359       1370       6.5       8.7     1.000        5       3.9
          6       1985       360        560       0.7       7.6     0.750        5         6
          6       1985       361       2100      -3.2       1.1     0.460        3         0
          6       1985       362       4300      -5.6         2     0.500      1.5         0
          6       1985       363       2330      -3.6      -1.4     0.430        2       0.3
          6       1985       364       1880      -5.2      -0.9     0.490      3.5       0.7
          6       1985       365       2600      -4.8      -1.8     0.420        5         0
