* Country: Netherlands
* Station: Eelde
* Year: 2000
*  Source: Weather data and coordinates from
*  Eelde (KNMI)
*  Author: J. W. Steenhuizen PRI Wageningen
*  Longitude: 235.030 Amersfoortse coordinates
*  Latitude: 571.460
*  Elevation: 4.0 m.
*  Comments: For internal use only
*  Columns:
*  ========
*  station number
*  year
*  day
*  irradiation (kJ m-2 d-1)
*  minimum temperature (degrees Celsius)
*  maximum temperature (degrees Celsius)
*  vapour pressure (kPa) op basis %RH
*  mean wind speed (m s-1)
*  precipitation (mm d-1)
*--------------------------------------------------------------------------*
   6.35 53.08 4.0 0.00 0.00
    6      2000         1      2020        0.8       8.4      0.838         3.7     1.3
    6      2000         2       710        2.6       7.9      0.884         4.9     0.0
    6      2000         3       380        5.0       9.2      0.959         7.8    13.2
    6      2000         4       800        2.3       8.5      0.867         4.3     4.0
    6      2000         5      3140        1.4       5.7      0.722         5.1     0.0
    6      2000         6       950        4.1       8.1      0.881         6.8     3.0
    6      2000         7      1840        3.9       7.3      0.852         6.3     0.0
    6      2000         8       650        1.9       7.7      0.817         5.9     1.9
    6      2000         9      3600       -2.0       5.9      0.689         2.8     0.0
    6      2000        10      2120       -4.1       1.0      0.566         2.7     0.0
    6      2000        11      2330       -0.1       3.9      0.654         6.5     0.0
    6      2000        12      1660       -0.3       3.2      0.596         6.7     0.0
    6      2000        13      1900       -0.6       2.8      0.569         4.7     0.0
    6      2000        14       670        1.6       3.0      0.692         2.3     0.0
    6      2000        15      2780       -1.1       5.3      0.669         2.4     0.0
    6      2000        16       820        3.0       7.0      0.853         4.9     0.1
    6      2000        17       870        6.3       7.5      0.956         8.0     0.8
    6      2000        18      2200        4.2       7.7      0.757         9.4     0.1
    6      2000        19      1690       -0.9       5.5      0.630         4.2     0.4
    6      2000        20       910        4.0       6.3      0.819         6.1     2.0
    6      2000        21      2290        2.2       6.5      0.729         5.9     0.6
    6      2000        22      1690        1.9       5.9      0.762         4.8     3.8
    6      2000        23      4710       -6.1       2.4      0.473         3.0     0.5
    6      2000        24      2310       -7.5       0.1      0.387         2.3     0.0
    6      2000        25      5130       -3.4       3.3      0.574         3.5     0.1
    6      2000        26      1040        1.5       6.1      0.787         4.8     0.3
    6      2000        27       430        2.3       4.4      0.727         6.0     0.3
    6      2000        28       750        2.6       6.0      0.766         9.2     2.9
    6      2000        29      1010        5.8      10.5      0.934        11.8    14.3
    6      2000        30      3690        4.5       9.9      0.830         7.9     5.2
    6      2000        31      4940        8.0      10.6      0.995         9.1     1.2
    6      2000        32      1670        7.5       9.7      0.973         9.5     1.2
    6      2000        33      4840        5.6       8.1      0.878         6.5     2.5
    6      2000        34      5190        3.5       8.9      0.823         5.5     0.0
    6      2000        35       570        4.3       9.1      0.935         8.5     3.4
    6      2000        36      2930        7.1      10.3      0.979         6.5     0.0
    6      2000        37      1750        4.8       8.4      0.873         6.0     0.2
    6      2000        38      4200        5.5       9.1      0.904         8.6     5.8
    6      2000        39      1680        5.2      10.1      0.875         9.3     6.4
    6      2000        40      3180        3.7       7.9      0.732         8.9     0.2
    6      2000        41      2860        3.3       8.8      0.806         7.8     8.2
    6      2000        42      6570        1.1       8.6      0.762         5.5     0.0
    6      2000        43      3300        2.1       7.0      0.771         7.2     4.2
    6      2000        44      4680        1.9       7.5      0.738         6.0     0.7
    6      2000        45      6080       -0.4       8.2      0.716         4.6     1.2
    6      2000        46      6310        4.0       8.9      0.855         4.8     0.1
    6      2000        47      4890        0.5       5.4      0.672         6.2     7.3
    6      2000        48      5250       -1.4       6.2      0.697         3.6     2.2
    6      2000        49      1630        0.6       7.1      0.767         5.3     4.0
    6      2000        50      1230        2.4       5.8      0.749         5.9     1.8
    6      2000        51      9050       -3.7       7.0      0.571         3.3     0.0
    6      2000        52      6360       -3.8       5.6      0.593         3.1     0.7
    6      2000        53      4060        0.0       7.6      0.742         3.3     0.0
    6      2000        54      6800       -2.2       7.4      0.692         2.6     0.0
    6      2000        55      5560        4.2       9.7      0.874         5.8     4.5
    6      2000        56      8710        2.0       8.5      0.774         5.2     2.9
    6      2000        57      8360        0.8       9.8      0.768         3.9     0.0
    6      2000        58      8020        0.5      10.3      0.696         6.5     0.0
    6      2000        59      1770        3.9      12.5      0.927         7.8     5.4
    6      2000        60      7190        3.5       9.2      0.840         8.3     4.0
    6      2000        61      6330        2.1       8.0      0.764         6.0     1.2
    6      2000        62      4750        0.6       8.0      0.743         8.1    14.8
    6      2000        63      6590        0.1       9.1      0.725         9.6    20.0
    6      2000        64      7600       -0.8       4.4      0.649         6.3     2.8
    6      2000        65      6690       -2.6       6.1      0.601         4.1     0.4
    6      2000        66      2840        3.2       8.2      0.823         9.4     0.0
    6      2000        67      5050        8.0      12.1      1.115         8.7     7.8
    6      2000        68      2420        9.5      12.6      1.176         9.4     3.3
    6      2000        69      3730        4.3      12.5      0.950         9.1    13.0
    6      2000        70      7300        1.4       8.5      0.701         3.8     1.6
    6      2000        71      5170        4.9      10.0      0.893         7.6     1.3
    6      2000        72      6860        4.3      10.5      0.900         3.0     0.3
    6      2000        73      4210        5.7       8.7      0.927         4.1     0.2
    6      2000        74      2860        1.9       9.3      0.826         6.3     9.6
    6      2000        75      7120        1.6       7.5      0.691         7.8     1.3
    6      2000        76      5350        5.4       8.6      0.877         5.8     0.1
    6      2000        77      2610        6.7       8.6      0.945         6.5     0.4
    6      2000        78      4620        4.7       7.4      0.851         5.8     2.7
    6      2000        79     13640       -0.2       9.8      0.735         2.9     0.0
    6      2000        80      7550       -0.4      10.1      0.803         2.4     0.0
    6      2000        81      5360        5.1       9.8      0.893         1.8     0.0
    6      2000        82     14440        0.7      13.4      0.822         1.5     0.0
    6      2000        83      8610        0.3      11.2      0.826         3.8     0.0
    6      2000        84      3160        4.6       9.3      0.922         4.0     4.2
    6      2000        85      8230        4.5      13.0      1.047         3.0     3.5
    6      2000        86      9410        2.6      11.0      0.875         2.6     5.1
    6      2000        87      9130        0.6       9.3      0.742         3.8     0.0
    6      2000        88      1500        3.4       5.5      0.734         6.4     0.0
    6      2000        89      5610        3.8       7.7      0.791         7.2     0.0
    6      2000        90      3290        4.8       7.6      0.832         4.8     0.0
    6      2000        91      2530        3.0       7.1      0.805         1.2     0.1
    6      2000        92      8730       -0.4      10.8      0.796         1.5     0.5
    6      2000        93      7670       -0.3      13.1      0.852         2.6     0.2
    6      2000        94     15730        4.6      19.6      1.055         3.8     1.4
    6      2000        95      5940        4.3      12.8      0.991         5.0     0.4
    6      2000        96      9520       -0.1       6.7      0.526         6.3     0.0
    6      2000        97     11760       -0.2      10.4      0.682         3.0     0.0
    6      2000        98     20410       -1.2      11.9      0.728         3.3     0.0
    6      2000        99     10610       -2.1      11.1      0.664         1.9     0.0
    6      2000       100     20020        2.1      13.0      0.700         5.5     0.0
    6      2000       101     18880       -2.3       9.6      0.560         4.3     0.0
    6      2000       102     18620       -1.3      12.8      0.659         2.5     0.0
    6      2000       103      6050        2.6       9.6      0.800         4.0     3.0
    6      2000       104      9220        2.5       9.9      0.814         5.2     2.4
    6      2000       105     11570        1.1      10.8      0.810         3.7     2.0
    6      2000       106      6500        0.4      12.0      0.823         3.3     1.2
    6      2000       107     11230        5.0      11.8      0.792         6.3     0.0
    6      2000       108      9230        5.5      14.8      1.004         4.8     3.5
    6      2000       109     16520        6.0      14.8      0.936         4.7     0.0
    6      2000       110     15420        6.0      17.9      1.059         2.5     0.0
    6      2000       111     17940        5.8      19.6      1.068         4.1     0.0
    6      2000       112     15880        8.7      17.2      1.099         3.4     0.0
    6      2000       113      6430        7.6      19.0      1.240         3.1     5.7
    6      2000       114      3330        9.7      13.4      1.305         2.0    19.8
    6      2000       115     11870        6.9      14.5      1.076         3.3     0.0
    6      2000       116     19800        6.1      19.5      1.046         4.0     0.0
    6      2000       117     20580        7.9      24.9      1.362         4.0     1.0
    6      2000       118     14630        8.4      19.4      1.303         3.6     0.2
    6      2000       119     20260       13.1      25.1      1.564         3.1     0.0
    6      2000       120      6690       11.2      15.2      1.391         3.4     0.6
    6      2000       121      5000        9.9      13.3      1.257         2.0     0.3
    6      2000       122      9170        8.3      14.7      1.249         3.2     0.0
    6      2000       123      5120        8.4      11.3      1.147         4.4     0.1
    6      2000       124      7120        9.5      14.8      1.302         3.3     4.2
    6      2000       125     17470        7.3      16.5      1.241         3.4     0.0
    6      2000       126     24890        8.0      23.0      1.154         4.3     0.0
    6      2000       127     24860       11.3      24.3      1.270         5.7     0.0
    6      2000       128     23770       10.9      24.7      1.387         4.7     2.9
    6      2000       129     11000       13.9      23.3      1.599         3.2     2.1
    6      2000       130     20070       10.6      24.3      1.566         2.4     0.0
    6      2000       131     21460       10.8      25.7      1.485         3.3     0.0
    6      2000       132     25330        6.9      19.8      1.200         4.0     0.0
    6      2000       133     25670        9.1      22.3      1.117         5.9     0.0
    6      2000       134     26400        8.4      23.9      0.973         4.0     0.0
    6      2000       135     26240        8.9      28.1      1.183         2.0     0.0
    6      2000       136     24930        9.9      29.3      1.307         1.8     0.0
    6      2000       137     23300       10.7      28.7      1.490         2.9     5.2
    6      2000       138      9700       10.4      16.9      1.223         5.4     4.5
    6      2000       139     13750        7.5      13.8      1.036         5.2     4.3
    6      2000       140     11080        6.9      13.4      1.098         3.1     7.7
    6      2000       141     13110        5.1      14.2      1.018         2.9     0.6
    6      2000       142      9850        2.7      14.0      0.988         2.3     7.0
    6      2000       143     12930        5.9      15.8      1.111         1.8     0.4
    6      2000       144     14770        6.4      18.3      1.236         4.3     7.7
    6      2000       145     19850       10.4      17.1      1.215         4.2     4.6
    6      2000       146     13460        7.8      15.9      1.171         6.2     5.0
    6      2000       147     17990        6.1      17.3      1.042         4.2     1.2
    6      2000       148     15500        8.5      16.1      1.014         8.6     0.3
    6      2000       149      8140        7.6      15.2      1.151         8.9    15.0
    6      2000       150     17030        6.4      15.3      1.062         5.0     7.3
    6      2000       151     19250        4.0      16.4      1.007         2.3     0.5
    6      2000       152     28880        2.4      17.9      0.874         2.0     0.0
    6      2000       153      7050        9.9      16.8      1.302         4.0     0.8
    6      2000       154     16850        9.0      20.1      1.404         4.1     0.0
    6      2000       155     16170        8.9      20.7      1.442         3.7     1.3
    6      2000       156     17450        8.5      21.2      1.382         4.2     0.5
    6      2000       157     13170        7.7      18.8      1.352         2.5     6.8
    6      2000       158      8930        7.7      15.5      1.179         4.0     0.2
    6      2000       159     19020        5.4      17.0      1.098         3.5     0.2
    6      2000       160     28740        5.2      21.0      1.052         2.9     0.0
    6      2000       161     27070       11.2      28.6      1.597         3.9     0.0
    6      2000       162     17710       10.4      22.1      1.525         3.1     0.0
    6      2000       163     25520        7.3      20.7      1.204         3.5     0.0
    6      2000       164     18540       10.8      19.8      1.372         5.6     0.0
    6      2000       165      8040       13.8      19.5      1.654         4.5     0.0
    6      2000       166      7430       12.6      19.7      1.656         3.1     7.5
    6      2000       167     22960        5.1      19.1      1.109         4.0     0.0
    6      2000       168     25110        5.1      16.2      0.926         4.3     0.0
    6      2000       169     30010        3.4      20.5      0.939         1.6     0.0
    6      2000       170     26140       10.7      26.7      1.423         3.3     0.0
    6      2000       171     28680       14.6      32.1      1.852         3.6     0.0
    6      2000       172     26030       17.4      33.0      2.155         3.0     0.0
    6      2000       173     18870       15.2      26.6      1.860         4.4     2.0
    6      2000       174     13480       12.9      20.1      1.478         5.0     0.8
    6      2000       175     11170       11.9      19.4      1.487         5.6     5.0
    6      2000       176     13130       11.2      16.8      1.387         4.8    12.2
    6      2000       177      8630        9.5      14.2      1.131         5.1     0.7
    6      2000       178     15400        9.1      14.8      1.085         5.2     2.2
    6      2000       179     19540        8.8      16.4      0.978         4.7     0.0
    6      2000       180     13140        9.9      15.0      1.010         4.3     0.0
    6      2000       181     10020        7.0      14.4      0.990         4.0     0.0
    6      2000       182     16880        6.1      17.1      1.023         3.3     0.0
    6      2000       183     12930        5.0      17.0      1.097         1.5     0.9
    6      2000       184     19300       12.3      23.4      1.566         3.5     0.0
    6      2000       185     18940       12.4      24.6      1.691         1.9     2.1
    6      2000       186     17840       11.1      23.5      1.722         2.0     0.0
    6      2000       187      6060       13.4      17.2      1.620         2.9    16.8
    6      2000       188     19310        9.4      18.3      1.253         3.0     0.0
    6      2000       189     15270        7.8      16.8      1.069         3.0     0.0
    6      2000       190      8740        8.2      17.0      1.256         3.0     8.6
    6      2000       191      4360       11.1      14.8      1.398         5.0    11.2
    6      2000       192     16190       12.0      19.4      1.491         5.9    11.1
    6      2000       193     11160       11.4      16.8      1.411         5.6     1.8
    6      2000       194     10470        8.4      15.5      1.125         4.5     0.8
    6      2000       195     10110        6.9      18.1      1.289         3.4     4.8
    6      2000       196     13330       10.2      17.4      1.325         4.2     3.4
    6      2000       197     14340       10.2      17.0      1.323         4.0     9.1
    6      2000       198      9240       12.0      16.3      1.400         3.6     0.3
    6      2000       199      7770       11.8      16.8      1.413         3.1     0.2
    6      2000       200      9860        9.1      15.7      1.172         3.8     1.0
    6      2000       201     17360       10.9      18.7      1.410         6.0     1.4
    6      2000       202     19910        9.5      20.1      1.314         5.0     0.0
    6      2000       203     22360       10.5      18.8      1.286         5.5     0.0
    6      2000       204     18770       13.9      21.2      1.691         4.2     0.2
    6      2000       205     12190       13.4      21.3      1.689         3.0     0.0
    6      2000       206     21330       12.8      24.1      1.746         4.8     0.5
    6      2000       207      6810       15.1      19.7      1.789         3.6     2.7
    6      2000       208      9000       11.7      19.1      1.547         3.8     0.7
    6      2000       209     13330       10.6      20.4      1.423         1.6     0.0
    6      2000       210      8340       11.1      19.8      1.552         2.0     1.1
    6      2000       211     17170        9.9      21.7      1.501         2.0     0.0
    6      2000       212     12480       10.9      21.2      1.541         2.3     0.0
    6      2000       213     19970        9.3      23.4      1.411         2.0     0.0
    6      2000       214     20420       15.2      26.7      1.842         3.1    11.0
    6      2000       215     13930       14.0      22.4      1.720         3.4     0.0
    6      2000       216     18920       12.9      22.6      1.595         4.4     2.0
    6      2000       217     14320        8.9      20.6      1.438         2.0     0.4
    6      2000       218     14810        8.4      21.2      1.410         1.6     0.0
    6      2000       219     14440       10.4      22.8      1.577         3.2     0.0
    6      2000       220     20120       10.3      20.8      1.410         3.1     0.0
    6      2000       221     11920        8.9      21.0      1.472         3.3     4.2
    6      2000       222     15890        8.7      21.8      1.368         2.2     0.3
    6      2000       223      7690       15.1      20.6      1.781         3.9     1.8
    6      2000       224     10110       11.0      21.5      1.543         1.9     0.2
    6      2000       225     16490       11.4      22.3      1.601         1.8     0.0
    6      2000       226     20530       12.1      27.3      1.709         2.5     0.0
    6      2000       227     13150       17.2      26.7      2.031         2.9     2.6
    6      2000       228     14020       13.4      23.1      1.725         4.3     0.0
    6      2000       229     16380       12.7      22.6      1.643         4.4     0.0
    6      2000       230     21420       12.3      23.1      1.552         5.0     0.0
    6      2000       231     19360       12.0      22.5      1.510         3.5     0.1
    6      2000       232     12670       14.4      23.2      1.722         2.6     0.0
    6      2000       233     17500       12.4      22.3      1.500         2.5     9.4
    6      2000       234     16300       12.1      19.9      1.467         2.0     2.5
    6      2000       235     14290        9.7      19.9      1.410         2.0     3.2
    6      2000       236     21840        6.2      19.6      1.124         2.0     0.0
    6      2000       237     20630        4.4      21.6      1.174         2.9     0.0
    6      2000       238     14820       12.6      20.8      1.550         2.6     0.2
    6      2000       239     20370       11.3      25.0      1.397         4.8     0.0
    6      2000       240      4760       13.8      20.1      1.722         1.8    12.3
    6      2000       241     10860       10.5      20.8      1.571         3.4     0.0
    6      2000       242     14570        9.3      19.9      1.393         2.9     1.7
    6      2000       243     13200        7.2      19.0      1.268         2.0     0.0
    6      2000       244     18410        8.2      20.1      1.292         2.0     0.0
    6      2000       245      7220       10.2      18.9      1.467         3.1     4.6
    6      2000       246     10380       10.8      18.7      1.470         3.2     1.3
    6      2000       247     11480       10.7      18.6      1.365         4.7     5.1
    6      2000       248      9040        8.5      16.5      1.276         2.2     2.4
    6      2000       249     15000       10.4      19.4      1.338         2.5     0.0
    6      2000       250      4140       12.3      16.8      1.451         5.7    11.5
    6      2000       251      9570       12.2      18.5      1.459         4.6     2.7
    6      2000       252      2400       13.4      18.3      1.711         4.0     8.3
    6      2000       253     10510       12.0      20.1      1.611         1.4     0.6
    6      2000       254     10020       10.5      21.8      1.656         2.3     0.0
    6      2000       255     15300       11.6      21.0      1.601         2.5     0.0
    6      2000       256      9010       13.5      23.5      1.873         3.8     0.0
    6      2000       257      4300       13.6      17.5      1.579         4.3     1.1
    6      2000       258     10900       11.7      20.6      1.568         2.3     0.0
    6      2000       259      8330       13.4      21.6      1.743         3.0     0.3
    6      2000       260     12370       10.4      19.5      1.456         3.1    10.7
    6      2000       261      5620       12.4      18.6      1.607         1.9     0.3
    6      2000       262     11650       11.6      20.2      1.562         4.0     0.0
    6      2000       263     14790        9.6      19.8      1.353         6.0     0.0
    6      2000       264      3390        8.1      13.4      1.104         5.1     2.1
    6      2000       265      3270        9.2      13.2      1.200         2.2     5.0
    6      2000       266     12480        7.2      19.7      1.310         2.9     0.0
    6      2000       267     13940        9.0      19.5      1.316         3.8     0.0
    6      2000       268     14990        8.2      18.6      1.160         5.0     0.0
    6      2000       269     11120        8.2      19.6      1.363         2.0     6.4
    6      2000       270      1640       11.0      15.8      1.468         2.4    19.1
    6      2000       271      8430       13.4      18.8      1.564         4.2     0.0
    6      2000       272      4250       13.9      17.1      1.557         4.9     1.8
    6      2000       273     10120       10.6      23.8      1.636         2.5     0.0
    6      2000       274      9230       11.1      20.6      1.591         2.2     0.0
    6      2000       275      2900       12.2      17.7      1.585         2.5     6.2
    6      2000       276      9220        9.9      17.8      1.419         3.5     0.2
    6      2000       277      6670        9.5      17.3      1.380         3.4     0.0
    6      2000       278      2970        9.3      14.4      1.264         3.6     0.0
    6      2000       279      6900        6.5      16.4      1.181         3.7     0.5
    6      2000       280      8650        4.6      14.8      1.033         4.0     2.2
    6      2000       281     11400        2.8      14.0      0.971         2.5     0.0
    6      2000       282      3740        3.9      10.8      0.946         3.8     3.6
    6      2000       283      8480        5.1      14.2      1.006         3.6     0.0
    6      2000       284      5290        6.8      11.6      1.011         7.3     8.4
    6      2000       285      6290        6.6      13.6      1.036         7.5     9.8
    6      2000       286     10100        7.5      15.4      1.064         5.5     0.0
    6      2000       287      6930        6.9      15.7      1.144         3.5     0.0
    6      2000       288      3370        6.5      10.5      1.093         2.6     0.0
    6      2000       289      5080        7.1      16.1      1.309         3.6     0.0
    6      2000       290      3580       10.9      17.9      1.469         6.0     1.4
    6      2000       291      5520        5.8      14.3      1.115         3.8     2.5
    6      2000       292      6640        4.6      13.7      0.975         4.3     0.0
    6      2000       293      2440        2.7      14.1      1.034         2.9     6.1
    6      2000       294      3620        1.8      12.9      0.985         3.1     0.0
    6      2000       295      4330        9.8      17.2      1.359         3.8     0.0
    6      2000       296      5700       11.1      18.4      1.486         2.8     0.0
    6      2000       297      7160       11.9      19.0      1.485         5.3    17.7
    6      2000       298      4830       10.7      14.0      1.264         6.8     4.6
    6      2000       299      1700        8.7      13.9      1.169         7.8     3.9
    6      2000       300      5100        7.6      12.7      1.086         5.3     3.9
    6      2000       301      1410        7.8      13.3      1.187         5.7     5.3
    6      2000       302      1090       12.4      13.6      1.388         5.8     1.6
    6      2000       303      3860        8.2      12.4      1.013         9.5     3.8
    6      2000       304       740        7.5      13.0      1.034        12.8     8.6
    6      2000       305      2180        7.5      10.3      0.970         8.6     3.5
    6      2000       306      2920        6.0      10.1      0.959         7.2     0.3
    6      2000       307      4270        4.9      11.2      0.939         6.5     7.7
    6      2000       308      5050        5.2      10.9      0.898         6.0     0.0
    6      2000       309      5260        4.1      10.3      0.908         5.0     0.8
    6      2000       310      4520        4.6       9.9      0.911         4.6     1.9
    6      2000       311       890        5.2       6.7      0.801         6.1     2.5
    6      2000       312      2470        4.8      10.6      0.918         4.3     0.3
    6      2000       313      1430        7.2       9.2      0.969         6.7     2.4
    6      2000       314      2280        7.1       9.1      0.983         7.3     1.6
    6      2000       315      1640        5.5       8.6      0.956         5.8    20.3
    6      2000       316      2850        5.5      10.4      0.902         7.4     1.7
    6      2000       317      1290        7.7       9.2      0.953         6.4    10.3
    6      2000       318      2830        5.2       9.6      0.969         4.1     0.0
    6      2000       319      2410        3.2       8.5      0.902         2.6     0.2
    6      2000       320      2690        3.1       8.0      0.849         4.3     0.5
    6      2000       321      2810        5.3       9.1      0.908         6.2     4.4
    6      2000       322      4210        2.9       8.4      0.864         3.8     1.3
    6      2000       323      4040        2.0       8.3      0.802         6.5     0.3
    6      2000       324       900        7.0       9.6      1.027         6.8     8.2
    6      2000       325      1690        4.7       8.1      0.880         4.3     2.1
    6      2000       326      2180        2.0       7.2      0.741         4.2     0.3
    6      2000       327      2840        5.4      10.6      0.925         7.1     1.4
    6      2000       328       930        2.9       9.2      0.887         4.1     2.4
    6      2000       329       990        3.6       9.2      0.898         5.1     1.6
    6      2000       330      1410        3.2       7.8      0.786         5.6     0.0
    6      2000       331      2200        4.6       8.6      0.873         6.3     5.0
    6      2000       332      1900        3.6       8.8      0.896         4.2     1.5
    6      2000       333       540        6.1      13.5      1.108         5.6     4.3
    6      2000       334      3000       10.1      14.5      1.178         4.8     0.0
    6      2000       335      2880        4.6      11.8      1.000         3.9     0.0
    6      2000       336      1850        6.9      13.2      1.079         4.9     1.9
    6      2000       337      2510        9.3      12.3      1.170         4.0     0.0
    6      2000       338      1330        4.9      10.1      0.975         4.1     5.0
    6      2000       339      2090        4.2       9.3      0.863         5.8     0.0
    6      2000       340      2630        6.1      11.4      0.939         5.5     0.0
    6      2000       341       990        9.3      11.8      1.115         4.9     3.8
    6      2000       342      2300        7.2      11.1      1.074         4.3     1.3
    6      2000       343      1280        9.2      13.6      1.074         7.0     1.6
    6      2000       344      2270        7.6      10.7      0.952         6.9     0.0
    6      2000       345       860        6.9      10.8      1.010         7.0     5.5
    6      2000       346      1420        8.1      12.6      1.100         8.3    10.4
    6      2000       347       270       12.0      13.4      1.348         7.7    11.4
    6      2000       348      1410        6.7      12.6      0.938        12.6     7.5
    6      2000       349      2410        5.2       9.0      0.863         7.6     0.0
    6      2000       350      1060        1.9       7.6      0.765         7.0     9.9
    6      2000       351      2290        1.6       6.8      0.714         4.8     1.2
    6      2000       352      2880        0.4       6.3      0.735         3.6     0.5
    6      2000       353      1320       -2.8       4.6      0.636         2.2     0.0
    6      2000       354      3340       -3.7       5.0      0.632         3.1     0.0
    6      2000       355      3610       -1.2       1.7      0.562         5.7     0.0
    6      2000       356      3240       -4.1       0.4      0.458         5.3     0.0
    6      2000       357      5110       -8.7      -0.4      0.407         2.3     0.0
    6      2000       358       680       -9.0      -0.7      0.432         1.5     0.0
    6      2000       359       880       -6.8       1.0      0.512         2.6     6.2
    6      2000       360      2350       -5.3       0.4      0.459         4.5     0.0
    6      2000       361      1690       -7.4      -1.1      0.403         4.0     0.0
    6      2000       362       860       -1.3      -0.8      0.547         3.5     3.5
    6      2000       363      1890       -0.8       1.6      0.639         4.1     8.4
    6      2000       364      1460       -1.7       1.4      0.587         6.9     3.5
    6      2000       365      2210       -4.1       2.2      0.540         3.8     3.3
    6      2000       366      4530       -6.3       1.5      0.495         3.5     0.0
