* Country: Netherlands
* Station: Eelde
* Year: 1966
*  Source: Weather data and coordinates from
*  Eelde (KNMI)
*  Author: J. W. Steenhuizen PRI Wageningen
*  Longitude: 235.030 Amersfoortse coordinates
*  Latitude: 571.460
*  Elevation: 4.0 m.
*  Comments: For internal use only
*  Columns:
*  ========
*  station number
*  year
*  day
*  irradiation (kJ m-2 d-1)
*  minimum temperature (degrees Celsius)
*  maximum temperature (degrees Celsius)
*  vapour pressure (kPa)
*  mean wind speed (m s-1)
*  precipitation (mm d-1)
*--------------------------------------------------------------------------*
   6.35 53.08 4.0 0.00 0.00
        6       1966        1           837         4.9    10.5    0.950      10.8     15.6
        6       1966        2          1005         4.4     6.9    0.830       8.4      4.4
        6       1966        3          1800         1.5     5.7    0.620       8.8      0.7
        6       1966        4          2680        -4.8     1.6    0.520       1.5      1.6
        6       1966        5          3517        -6.1     0.1    0.460       2.1      0.1
        6       1966        6          3475        -4.5    -0.4    0.410       3.6      0.0
        6       1966        7          3224        -3.6     2.2    0.370       2.6      0.0
        6       1966        8          3308        -5.4       0    0.380       3.8      0.0
        6       1966        9          2135        -5.8     0.7    0.460       4.1      0.0
        6       1966       10          1424        -6.1    -0.4    0.410       5.0      0.1
        6       1966       11          1633        -5.7    -1.2    0.400       5.0      0.0
        6       1966       12          2303        -3.7    -0.3    0.440       5.0      0.1
        6       1966       13          3182          -5    -1.1    0.410       3.2      0.8
        6       1966       14          3601        -9.5    -3.2    0.350       1.9      1.3
        6       1966       15           837        -5.4    -1.2    0.430       2.1      1.8
        6       1966       16           837        -5.2    -3.1    0.400       1.2      1.4
        6       1966       17          2052        -6.2    -4.4    0.370       1.2      0.3
        6       1966       18          2303        -6.4    -4.4    0.340       3.9      0.0
        6       1966       19          2973       -11.3    -2.9    0.370       2.9      0.0
        6       1966       20          4480        -7.8    -2.3    0.310       7.5      0.0
        6       1966       21          1005        -7.6    -1.6    0.400       5.9      0.9
        6       1966       22           837        -2.7     1.7    0.600       2.7      1.0
        6       1966       23          1591        -2.4     0.6    0.540       3.5      0.0
        6       1966       24          1089        -0.5     1.7    0.610       0.9      0.1
        6       1966       25          2052        -2.3     0.4    0.560       4.4      0.0
        6       1966       26          2010        -2.8     1.3    0.510       5.5      0.0
        6       1966       27           879         1.3     5.9    0.800       4.2      3.8
        6       1966       28          1633         3.1       7    0.850       4.3      5.0
        6       1966       29          2010         4.9     8.8    0.900       4.7      0.2
        6       1966       30          2931         6.7      11    1.020       5.7      5.1
        6       1966       31          1047         4.8     7.9    0.940       1.7      3.7
        6       1966       32          4312         0.5     8.6    0.780       1.1      0.3
        6       1966       33          2052         4.1     7.6    0.910       2.8      2.4
        6       1966       34          5736         1.6     8.7    0.820       3.9      0.6
        6       1966       35          1172         3.9     9.1    0.920       6.2      6.1
        6       1966       36          1424         4.5    11.1    1.040      10.5      7.7
        6       1966       37          1675           6    10.3    1.020       7.6      0.3
        6       1966       38          1507        -0.1     7.5    0.750       5.0      2.5
        6       1966       39          1005        -5.7     0.1    0.500       7.9     23.4
        6       1966       40          4396        -9.1      -5    0.330       7.3      5.7
        6       1966       41          3391          -9    -6.4    0.280       6.6      0.0
        6       1966       42          2638        -6.7    -4.4    0.350       6.6      0.2
        6       1966       43          3349          -5    -3.5    0.400       7.0      1.1
        6       1966       44          2470        -4.9    -3.9    0.380       2.2      0.3
        6       1966       45          3852        -5.3    -0.6    0.460       0.9      0.0
        6       1966       46          9253        -5.4     3.1    0.470       0.8      0.0
        6       1966       47          8583        -9.2      -2    0.340       2.9      0.1
        6       1966       48         10676       -10.9    -4.6    0.290       3.6      0.1
        6       1966       49         10300       -15.8     1.5    0.290       1.0      0.0
        6       1966       50          3475        -4.6     3.6    0.580       5.0      4.5
        6       1966       51          4899         1.6     6.6    0.780       4.9      0.6
        6       1966       52          5862         3.7     7.9    0.850       5.0      3.4
        6       1966       53          9211         3.8    12.8    0.850       5.7      1.3
        6       1966       54         10132         2.5     9.2    0.750       9.6      0.1
        6       1966       55          6741         3.7     9.8    0.820       8.5      1.7
        6       1966       56          2805         6.6    11.1    1.070       6.7     10.7
        6       1966       57          6992         7.6    12.7    1.000       9.3      0.2
        6       1966       58          8122         5.8    11.9    0.910       9.0      0.0
        6       1966       59          6992         3.9    10.3    0.850       5.6      0.1
        6       1966       60          3014         0.3     7.5    0.800       5.9      0.0
        6       1966       61          5359        -1.1     9.9    0.830       4.5      0.7
        6       1966       62          3475         4.8     8.5    0.850       3.9      3.3
        6       1966       63          5317         2.9     8.9    0.840       1.9      0.1
        6       1966       64          2805         2.2     6.3    0.780       1.6      0.0
        6       1966       65          7327         0.1    10.6    0.790       4.9      0.0
        6       1966       66          4019         5.6     9.9    0.900       4.7      0.0
        6       1966       67          4103         4.6     7.9    0.830       4.4      0.5
        6       1966       68          7787         3.2    10.2    0.820       4.3      0.2
        6       1966       69          4061         4.6     9.3    0.910       8.6      8.3
        6       1966       70          7453         1.2     7.4    0.700       7.5      2.4
        6       1966       71          5443         1.4       6    0.640       7.2      4.6
        6       1966       72          8541        -1.2       5    0.530       4.3      0.0
        6       1966       73         11807          -5     5.6    0.560       3.7      0.0
        6       1966       74         10676         3.2     7.9    0.690       6.6      2.6
        6       1966       75          4396        -1.2     9.2    0.780       3.4      0.1
        6       1966       76          5862         5.2    10.2    0.830       4.7      0.0
        6       1966       77          3224         4.6     6.5    0.840       5.8      3.8
        6       1966       78         16203        -1.2       7    0.600       4.2      0.0
        6       1966       79         16957        -4.3     9.5    0.550       3.8      0.1
        6       1966       80          7285           0     8.7    0.770       5.8      0.3
        6       1966       81          9546         0.5     9.5    0.730       5.8      0.0
        6       1966       82          4815         3.8       8    0.740       8.2      2.9
        6       1966       83          9169        -0.8     6.8    0.610       7.5      2.4
        6       1966       84         10886        -0.8     5.4    0.560       7.3      1.7
        6       1966       85          8248        -2.7     5.8    0.620       6.8      1.0
        6       1966       86          4899         1.5     9.1    0.770      11.5     12.5
        6       1966       87          9295         0.7     6.9    0.640       9.0      3.0
        6       1966       88         12602         0.1     6.3    0.590       6.9      2.4
        6       1966       89          5066         0.1     5.9    0.730       5.3      4.9
        6       1966       90          7201         3.4     9.8    0.850       5.8      1.1
        6       1966       91         11723         5.4    12.5    0.870       6.7      0.0
        6       1966       92         11011         5.7    14.9    0.930       3.1      1.8
        6       1966       93         10383         4.3    14.5    0.980       2.8      1.9
        6       1966       94          4396         0.9     5.5    0.730       4.7      2.1
        6       1966       95          5610           0     8.1    0.710       3.1      0.0
        6       1966       96          5778         3.3      13    1.010       3.6     11.9
        6       1966       97         11765         5.4    14.2    1.060       2.1      0.1
        6       1966       98          4312         5.5     8.6    0.980       4.9      2.0
        6       1966       99         12435         7.9    16.5    1.170       3.8      4.1
        6       1966      100          3726         7.5     9.9    1.070       4.1      4.5
        6       1966      101          9043         3.2    11.8    0.970       3.5      0.1
        6       1966      102          1800         0.2     3.2    0.650       7.2     10.9
        6       1966      103          3852        -0.2     1.5    0.590       6.1      1.9
        6       1966      104         11304        -0.8     2.9    0.500       5.7      0.2
        6       1966      105          8290        -0.8     2.2    0.550       5.8      0.0
        6       1966      106          3098         0.4     3.6    0.650       5.5      4.0
        6       1966      107          4605         0.6     2.9    0.640       4.9      0.9
        6       1966      108          5694         0.9      10    0.770       5.5      9.7
        6       1966      109          8122         4.2    12.7    1.000       6.7      0.9
        6       1966      110          3140         3.4     5.2    0.710       3.4      0.1
        6       1966      111         13649         2.4       8    0.670       4.1      1.1
        6       1966      112         14277        -1.9    12.7    0.810       3.9      0.9
        6       1966      113          3852         9.2    11.9    1.120       6.2      7.1
        6       1966      114         14821         8.2    15.1    1.060       3.5      0.1
        6       1966      115         21143         3.6    15.6    0.960       3.3      0.1
        6       1966      116         21520        -0.3    17.8    0.940       1.9      0.0
        6       1966      117         13775           7    20.7    1.270       3.3      0.0
        6       1966      118         21813         3.6    14.7    1.050       4.2      2.0
        6       1966      119         25414         0.5    15.8    0.800       2.1      0.2
        6       1966      120         24242         2.6    19.8    0.920       2.3      0.0
        6       1966      121         25833         6.1    23.9    1.030       2.6      0.0
        6       1966      122         24283         8.1    25.8    1.150       2.8      0.0
        6       1966      123         23446         9.3    22.1    1.200       4.9      0.0
        6       1966      124         13272         9.1    16.6    1.180       4.5      5.0
        6       1966      125         13984         9.9    15.5    1.040       8.8      0.7
        6       1966      126         19971         6.4    14.8    0.960       6.4     10.2
        6       1966      127         14151         5.2    15.7    0.940       2.7     10.4
        6       1966      128         21897         4.3    14.2    0.770       2.5      0.1
        6       1966      129         18338         5.7    17.7    0.950       2.7      1.0
        6       1966      130         21646         7.4    16.2    0.910       2.5      0.0
        6       1966      131         14151         5.6      16    0.940       1.8      0.0
        6       1966      132         21646         8.8      22    1.130       4.2      0.0
        6       1966      133         24074           9    24.9    1.240       2.5      0.0
        6       1966      134         25539         6.7    18.9    1.050       3.3      0.0
        6       1966      135         24032           8    19.4    1.140       3.1      0.0
        6       1966      136         22106        10.7    20.7    1.180       5.2      0.0
        6       1966      137         22148        11.9    27.9    1.610       3.3      4.5
        6       1966      138         16496        11.2      19    1.390       3.4      0.3
        6       1966      139         16538        10.2    17.3    1.060       2.7      2.6
        6       1966      140         23990           5    14.5    0.890       6.8      4.5
        6       1966      141         12309           6    15.9    1.170       5.6      0.6
        6       1966      142         22232         9.8    24.5    1.380       6.4      2.5
        6       1966      143         13147           8    13.8    0.930      10.3      1.1
        6       1966      144         24911         3.1      16    0.900       3.6      0.1
        6       1966      145          9295         8.5    14.7    1.170       2.6      8.0
        6       1966      146          7955         9.8    12.9    1.190       5.3      4.3
        6       1966      147         19217         7.9    13.8    0.970       6.2      0.0
        6       1966      148         27507         6.4    16.1    0.940       4.4      0.0
        6       1966      149         30145         4.1    16.6    0.850       3.3      0.0
        6       1966      150         25581         4.9    16.6    1.000       4.6      0.0
        6       1966      151         15742         9.3    16.6    1.070       3.0      0.0
        6       1966      152         21813         8.4    15.8    1.000       3.6      0.0
        6       1966      153         21604         6.1    15.5    0.990       4.8      0.0
        6       1966      154         20725         3.5    19.5    1.120       4.0      0.0
        6       1966      155         25037         7.3      25    1.260       4.9      0.0
        6       1966      156         24325        12.7      24    1.360       4.6      0.0
        6       1966      157         20599          12    20.8    1.350       4.0      0.0
        6       1966      158         22986        10.3    21.8    1.270       2.0      0.0
        6       1966      159         17710        13.6    23.2    1.480       2.4      0.0
        6       1966      160         24828          13    26.3    1.670       3.9      0.0
        6       1966      161         24535        14.8    28.7    1.880       4.3      0.0
        6       1966      162         23865        14.9    28.7    1.940       4.0      0.0
        6       1966      163         12686          17      28    1.880       3.7      1.7
        6       1966      164         16370          14    23.7    1.770       2.6      7.5
        6       1966      165         22860        11.6    23.6    1.520       2.5      0.0
        6       1966      166         22525        13.8    27.1    1.850       2.7      0.0
        6       1966      167         23320        16.6    30.7    1.930       2.7      0.0
        6       1966      168         19594        15.3    30.8    1.990       3.0      0.1
        6       1966      169         19134        11.7    23.9    1.530       4.6     21.8
        6       1966      170         17961        10.5    19.6    1.280       6.0      1.6
        6       1966      171         18924         9.2    21.7    1.260       2.8      0.5
        6       1966      172         14486        11.3    18.9    1.370       4.5      6.9
        6       1966      173         25246        10.8    22.4    1.380       3.2      0.0
        6       1966      174         17459        10.2    22.8    1.350       5.7      0.7
        6       1966      175         21604         9.2    19.7    1.220       4.3      2.0
        6       1966      176          8625        10.4    16.3    1.340       6.2      7.7
        6       1966      177         13188         8.8    18.7    1.400       2.2      5.2
        6       1966      178          4312        10.7      16    1.500       6.8     13.2
        6       1966      179          6908        11.1    14.4    1.280       9.8      8.8
        6       1966      180         16789        12.6    16.7    1.380       8.0      0.6
        6       1966      181         25079         7.3    17.9    1.190       4.3      0.0
        6       1966      182         25246         5.5    21.4    1.310       2.2      0.0
        6       1966      183         25372         7.8    23.6    1.420       1.8      0.1
        6       1966      184         27005        11.1      23    1.340       2.0      0.0
        6       1966      185         21562        13.6      22    1.680       2.3      7.7
        6       1966      186         23697        12.2    19.9    1.420       4.3      0.0
        6       1966      187         16747         9.4    18.4    1.180       3.4      0.0
        6       1966      188         15324         9.4    15.4    1.090       4.8      1.7
        6       1966      189         16747          10    17.8    1.260       4.2      0.5
        6       1966      190         17710        13.9    22.8    1.680       3.7      0.5
        6       1966      191         25288         9.7    21.5    1.550       2.4      0.6
        6       1966      192          8499         8.6    16.6    1.400       5.0      5.2
        6       1966      193         12770           8    18.7    1.380       5.9      0.0
        6       1966      194         13188        12.8    19.5    1.570       5.5      2.0
        6       1966      195         11221           9    16.2    1.340       5.3      8.7
        6       1966      196         17878           8      18    1.160       4.7      1.5
        6       1966      197          5150         8.1    13.6    1.270       3.4      8.2
        6       1966      198         19845         7.6    17.4    1.160       3.5      3.7
        6       1966      199         21436         5.6    18.4    1.310       4.6      0.9
        6       1966      200         20976          15      26    1.960       6.7      1.3
        6       1966      201          8876        16.9    22.6    1.960       3.1      6.7
        6       1966      202          7327        16.7      20    1.960       3.1      1.1
        6       1966      203         20348        13.9    19.4    1.620       4.9      0.0
        6       1966      204         19636        11.4      21    1.470       2.8      0.0
        6       1966      205         24618         8.9    22.2    1.580       3.9      0.2
        6       1966      206         19845         7.8    17.3    1.220       5.1      7.5
        6       1966      207          8709         7.8    16.5    1.330       2.8      1.1
        6       1966      208         18882         9.7    17.9    1.310       5.3      0.9
        6       1966      209         22274         7.6    18.7    1.060       2.9      0.2
        6       1966      210          8499        10.7    15.4    1.300       5.0     10.4
        6       1966      211         16035         9.9    18.3    1.280       5.3     12.4
        6       1966      212         14486         9.9    17.8    1.310       4.1      6.1
        6       1966      213          9881         9.6    17.4    1.330       4.9      4.9
        6       1966      214         21520        10.6    18.3    1.210       5.5      2.3
        6       1966      215         11262          11      20    1.460       5.9      5.9
        6       1966      216         18213        11.7    19.4    1.440       5.3      2.3
        6       1966      217         18296        11.3    17.7    1.250       7.8      3.6
        6       1966      218         15031         8.8      18    1.280       6.0      5.6
        6       1966      219          6573         8.7    16.9    1.500       3.1      6.9
        6       1966      220          7787        10.6    16.3    1.410       5.6      0.5
        6       1966      221         15449         7.7    19.7    1.380       3.3      8.8
        6       1966      222         10593        13.4    20.2    1.610       6.1      5.3
        6       1966      223         16789        15.6    19.9    1.670       5.3      1.3
        6       1966      224         17752        16.5    26.7    2.000       3.9      0.0
        6       1966      225         22064        12.6    28.2    2.030       2.4      2.6
        6       1966      226         10341         9.8    18.4    1.380       8.3      1.3
        6       1966      227         20767         7.8      17    1.060       4.7      0.5
        6       1966      228         19720         5.9    17.9    1.070       2.5      0.0
        6       1966      229         24618         4.8    20.7    1.090       2.0      0.0
        6       1966      230         22944        10.7    23.2    1.390       3.7      0.0
        6       1966      231         21562        13.6    24.8    1.640       4.0      0.0
        6       1966      232         20139        14.4    24.9    1.600       3.4      0.0
        6       1966      233         20432          13    22.5    1.510       4.0      0.1
        6       1966      234          8709        12.3      18    1.420       4.9      5.4
        6       1966      235         15826         7.7      17    1.180       5.7      3.9
        6       1966      236         17208         6.6      17    1.040       4.1      0.1
        6       1966      237         18589           5    18.7    1.130       2.1      0.2
        6       1966      238          7829        10.7    17.5    1.360       3.4      0.3
        6       1966      239         11304        12.8      19    1.420       4.0      0.0
        6       1966      240         12184        10.9    20.6    1.330       3.2      0.0
        6       1966      241         16622         9.7    23.2    1.310       3.9      0.0
        6       1966      242         13481          11    20.1    1.400       4.0      1.7
        6       1966      243          7076        10.1    17.9    1.410       4.0      2.0
        6       1966      244          9713        12.6    18.9    1.480       4.8      1.8
        6       1966      245         10760          13    19.7    1.570       7.3     10.8
        6       1966      246         10216        10.8    18.5    1.500       6.2      1.0
        6       1966      247          5736        12.9    18.6    1.580       5.9      3.5
        6       1966      248         13775        12.3    19.4    1.390       5.5      4.1
        6       1966      249         11388        11.8    20.2    1.520       7.4      0.2
        6       1966      250         15952         8.9    18.9    1.200       5.1      0.1
        6       1966      251         14319         6.6    17.9    1.120       3.2      0.0
        6       1966      252         12770           6    17.8    1.080       1.7      0.0
        6       1966      253         14277         5.7    21.3    1.200       2.7      0.0
        6       1966      254         11011        11.2    21.4    1.630       3.1      0.2
        6       1966      255         11053        11.9    25.7    1.780       4.5      0.2
        6       1966      256         10760        10.9    18.6    1.320       6.9      4.2
        6       1966      257         10551        11.8    17.2    1.370       8.3      0.3
        6       1966      258         10425        10.9    16.5    1.260       6.4     23.9
        6       1966      259          9043         6.1    14.9    0.940       4.1      0.1
        6       1966      260          8792         6.4      16    1.110       2.5      0.0
        6       1966      261         11807           5    15.6    1.100       2.4      0.0
        6       1966      262         15742         3.9    18.1    1.000       0.8      0.0
        6       1966      263         16454         2.4    19.8    1.020       0.8      0.1
        6       1966      264         15491         5.1    20.6    1.120       1.1      0.3
        6       1966      265         16873           6    17.7    1.170       2.4      0.2
        6       1966      266          4522         4.8    16.1    1.230       2.9      0.1
        6       1966      267          2973         9.4    14.3    1.230       3.2      0.0
        6       1966      268          3475        10.9      14    1.140       2.0      0.0
        6       1966      269          3936        10.5    13.8    1.130       1.8      0.0
        6       1966      270          4229        10.1    14.7    1.160       1.5      0.2
        6       1966      271          7369         6.3    14.7    1.050       2.0      0.0
        6       1966      272         12435           5    16.6    0.980       2.9      0.0
        6       1966      273          7955         3.5    19.1    1.200       0.5      0.0
        6       1966      274          8415          12    20.3    1.560       3.9      7.0
        6       1966      275          7787        10.1    16.6    1.360       4.0     10.1
        6       1966      276          4061        11.5    19.9    1.620       3.2      5.5
        6       1966      277          4647        15.5    19.5    1.780       3.6      7.7
        6       1966      278          7327        10.1    15.5    1.070       4.5      1.6
        6       1966      279          4605        10.4    17.1    1.400       2.1      0.3
        6       1966      280         12267         9.2    20.1    1.330       1.6      0.1
        6       1966      281          4271        11.5    17.9    1.530       0.7      0.2
        6       1966      282          2931         9.5    15.3    1.310       2.6     16.4
        6       1966      283          1382         8.5    12.1    1.250       2.7      2.1
        6       1966      284          7704         6.4    16.3    1.220       3.8      0.2
        6       1966      285          7034         4.2    14.3    1.070       2.2      0.2
        6       1966      286          4982         9.8    13.6    1.140       4.8      0.0
        6       1966      287          3475         9.5    13.5    1.150       4.4      0.0
        6       1966      288          8499         9.4    17.8    1.270       3.2      0.0
        6       1966      289          2554         9.4    14.8    1.350       2.2      3.0
        6       1966      290          6113         8.5    16.3    1.180       5.5      1.2
        6       1966      291          4396         7.6    13.8    1.060       4.5      0.0
        6       1966      292          5820         9.7    14.6    1.140       4.3      0.0
        6       1966      293          4312         5.9    12.7    1.040       3.4      0.0
        6       1966      294          4145         6.8      14    1.100       3.4      0.0
        6       1966      295          5736         7.9      14    1.070       3.5      8.2
        6       1966      296          3098         5.7    11.3    1.040       3.6     10.2
        6       1966      297          5443         2.7    12.4    0.910       1.7      0.0
        6       1966      298          5945         1.8    12.1    0.790       1.8      0.0
        6       1966      299          3014         4.2     9.9    0.880       1.0      0.0
        6       1966      300          5820         5.3    11.2    0.860       1.8      0.0
        6       1966      301          6950         0.1     9.3    0.670       3.3      0.0
        6       1966      302          8457        -2.3     9.6    0.610       0.9      0.0
        6       1966      303          3601           1     7.1    0.630       1.8      0.0
        6       1966      304          8206          -2       8    0.570       2.2      0.0
        6       1966      305          6866        -2.9     4.6    0.520       3.1      0.0
        6       1966      306          6615        -4.1       4    0.500       2.2      0.0
        6       1966      307          5359          -2       2    0.520       2.7      0.3
        6       1966      308          1340        -0.4     1.7    0.610       2.5      1.4
        6       1966      309          4438        -0.4     6.5    0.640       3.9      0.0
        6       1966      310          5610         6.4    16.2    0.900       3.9      0.0
        6       1966      311          3559         5.6    14.9    0.880       2.2      0.0
        6       1966      312          2973         6.2    11.2    0.930       1.8      0.2
        6       1966      313          1256         6.8     9.9    1.060       2.5     18.7
        6       1966      314          3684         1.1     8.7    0.750       3.4      1.4
        6       1966      315          6029        -1.7     8.6    0.650       2.4      0.0
        6       1966      316          2345           0     3.5    0.660       3.7      0.1
        6       1966      317          1172         0.7     3.6    0.650       5.7      1.4
        6       1966      318          1214         2.3     5.9    0.690       5.8      2.9
        6       1966      319          2052         0.7     9.4    0.840       5.1     14.0
        6       1966      320          2386         1.9     6.4    0.770       4.2      7.7
        6       1966      321          3810         2.8     8.2    0.770       2.5      0.8
        6       1966      322          2428         3.6     6.7    0.770       5.7      0.4
        6       1966      323          1298         4.2     5.6    0.750       7.9      2.7
        6       1966      324          1214         3.5     4.7    0.750       3.2      4.9
        6       1966      325          1507         2.4     6.1    0.740       2.5      4.8
        6       1966      326          1214         0.3     2.8    0.660       4.1      3.5
        6       1966      327          2345         0.9     3.7    0.710       1.8      0.1
        6       1966      328          2010        -1.5     1.5    0.590       2.0      0.2
        6       1966      329          1758        -0.4     4.8    0.720       5.4      0.3
        6       1966      330          2386         3.7     7.8    0.850       4.4      2.9
        6       1966      331          1591         5.9     9.8    1.000       5.7      4.2
        6       1966      332          2135         1.6     8.5    0.800       4.6      7.4
        6       1966      333          2470          -1     3.6    0.610       4.5      1.2
        6       1966      334          1047         0.8     5.5    0.630       9.7     15.3
        6       1966      335          1465         4.1     7.5    0.740      10.1      3.3
        6       1966      336           879         4.8     6.3    0.760      10.6      6.8
        6       1966      337           837         1.8     6.1    0.750       6.5      9.4
        6       1966      338          2470         0.8     7.3    0.690       3.4      0.5
        6       1966      339          1675         1.3     5.8    0.700       2.4      1.6
        6       1966      340          1172         0.4     2.6    0.630       5.6      4.0
        6       1966      341           837         0.5       3    0.680       3.0      0.4
        6       1966      342           126         1.4     6.4    0.740       7.8     11.8
        6       1966      343          2345         0.5     5.9    0.650       7.9     20.9
        6       1966      344          3014         0.8     5.7    0.650       4.1      2.1
        6       1966      345          3266        -0.2     5.6    0.660       3.4      2.3
        6       1966      346           670         1.5     4.2    0.680       6.3     12.3
        6       1966      347           502         2.1     4.2    0.710       4.4      2.6
        6       1966      348          2847         1.9     5.2    0.590       7.1      2.5
        6       1966      349           921          -2     2.9    0.560       2.3      0.4
        6       1966      350           879        -2.1       7    0.690       4.5      4.0
        6       1966      351          1130           2       8    0.830       7.2      0.7
        6       1966      352           586         5.5     9.4    0.860      11.2      2.2
        6       1966      353          1842         3.3     7.7    0.820       6.0      9.8
        6       1966      354          2470         0.9     8.8    0.750       6.1      9.1
        6       1966      355          1842        -1.1     4.1    0.600       4.1      5.6
        6       1966      356           461        -2.2     6.2    0.770       3.5      8.7
        6       1966      357           461         1.2     8.2    0.780       7.3      4.3
        6       1966      358           879        -0.2     4.1    0.600       5.8      2.3
        6       1966      359          2428        -0.1     6.2    0.580       6.4      3.5
        6       1966      360          2345          -2     4.1    0.570       3.1      0.1
        6       1966      361          2261        -2.4     0.6    0.490       4.2      0.1
        6       1966      362          1214        -1.1     4.7    0.680       4.0      1.6
        6       1966      363           335         4.2     9.8    0.980       7.9     20.1
        6       1966      364          2763         1.2     7.3    0.780       7.4      4.3
        6       1966      365           335         1.1     9.4    0.800       7.8     10.9
