* Country: Netherlands
* Station: Eelde
* Year: 1975
*  Source: Weather data and coordinates from
*  Eelde (KNMI)
*  Author: J. W. Steenhuizen PRI Wageningen
*  Longitude: 235.030 Amersfoortse coordinates
*  Latitude: 571.460
*  Elevation: 4.0 m.
*  Comments: For internal use only
*  Columns:
*  ========
*  station number
*  year
*  day
*  irradiation (kJ m-2 d-1)
*  minimum temperature (degrees Celsius)
*  maximum temperature (degrees Celsius)
*  vapour pressure (kPa)
*  mean wind speed (m s-1)
*  precipitation (mm d-1)
*--------------------------------------------------------------------------*
   6.35 53.08 4.0 0.00 0.00
        6        1975          1         670            7      8.9      1.070        5.5         0.2
        6        1975          2        1580            1        8      0.910        3.5           0
        6        1975          3         680         -0.1      5.5      0.730        5.5         0.1
        6        1975          4        1680          3.7      7.1      0.880          7           0
        6        1975          5         650          5.7      9.3      1.060       10.5           2
        6        1975          6        1370          7.5      9.8      1.000       12.5           6
        6        1975          7        2500         -0.6      7.7      0.700        5.5         5.9
        6        1975          8        4030         -1.1      6.4      0.660          4         1.7
        6        1975          9        1350         -0.4        8      0.840        7.5         0.1
        6        1975         10        1350          6.2      8.5      0.930          7         0.1
        6        1975         11        1350          5.6      8.6      0.950          8           0
        6        1975         12        2080            6      9.5      0.980          8         0.7
        6        1975         13        3780          3.3      8.2      0.840        6.5           0
        6        1975         14        3280          5.2       12      0.870          8           0
        6        1975         15        2400          9.3     12.4      1.010          7         0.7
        6        1975         16         820          7.6     11.7      1.050        6.5         3.1
        6        1975         17         780          3.5      8.2      0.900          8           5
        6        1975         18        3550          2.1      7.2      0.800        4.5         1.8
        6        1975         19        3660          0.2      7.1      0.740        3.5           0
        6        1975         20        3540          0.3      5.1      0.660        6.5         0.6
        6        1975         21        2100          2.5      5.7      0.790          8         2.9
        6        1975         22         980          1.9      8.5      0.800         10          11
        6        1975         23        2120            1        7      0.760        9.5         9.7
        6        1975         24        1800          2.8      6.8      0.790          9         0.2
        6        1975         25         870          1.9      9.9      0.780        9.5         4.3
        6        1975         26        4570          0.6      5.9      0.660        7.5           0
        6        1975         27         910          0.8      8.3      0.900        7.5        10.9
        6        1975         28        2550          2.3      7.1      0.800        6.5        17.4
        6        1975         29        1370         -0.2      5.6      0.680        7.5           0
        6        1975         30        1010         -0.6     10.4      0.950        4.5           2
        6        1975         31        2000            7     11.4      1.170        4.5         7.1
        6        1975         32        5460          4.9       10      0.950          5           0
        6        1975         33        3080          4.3     10.4      0.980        3.5           0
        6        1975         34        1560          3.1      6.3      0.730        4.5           0
        6        1975         35        4710         -1.4      3.9      0.570        4.5           0
        6        1975         36        4270         -2.4      1.3      0.540          4           0
        6        1975         37        7640         -3.3      4.1      0.520        3.5           0
        6        1975         38        1340           -3      2.5      0.640        3.5           0
        6        1975         39        6480         -1.9      3.8      0.560          4           0
        6        1975         40        7810         -3.8      5.5      0.530          2           0
        6        1975         41        6240         -4.7      6.3      0.590          2           0
        6        1975         42        1330            1      5.1      0.780        1.5         0.9
        6        1975         43        2910          0.8        8      0.880          3         0.7
        6        1975         44        1320          5.2      7.6      0.950        5.5          12
        6        1975         45        4710         -1.6      5.2      0.630        3.5         3.2
        6        1975         46        8750         -4.4      1.1      0.450          3           0
        6        1975         47        9690           -5      1.5      0.450          4           0
        6        1975         48        2770         -1.4      5.3      0.600        6.5           3
        6        1975         49        5140          0.7      8.2      0.800        2.5         0.1
        6        1975         50        6650           -1      7.4      0.710        2.5           0
        6        1975         51        4530         -2.9        4      0.590          2           0
        6        1975         52        8730         -1.6      7.5      0.540          4           0
        6        1975         53        7670         -2.1      7.8      0.500        3.5           0
        6        1975         54        9040         -1.8      9.6      0.610          2           0
        6        1975         55        6020         -3.1      8.3      0.670        2.5           0
        6        1975         56        5240          0.5      7.1      0.650        5.5           0
        6        1975         57       11210           -2      8.2      0.530        3.5           0
        6        1975         58       10880         -3.8     10.8      0.490          2           0
        6        1975         59        3460         -4.8      3.8      0.630          2           0
        6        1975         60        9440         -2.1       11      0.620          3           0
        6        1975         61        7720          0.8     14.5      0.880        3.5         6.5
        6        1975         62        3840            6     11.8      0.970          4         0.1
        6        1975         63        3380          6.7     11.9      1.030        2.5           0
        6        1975         64        5000          4.5     10.6      0.990        2.5         4.3
        6        1975         65        2850          4.6      8.3      0.910          3           0
        6        1975         66        3590          5.1     10.7      0.960          5         9.1
        6        1975         67        7410          2.7      9.2      0.840        4.5         0.3
        6        1975         68        6060          4.5     11.1      0.910        2.5           0
        6        1975         69        3330          0.8      8.9      0.860          2           0
        6        1975         70        1080          4.8        6      0.860        4.5         4.1
        6        1975         71        1520          2.9      5.2      0.740        7.5           0
        6        1975         72        2260          1.9      4.2      0.690        5.5           0
        6        1975         73        1930          3.2        5      0.770        3.5           0
        6        1975         74        2480         -0.3      4.7      0.750          3           3
        6        1975         75       10560         -1.5      6.6      0.570          5         0.4
        6        1975         76       10400         -2.4      4.9      0.560          5         0.6
        6        1975         77        8650         -2.3      3.3      0.490        7.5           0
        6        1975         78        2790         -0.1      5.4      0.690       10.5           0
        6        1975         79        7120          0.1      8.6      0.660        9.5           0
        6        1975         80       16110         -1.8      7.8      0.500        4.5           0
        6        1975         81       10600         -2.1      9.3      0.570        4.5           0
        6        1975         82       15120         -3.3      9.5      0.500        2.5           0
        6        1975         83        7140         -4.2      6.3      0.620          6         3.7
        6        1975         84       10770         -1.2      5.5      0.580          6         4.6
        6        1975         85       10980         -0.2      5.9      0.590          6         4.8
        6        1975         86        9300         -0.8      6.7      0.640          4         2.8
        6        1975         87        8380         -0.8      4.7      0.600        5.5         1.3
        6        1975         88        7630         -2.1      5.4      0.630          5         0.3
        6        1975         89       10850         -3.4      6.9      0.610          3         2.3
        6        1975         90       13510           -5      7.6      0.580        2.5           0
        6        1975         91        8260         -0.8      6.8      0.640        5.5         0.1
        6        1975         92       12070         -1.6      6.7      0.650          6         5.1
        6        1975         93       14380         -3.1      8.2      0.590          3           0
        6        1975         94        2310         -0.1      2.5      0.620          5          15
        6        1975         95        5090         -1.4      5.7      0.650        4.5           0
        6        1975         96       11790         -3.2      7.6      0.610          3           0
        6        1975         97        9960          0.3      7.6      0.670        8.5         5.6
        6        1975         98       10870          1.6      6.4      0.690         10           6
        6        1975         99       14410           -1      8.2      0.640        5.5           3
        6        1975        100       13390         -2.4      6.9      0.590        3.5           1
        6        1975        101        5630         -1.3      5.2      0.710          3         0.7
        6        1975        102        3240          2.6      9.4      0.840          6         1.2
        6        1975        103       12160          2.2      8.1      0.690        4.5         3.1
        6        1975        104        4030          6.6     11.1      1.090          6         9.1
        6        1975        105        5060          5.8     11.3      1.000        6.5         1.1
        6        1975        106        4850          1.8      7.4      0.800        4.5         0.1
        6        1975        107       12400         -0.3      9.6      0.750          4         0.2
        6        1975        108        5190          5.5     13.6      1.060          5         5.7
        6        1975        109        6670          5.4       14      1.000        5.5         3.1
        6        1975        110       16370          2.5     15.4      0.940          3           0
        6        1975        111       21060          0.4     16.2      0.830          2           0
        6        1975        112       19080          4.9     19.4      0.980          2           0
        6        1975        113       18940          4.4     13.5      0.990          5           0
        6        1975        114       10570          3.8     11.4      0.930        5.5           0
        6        1975        115       17970          3.3     10.7      0.850        6.5           0
        6        1975        116        5560          5.6      8.9      0.960          5         0.4
        6        1975        117        4540          5.4     10.7      1.000        4.5         0.1
        6        1975        118       19440          3.7     15.6      1.030        3.5           0
        6        1975        119       18770          9.1       22      1.140        5.5         9.2
        6        1975        120       14390          2.9     12.7      0.870          4         6.5
        6        1975        121       14870          3.1     13.4      0.880        7.5         2.3
        6        1975        122        5480          2.9       11      1.020          5         4.2
        6        1975        123       18050          2.7     10.9      0.800        5.5         0.6
        6        1975        124       20760          4.8     12.5      0.880        6.5           0
        6        1975        125       23130          4.9     14.6      0.760        8.5           0
        6        1975        126       21350          7.7     16.8      0.890        8.5           0
        6        1975        127        7740          7.3     15.5      1.170        6.5         5.8
        6        1975        128        6340          7.8     14.2      1.290        3.5        11.5
        6        1975        129        4660          9.4       13      1.280          3         3.2
        6        1975        130       11750          8.5     15.7      1.210          4         3.4
        6        1975        131       15500          6.3       15      1.050        5.5         1.7
        6        1975        132       17100          4.7     11.6      0.810        4.5         0.8
        6        1975        133       11190          6.6     15.4      1.090        4.5         1.9
        6        1975        134       10430          5.8       16      1.220        2.5         1.3
        6        1975        135       13910          4.3       18      1.160        2.5         1.6
        6        1975        136       15640          8.8     19.5      1.370          3           0
        6        1975        137       11880            8     18.3      1.460          4         7.8
        6        1975        138       16040          7.3     17.2      1.330        3.5         2.8
        6        1975        139        7550          7.5     12.3      1.140        3.5           0
        6        1975        140       25700          3.7     18.3      1.010          3           0
        6        1975        141       14790          3.4     11.8      0.810        5.5           0
        6        1975        142       17610          2.4     11.4      0.780          7           0
        6        1975        143       13180          2.9     10.1      0.830        5.5         1.1
        6        1975        144        9200          3.5     10.7      0.900          2         0.2
        6        1975        145       25140          2.6     16.6      0.910          5           0
        6        1975        146       24540          3.8     18.2      0.990        6.5           0
        6        1975        147       24550            7     18.6      1.040        6.5           0
        6        1975        148       26240          5.4     18.4      1.050        4.5           0
        6        1975        149        6840          5.9     11.1      0.960          5           0
        6        1975        150       14610          0.3     10.2      0.690          5           0
        6        1975        151       20940          0.2     11.8      0.820          6         1.8
        6        1975        152       20280          0.8       12      0.760          5         0.9
        6        1975        153       15270          0.1     13.1      0.820          5           4
        6        1975        154       17440          0.1     12.2      0.840          4         4.9
        6        1975        155       18200          2.4       13      0.840        6.5         1.2
        6        1975        156       15210          0.8     16.6      1.000          3           0
        6        1975        157       23520         11.7     22.8      1.370        2.5           0
        6        1975        158       26220          9.4     22.4      1.140        3.5           0
        6        1975        159       25750            9     21.9      1.200          5           0
        6        1975        160       27800          7.8     22.5      1.230          5           0
        6        1975        161       24290         11.1     24.6      1.500          5           0
        6        1975        162       28260         11.2     23.5      1.070          6           0
        6        1975        163       29150          7.3       25      1.050          3           0
        6        1975        164       14520          6.3     21.5      1.440          3           0
        6        1975        165       12800          9.4     19.2      1.320          4           0
        6        1975        166        7570          9.5       17      1.350        1.5         6.2
        6        1975        167       18640          6.7     17.1      1.100        3.5         1.2
        6        1975        168       10540          6.3     19.3      1.230          3         0.6
        6        1975        169       20910         10.6     20.9      1.390          3           0
        6        1975        170       25850            8     23.1      1.310        2.5           0
        6        1975        171       25280          9.1     23.6      1.500        3.5           0
        6        1975        172       21750         12.1     24.2      1.560        6.5           0
        6        1975        173       11940         14.9     21.2      1.770          6        14.6
        6        1975        174       23420         15.6     26.7      2.120          4           0
        6        1975        175       24170         12.6     23.3      1.630        6.5           0
        6        1975        176       14610            5     16.8      1.120          4           0
        6        1975        177       25920          4.5     21.1      1.260          4           0
        6        1975        178       10720         11.1     15.5      1.020          5           0
        6        1975        179       14000          9.2       16      1.090          5           0
        6        1975        180       20680          7.3     17.1      1.160        5.5         5.9
        6        1975        181       25190           10     19.1      1.270        5.5           0
        6        1975        182       26570          8.6     18.2      1.300        6.5           0
        6        1975        183       27240          9.1     20.9      1.340        1.5           0
        6        1975        184       26120          8.4     22.7      1.300          3           0
        6        1975        185       27520         10.1     20.9      1.310        5.5           0
        6        1975        186       27090          8.7       23      1.440        3.5           0
        6        1975        187       28330         10.2     21.3      1.350          5           0
        6        1975        188       28080          7.7     22.5      1.380          4           0
        6        1975        189       24040         11.6     31.9      1.590          4         4.2
        6        1975        190       12850         12.9     24.3      1.840          3        11.6
        6        1975        191       19100         11.8     23.2      1.700          2         0.4
        6        1975        192       17600         12.3     25.2      1.760        2.5        31.7
        6        1975        193       16180         11.8     21.6      1.680        5.5         0.9
        6        1975        194        7540           14     19.7      1.850        4.5         2.4
        6        1975        195       21460         14.2     27.4      2.040          5         0.3
        6        1975        196       16470         12.5     20.5      1.590          8         4.8
        6        1975        197       10130         14.4     18.7      1.690        7.5           1
        6        1975        198       14770         13.8     22.7      1.770          3         6.3
        6        1975        199       12110         15.1     21.5      1.830          2         4.3
        6        1975        200       12080         13.6     20.8      1.790          2         4.6
        6        1975        201       16440         11.8     22.5      1.760        2.5         1.5
        6        1975        202       15160          9.9     21.7      1.640        3.5         4.3
        6        1975        203       11040          9.5     19.9      1.510          6         0.4
        6        1975        204       10130         14.5     19.2      1.610          7         3.1
        6        1975        205       17320         10.4     17.6      1.380        6.5         5.8
        6        1975        206       19300          9.8     18.3      1.320          5         8.4
        6        1975        207       16720          7.1     19.3      1.320        2.5           0
        6        1975        208       18830         10.1     21.6      1.680        3.5           0
        6        1975        209       11370          9.5     21.2      1.670          3           0
        6        1975        210       23240          8.9     24.6      1.690        1.5           0
        6        1975        211       22240         12.8     27.2      1.860        2.5           0
        6        1975        212       20560         13.8     24.6      1.840          4           0
        6        1975        213       21550          9.5     21.2      1.460        2.5           0
        6        1975        214       24060          6.4     23.1      1.490          2           0
        6        1975        215       23490          8.6     25.6      1.650        2.5           0
        6        1975        216       23080         12.1     29.4      1.910        3.5           0
        6        1975        217       23100         14.8     31.9      1.700          4           0
        6        1975        218       22150         14.4     32.8      1.780        3.5           0
        6        1975        219       20170         17.1     33.1      1.950          3           0
        6        1975        220       22080         16.9       33      1.830          4           0
        6        1975        221       21240         17.3     33.4      1.850        3.5           0
        6        1975        222       21400         15.9     34.7      1.870        3.5           0
        6        1975        223       19050         15.6     28.7      2.080        3.5           0
        6        1975        224       22340           14     31.7      1.810        3.5           0
        6        1975        225       20220           16     28.4      1.770          3           0
        6        1975        226       21150         13.4     27.4      1.260        3.5           0
        6        1975        227        9290           14     27.1      1.800        4.5         0.8
        6        1975        228        7980         15.5     19.9      1.790          6         1.8
        6        1975        229       16940          9.4     22.1      1.470          6           0
        6        1975        230       15840          8.6     20.1      1.370          5           0
        6        1975        231       18960          7.5     24.5      1.530          3           1
        6        1975        232        7890         16.5     22.5      2.090        5.5         2.6
        6        1975        233       10640         14.3     27.5      1.970          3        12.5
        6        1975        234       10460         10.4     20.3      1.570          3         0.1
        6        1975        235       14780          8.8     19.8      1.380        2.5         1.2
        6        1975        236       14130          7.6     20.5      1.390          3           0
        6        1975        237       14830          9.6     21.2      1.470          3           0
        6        1975        238       19420          7.2     21.4      1.350        2.5           0
        6        1975        239       20260          5.8     23.5      1.390          2           0
        6        1975        240       19390         10.5     27.8      1.580        2.5           0
        6        1975        241       19200         13.3     29.1      1.560          3           0
        6        1975        242       14660         10.6     28.7      1.620          2           0
        6        1975        243       12220           15     25.8      1.960          3           0
        6        1975        244        9120           16     22.9      2.000          4           0
        6        1975        245       14820         14.2     25.7      1.890          4           0
        6        1975        246        8230         10.5     23.1      1.780          3           0
        6        1975        247       14560          6.6     20.7      1.250        3.5           0
        6        1975        248        9270          3.6     19.9      1.150        1.5           0
        6        1975        249       10790          7.7     20.5      1.290          4           0
        6        1975        250       14900          6.5     19.6      1.240        3.5         1.2
        6        1975        251       18220          2.9     22.4      1.070        2.5           0
        6        1975        252       13150         10.7     24.4      1.460          6         0.4
        6        1975        253        9670         12.6     20.6      1.610          5         0.3
        6        1975        254        9400         10.4     18.5      1.470          4           6
        6        1975        255        8100          7.6     15.4      1.140        4.5         4.8
        6        1975        256       14350          7.7     17.3      1.010        8.5         2.3
        6        1975        257        5060          8.8     16.3      1.270        2.5         4.8
        6        1975        258       13480            8     18.8      1.340          4           0
        6        1975        259       14710          4.1     21.5      1.320        2.5           0
        6        1975        260       10480         11.5     20.4      1.420          4           0
        6        1975        261       10970         10.5     19.9      1.440        5.5           0
        6        1975        262       12200          9.3     21.3      1.360          2           0
        6        1975        263       10450          9.3     21.7      1.440          4           0
        6        1975        264       12970          6.5     19.2      1.270        3.5         4.2
        6        1975        265       12910          4.4     18.7      1.040          3           0
        6        1975        266       12080          7.4     20.4      1.360        6.5         2.5
        6        1975        267       11290          8.2     18.5      1.330        4.5         0.4
        6        1975        268        5150           14     17.5      1.490          8         5.9
        6        1975        269       10690            8     16.3      1.120        8.5         2.6
        6        1975        270        2880          7.7     20.9      1.390          8        32.1
        6        1975        271       10710          9.3     16.3      1.110          8         0.4
        6        1975        272        6470          9.9     20.6      1.570        3.5           0
        6        1975        273        9430         13.4     25.1      1.690          5         4.5
        6        1975        274       11530         10.1     16.9      1.210        5.5         0.1
        6        1975        275       10180            8     17.7      1.220          6         9.8
        6        1975        276        4280          6.5     16.1      1.280          8         2.8
        6        1975        277        7940          6.1     15.4      1.190        6.5           4
        6        1975        278        2850           13     15.2      1.420        6.5         2.9
        6        1975        279        6590           10     16.6      1.240          6           0
        6        1975        280        8070            8     13.4      0.950          7           0
        6        1975        281        7320          6.3     13.3      0.950        5.5           0
        6        1975        282        7510          3.8     12.4      0.920          3         1.3
        6        1975        283        7830         -0.2     10.8      0.750        2.5         0.2
        6        1975        284        7040         -0.2     10.6      0.760        4.5           0
        6        1975        285       10820         -1.1      9.5      0.640        4.5           0
        6        1975        286        2290          0.9      4.8      0.710        3.5         2.2
        6        1975        287        3820          2.4      7.3      0.790        3.5           0
        6        1975        288        3680          0.9       12      0.930          3           0
        6        1975        289        6260            1     14.2      0.990          2           0
        6        1975        290        7790          3.4     13.2      1.030        4.5           0
        6        1975        291        2080          5.4      9.9      0.960          5           0
        6        1975        292        3540            3     11.6      0.970          5           0
        6        1975        293        3910          1.8      9.1      0.840        4.5           0
        6        1975        294        2020          6.6      9.3      1.020          3         0.4
        6        1975        295        3990          4.2      9.7      0.970          2           0
        6        1975        296        4950          5.4     13.1      1.030          4           0
        6        1975        297        7480          1.1     14.5      0.850        2.5           0
        6        1975        298        2450         -0.8      5.9      0.780        1.5           0
        6        1975        299        2320          3.9      6.3      0.840        2.5         0.2
        6        1975        300        1280          3.8      6.8      0.850          3           0
        6        1975        301        1660          2.4        5      0.720        2.5           0
        6        1975        302        2280          2.1      5.2      0.710          2           0
        6        1975        303        5020         -0.3     12.9      0.900        2.5           0
        6        1975        304        4630          4.8     15.8      1.070          3           0
        6        1975        305        3360          7.4     13.3      1.120        2.5         1.2
        6        1975        306        2470          4.9       12      1.080        3.5         2.8
        6        1975        307        3030          2.2      9.8      0.940          5         0.8
        6        1975        308        5960          0.3       12      0.810        2.5           0
        6        1975        309        2360          2.5        7      0.850        3.5           0
        6        1975        310        1490          5.1      9.4      0.970          4         4.9
        6        1975        311        1320          4.7      9.9      1.020          4         3.4
        6        1975        312        4230          4.1      9.3      0.890        5.5           0
        6        1975        313        4440          1.5      7.5      0.660          6         0.3
        6        1975        314        1890          1.3      5.4      0.720        3.5           0
        6        1975        315        3560           -1      6.9      0.750        2.5           0
        6        1975        316        2630         -1.3      4.5      0.630        4.5           0
        6        1975        317         730            0      4.9      0.710          4         4.9
        6        1975        318        2040          4.6      8.6      0.910          4         0.4
        6        1975        319        2660         -0.2      7.4      0.800          5         2.3
        6        1975        320         890          7.2      9.3      1.080        4.5        12.1
        6        1975        321        1750          6.5      8.6      1.010          4           0
        6        1975        322        2090          1.3      9.1      0.800          4         0.1
        6        1975        323         810          1.4     10.8      1.020        7.5        10.2
        6        1975        324        2790          2.8       11      0.790        9.5         2.8
        6        1975        325        3480          0.4      7.5      0.750        6.5         4.5
        6        1975        326        3350         -1.5      6.6      0.600          3         0.2
        6        1975        327        3890         -2.5      2.9      0.490          4           0
        6        1975        328        4160         -3.5      1.8      0.410          4           0
        6        1975        329        2730         -3.5      2.3      0.520        5.5           2
        6        1975        330         540          1.2      5.9      0.830          5         3.4
        6        1975        331        3010          2.5      6.5      0.770          7         8.5
        6        1975        332        1940            2      7.4      0.870          6        15.6
        6        1975        333        2970          0.7      5.9      0.740          6         4.1
        6        1975        334        1000          0.6      3.7      0.730          2           0
        6        1975        335        1680          1.9        5      0.760          7         4.2
        6        1975        336        1000          4.4        9      0.990          9         9.9
        6        1975        337        3020          1.3      8.1      0.800        5.5           1
        6        1975        338         860            1      7.9      0.920          7         0.8
        6        1975        339        1020          6.9      9.6      1.120        5.5         2.8
        6        1975        340        2250          5.3      9.8      0.870          7           0
        6        1975        341        1180          4.8      8.5      0.920        6.5         0.3
        6        1975        342        1840          0.2        7      0.750        5.5         0.7
        6        1975        343        2370            1      6.9      0.790          5           0
        6        1975        344        1140          4.8      8.2      0.970        3.5         0.4
        6        1975        345         650          3.4      6.3      0.850        2.5           0
        6        1975        346         500          1.9      3.9      0.690        3.5         0.6
        6        1975        347        3100         -3.8      5.5      0.570          5         2.1
        6        1975        348        5390         -6.7        2      0.500        2.5           0
        6        1975        349        1730         -4.3      3.7      0.450          3           0
        6        1975        350         590         -5.6      1.2      0.500        2.5         0.2
        6        1975        351        3030         -4.4      2.8      0.580        3.5           0
        6        1975        352        2850         -7.4      1.2      0.450          3           0
        6        1975        353        2400         -0.4      4.6      0.670        3.5         0.6
        6        1975        354         880          0.6      5.4      0.800          3           1
        6        1975        355        1070            5        7      0.870        6.5         0.1
        6        1975        356         500          5.6      6.6      0.890        5.5           0
        6        1975        357         750          5.7      7.2      0.860          8           0
        6        1975        358         990          1.6      6.7      0.770        7.5         6.3
        6        1975        359         600            0      6.3      0.760          5         3.7
        6        1975        360        1580          1.4      8.1      0.880          7         0.1
        6        1975        361         730            5      6.8      0.870        8.5           0
        6        1975        362         330          4.9      5.8      0.800        8.5           0
        6        1975        363         510          4.6      5.5      0.830          7         0.1
        6        1975        364        1730          4.1        7      0.730          9           0
        6        1975        365         330          4.4      6.2      0.870         11        10.1
