* Country: Netherlands
* Station: Eelde
* Year: 1984
*  Source: Weather data and coordinates from
*  Eelde (KNMI)
*  Author: J. W. Steenhuizen PRI Wageningen
*  Longitude: 235.030 Amersfoortse coordinates
*  Latitude: 571.460
*  Elevation: 4.0 m.
*  Comments: For internal use only
*  Columns:
*  ========
*  station number
*  year
*  day
*  irradiation (kJ m-2 d-1)
*  minimum temperature (degrees Celsius)
*  maximum temperature (degrees Celsius)
*  vapour pressure (kPa)
*  mean wind speed (m s-1)
*  precipitation (mm d-1)
*--------------------------------------------------------------------------*
   6.35 53.08 4.0 0.00 0.00
         6       1984         1       520       7.2       9.4     1.000         13       20.6
         6       1984         2      2610       5.2       9.6     0.890        9.5       13.5
         6       1984         3      2540       1.6       9.5     0.730       11.5        9.9
         6       1984         4      1790       0.2       6.9     0.680          7        5.9
         6       1984         5      2010      -1.1       5.5     0.720          6        2.3
         6       1984         6      1320       2.3       6.5     0.860        5.5        0.2
         6       1984         7      1830       2.8       7.2     0.790          9        8.2
         6       1984         8      1090       2.3       5.6     0.710        7.5        5.8
         6       1984         9       880      -0.7       3.4     0.650          3        0.1
         6       1984        10      2720      -1.6       4.7     0.690          5        0.3
         6       1984        11       420       4.7       7.6     0.980        9.5         11
         6       1984        12      2140       1.5       7.5     0.760        7.5          0
         6       1984        13       730       1.9      10.1     0.750       12.5         11
         6       1984        14      1240       1.7       8.9     0.670         12        5.9
         6       1984        15      1960       0.4       3.4     0.640          9        7.3
         6       1984        16      2400       2.8       9.5     0.760       10.5       11.2
         6       1984        17      1790       0.8       8.2     0.710         13        4.5
         6       1984        18      2460       0.5       5.1     0.690        6.5        4.9
         6       1984        19      1270      -0.4       1.7     0.630          4          0
         6       1984        20      3950      -3.9       2.6     0.590        2.5        0.6
         6       1984        21      1150      -2.8      -0.2     0.520        3.5          0
         6       1984        22      2690      -3.8        -2     0.430        7.5        2.4
         6       1984        23      2220      -9.5       0.6     0.430          5        5.9
         6       1984        24      2280      -0.1         2     0.630        3.5        4.2
         6       1984        25      4250      -3.8       1.9     0.520          4        0.2
         6       1984        26      2560      -4.2       0.9     0.510          6          2
         6       1984        27      3310      -0.1       3.1     0.640        3.5        0.4
         6       1984        28      1690       0.7       3.7     0.700          3        0.9
         6       1984        29      2560       2.1       4.7     0.760        4.5        1.6
         6       1984        30      1700       2.8       5.1     0.780          5        1.5
         6       1984        31      1440         0       5.2     0.720        6.5        3.2
         6       1984        32      4210      -0.7       4.2     0.640          4          0
         6       1984        33      2070       1.7       6.5     0.830        5.5        4.8
         6       1984        34       680       3.8       7.4     0.860          8        7.7
         6       1984        35      3800       2.1       9.2     0.870          7        1.6
         6       1984        36      4650       2.3       9.4     0.790          8       13.5
         6       1984        37      2610       3.7       7.3     0.830          9        7.7
         6       1984        38      2630       0.3       5.4     0.670         10        0.5
         6       1984        39      3210       1.2       5.5     0.720        7.5        2.9
         6       1984        40      6570      -1.5       4.8     0.610        6.5        0.6
         6       1984        41      2840      -1.5       6.5     0.790          4        0.2
         6       1984        42      3830       2.8       7.4     0.840        3.5        1.1
         6       1984        43      8110      -1.8       4.1     0.550        3.5          0
         6       1984        44      7830      -6.4       4.4     0.500        2.5          0
         6       1984        45      4510      -4.5       0.1     0.520        2.5          0
         6       1984        46      3320      -3.6      -0.7     0.490        2.5          0
         6       1984        47      7310      -4.8       1.1     0.470        2.5          0
         6       1984        48      6950        -6       2.4     0.460          2          0
         6       1984        49      7870      -5.8      -1.4     0.370          4          0
         6       1984        50      7970        -6       0.4     0.340        5.5          0
         6       1984        51      6730      -5.7      -0.3     0.360          5          0
         6       1984        52      2380      -3.6       4.4     0.650          5        3.1
         6       1984        53      1680      -0.3       1.3     0.630        3.5        2.5
         6       1984        54      2290      -1.3       0.3     0.590        4.5        0.1
         6       1984        55      7430      -1.9       2.4     0.560        5.5          0
         6       1984        56      2760      -1.1       0.4     0.550          7          0
         6       1984        57      1070       0.2       1.3     0.640          5        0.1
         6       1984        58      1250       0.4       1.6     0.640          5          0
         6       1984        59      3680      -1.1       2.8     0.630        3.5          0
         6       1984        60      3120      -2.6      -0.6     0.540          2          0
         6       1984        61      2720      -2.4       4.2     0.660        3.5        2.5
         6       1984        62      3460       0.2       5.8     0.730        6.5       15.9
         6       1984        63      4730      -2.9       3.7     0.610        3.5          0
         6       1984        64      7690      -3.3       4.4     0.600        2.5          0
         6       1984        65      4030      -0.4         9     0.790          3          0
         6       1984        66      3880      -0.1       7.5     0.830          4        0.4
         6       1984        67      8720       1.6       6.9     0.690          6        0.1
         6       1984        68     13370      -0.3       6.3     0.550          6          0
         6       1984        69     12770      -3.8       5.4     0.490        2.5          0
         6       1984        70      4530      -0.4       0.8     0.610          6       11.2
         6       1984        71      3320       0.6       3.6     0.720          4        4.3
         6       1984        72     10400      -0.3       5.7     0.610        3.5          0
         6       1984        73      7740       0.7       6.2     0.600        4.5          0
         6       1984        74      9770      -1.1         7     0.610        3.5          0
         6       1984        75     12110      -1.8       5.3     0.630        4.5          0
         6       1984        76     11090         0       4.8     0.570          6          0
         6       1984        77     10950       0.1       5.6     0.530        5.5          0
         6       1984        78     10520      -0.9       5.9     0.490          5          0
         6       1984        79     13660      -2.9       5.9     0.420        4.5          0
         6       1984        80     13960      -4.1       6.5     0.390        3.5          0
         6       1984        81     13550      -3.2       7.2     0.430        3.5          0
         6       1984        82     12270        -3       7.7     0.460        3.5          0
         6       1984        83     12010      -4.2       9.8     0.550          3          0
         6       1984        84      5520       1.7      11.3     0.670        6.5        4.1
         6       1984        85     12410       1.2      12.2     0.770          4          0
         6       1984        86      9930       4.5      12.3     0.860        5.5        0.5
         6       1984        87      7320       5.7        10     0.860        5.5        3.4
         6       1984        88      8720       5.7      11.5     0.940        6.5        4.9
         6       1984        89      3350       1.1       9.1     0.790        4.5        3.6
         6       1984        90     13320      -0.6       8.6     0.640        3.5          0
         6       1984        91     10490      -3.3       6.6     0.600        2.5        5.5
         6       1984        92     10470        -4       4.9     0.530        4.5          0
         6       1984        93     15710        -1       6.3     0.530          6          0
         6       1984        94      5670       0.9       3.1     0.660        4.5        2.1
         6       1984        95      3760       1.1       4.9     0.690          2        0.9
         6       1984        96      3510       1.6       6.3     0.770        2.5        6.2
         6       1984        97     11070       2.3        10     0.770        3.5          0
         6       1984        98      9460      -0.5       9.8     0.760          2          0
         6       1984        99      3920      -1.5       7.1     0.750          3          0
         6       1984       100      6330       0.9         8     0.780        2.5        1.2
         6       1984       101      9400      -2.1      10.4     0.720        1.5          0
         6       1984       102     14460      -1.4      11.1     0.760          4        1.5
         6       1984       103     19960        -1        10     0.710        3.5          0
         6       1984       104     17520      -1.3        13     0.680          3          0
         6       1984       105     19500      -0.6      17.9     0.760        3.5          0
         6       1984       106     11090       3.2      16.4     0.900        5.5        0.5
         6       1984       107     15000       0.7      10.8     0.750        4.5        0.8
         6       1984       108     20290        -2      11.2     0.640          2          0
         6       1984       109     15790      -1.4      13.4     0.670          2          0
         6       1984       110     16650       0.4      17.3     0.690        2.5          0
         6       1984       111     15010       4.8      16.8     0.850        2.5          0
         6       1984       112     18730       3.2      19.9     0.920          2          0
         6       1984       113     15640       4.4        19     0.920          4          0
         6       1984       114     24160         3      14.8     0.790          5          0
         6       1984       115     22350       2.9      19.2     0.820          4          0
         6       1984       116     22630         3      19.1     0.840          3          0
         6       1984       117     23190       1.2      17.3     0.930          5          0
         6       1984       118     24580       1.1      13.5     0.620        3.5          0
         6       1984       119     24030       0.8      13.4     0.730          5          0
         6       1984       120     22920       1.3        15     0.740          3          0
         6       1984       121     19410         4        17     0.950        4.5          0
         6       1984       122      6280         5      11.4     1.050          5        1.2
         6       1984       123     14850       5.2      13.2     0.990        2.5          0
         6       1984       124     15470       3.9      15.4     1.060          2          0
         6       1984       125     14940       6.9      18.8     1.190        2.5        1.9
         6       1984       126     19710       6.6      18.1     1.220          4          0
         6       1984       127     10710       4.6      10.7     0.880        7.5          0
         6       1984       128     15230         2      11.3     0.710          7          0
         6       1984       129     24760       1.4      12.3     0.710          6          0
         6       1984       130     13020       0.5       9.8     0.730        3.5        0.2
         6       1984       131     11350       1.1      11.2     0.840        3.5        2.1
         6       1984       132     10870       3.1       9.8     0.770        6.5          0
         6       1984       133     26760       2.8      13.2     0.630        7.5          0
         6       1984       134     26840       4.4      15.6     0.750          7          0
         6       1984       135     22460       2.2        18     0.800        5.5          0
         6       1984       136     11310       4.8      17.4     1.100          3          0
         6       1984       137     14270       4.4      20.6     1.170        2.5        1.9
         6       1984       138      3490       8.5      11.6     1.190          4        7.3
         6       1984       139     14900       4.4      15.9     1.140        2.5          0
         6       1984       140     20080       3.9      13.8     0.980        3.5          0
         6       1984       141     11730       6.8      18.2     1.200        3.5        2.6
         6       1984       142      3720       7.7      16.1     1.470        3.5       10.1
         6       1984       143      9140       9.3      15.1     1.240          3        0.7
         6       1984       144      3300       9.5      10.7     1.220          5         16
         6       1984       145     12990       7.3      15.8     1.250        4.5          0
         6       1984       146      6460         7      12.4     1.160          3        0.1
         6       1984       147      7540       8.5      13.4     1.140          2          0
         6       1984       148      9860       9.3      16.8     1.330        2.5        9.4
         6       1984       149      9630      10.4        16     1.350          4          0
         6       1984       150      5720      10.5      15.8     1.480          3        1.8
         6       1984       151     14360       8.6      17.8     1.400          4        0.1
         6       1984       152     23100       5.4      21.3     1.230        2.5          0
         6       1984       153     15710       9.9      21.6     1.370        2.5        7.9
         6       1984       154     19000      10.4      18.5     1.310          4        2.5
         6       1984       155     12590      11.1      22.6     1.550          5       16.9
         6       1984       156      7600      10.4      15.5     1.360        4.5        4.2
         6       1984       157      7400       5.3      14.1     1.220        2.5        0.1
         6       1984       158     10350       4.8      14.3     1.190          5        0.8
         6       1984       159      4430        10      13.4     1.370        2.5        1.8
         6       1984       160     11620         8      13.9     1.230        4.5          0
         6       1984       161     14140       9.7      14.3     1.180        6.5        0.1
         6       1984       162     10700         9      14.4     1.120        3.5          0
         6       1984       163     24180       4.7      16.2     1.000          3          0
         6       1984       164     24900       4.6      19.3     1.150          3          0
         6       1984       165      5210      12.6        16     1.560        6.5        3.7
         6       1984       166     13420      10.8        16     1.360        6.5        8.1
         6       1984       167      8080      10.4      14.5     1.260        5.5        0.1
         6       1984       168      7660      10.3      13.9     1.220        3.5        0.2
         6       1984       169     14030      11.5      17.2     1.320          4          0
         6       1984       170     18410       9.6      18.5     1.330          2          0
         6       1984       171     23480       8.1      24.2     1.540          2          0
         6       1984       172     25990       9.7      26.5     1.730        1.5          0
         6       1984       173     19860       7.6      22.6     1.510          5          0
         6       1984       174      6060       7.1      15.9     1.330        6.5        2.4
         6       1984       175     15780       9.2      14.8     1.000        8.5        0.7
         6       1984       176     16010       7.5      14.3     0.990          7        0.9
         6       1984       177     10410       6.6      15.3     1.240        7.5        4.1
         6       1984       178     13210      10.8      17.2     1.270        6.5          0
         6       1984       179     10650         8      18.4     1.400          5        0.1
         6       1984       180     15560       6.8      15.4     1.130        5.5        1.2
         6       1984       181     13870       6.2      15.6     1.100          5       10.3
         6       1984       182     17560         8      14.5     1.120          6        2.6
         6       1984       183     20400       9.6      16.4     1.100          3          0
         6       1984       184      5660       8.3      14.2     1.230        3.5        7.5
         6       1984       185     11860       7.9      14.1     1.230          6        2.3
         6       1984       186      9460      10.4      13.7     1.230          5        0.4
         6       1984       187      8090      10.7      13.3     1.230          6          0
         6       1984       188     12200      10.5      15.7     1.220          3          0
         6       1984       189     24990       9.8      22.9     1.510          2          0
         6       1984       190     24040        13      27.5     1.660          3          0
         6       1984       191     24030      12.1      31.4     1.840          4       11.7
         6       1984       192     18010      12.6      25.3     1.890          3       14.1
         6       1984       193     15040      15.1      21.7     2.010          3       15.2
         6       1984       194     16000      13.4      21.2     1.660        5.5        0.1
         6       1984       195     11880      12.6        18     1.570          6        1.7
         6       1984       196      9110       8.8      17.4     1.480          3        1.5
         6       1984       197     14370       7.5      17.9     1.330          3        1.6
         6       1984       198      9770      12.3      16.1     1.420        6.5        0.3
         6       1984       199      8710      12.2      14.7     1.400        5.5          0
         6       1984       200      4970        12      17.2     1.590          4        6.8
         6       1984       201      7780      11.1        15     1.380          4          0
         6       1984       202      7860        12      16.4     1.470          4          0
         6       1984       203     14960       8.8      17.6     1.310          4          0
         6       1984       204     13200       7.2      16.8     1.270          4        0.1
         6       1984       205     20510       5.9      18.1     1.180          3          0
         6       1984       206     12920         6      17.9     1.220          2          0
         6       1984       207      6230       6.8      15.9     1.430          3          0
         6       1984       208     10780      12.5        17     1.480          5        0.3
         6       1984       209     11660      13.2      18.2     1.500        5.5          0
         6       1984       210      5790      12.5      17.6     1.720        4.5        2.6
         6       1984       211     19190      12.3      22.4     1.800          4          0
         6       1984       212     21260      12.2      28.8     1.810          4          0
         6       1984       213     16470      16.6      27.8     2.110          4        1.2
         6       1984       214     13890        10      20.3     1.710        2.5        0.4
         6       1984       215      9120       9.5      19.3     1.660        2.5        0.9
         6       1984       216     13570      14.2      22.4     1.880        3.5        0.1
         6       1984       217     19470      14.1      23.8     1.690        2.5          0
         6       1984       218     10520      11.8        21     1.740        2.5        4.2
         6       1984       219     14540       9.4      18.7     1.420        5.5        0.6
         6       1984       220     17050       9.4      23.5     1.440        3.5          0
         6       1984       221     20450      12.2      22.1     1.530        3.5          0
         6       1984       222     22370      12.7      21.6     1.580          5          0
         6       1984       223     14030       8.5      18.7     1.340        4.5          0
         6       1984       224      9430       7.5      21.7     1.530          3          0
         6       1984       225     19800       9.9      24.7     1.640          2          0
         6       1984       226     20490        10      24.6     1.640        2.5          0
         6       1984       227     18870       9.6      21.3     1.440          2          0
         6       1984       228     13770       6.8        20     1.470        1.5          0
         6       1984       229     20020       9.4      22.2     1.410          2          0
         6       1984       230     21630       6.7      20.5     1.220          2          0
         6       1984       231     11420       6.5      23.1     1.480          2          0
         6       1984       232     19030        13      25.7     1.700        1.5          0
         6       1984       233     19960      13.6      24.2     1.800          3          0
         6       1984       234     21040        13      25.1     1.850          3          0
         6       1984       235     18830      13.9      29.5     1.730        2.5          0
         6       1984       236     18450      11.8      30.1     1.820        1.5          0
         6       1984       237     18130      12.6        28     1.690          3          0
         6       1984       238     16040      13.4        27     1.780          3          0
         6       1984       239      8720      11.8      21.8     1.810        1.5          0
         6       1984       240     18840       6.1      23.1     1.440          2          0
         6       1984       241     15320        10      23.1     1.550          2          0
         6       1984       242      8700        11      20.8     1.610          5          0
         6       1984       243      9360        12      21.5     1.840        6.5          0
         6       1984       244      7890      15.9      22.6     1.950          7          0
         6       1984       245      5180      12.1      20.6     1.840        4.5        2.9
         6       1984       246     14450       8.7      24.4     1.660          3          0
         6       1984       247      7430      15.8      21.4     1.900          7        0.1
         6       1984       248      5810       9.7      20.8     1.560          7        1.9
         6       1984       249      8740       6.5      15.9     1.120        3.5        6.9
         6       1984       250     16070       5.4      16.9     1.060          4          0
         6       1984       251      1660       8.3      12.9     1.300          4       13.9
         6       1984       252     10110       4.5      16.6     1.220        2.5        1.8
         6       1984       253      6060       9.9      16.9     1.390          6        7.6
         6       1984       254     10420       9.9      16.9     1.370          9         12
         6       1984       255      5940      10.4      15.9     1.350        6.5        0.9
         6       1984       256     13960       7.2      16.3     1.100          5        1.9
         6       1984       257     12790       5.3      20.5     1.360        2.5          0
         6       1984       258      4590      14.1      18.2     1.810          2       20.9
         6       1984       259      1950       8.9      15.2     1.640          4        7.1
         6       1984       260     12730      10.5      18.1     1.420        3.5          0
         6       1984       261     12090         8      18.8     1.390        2.5        1.7
         6       1984       262      9610      11.8      18.5     1.520        2.5          0
         6       1984       263      5870         9      16.6     1.390        5.5        2.1
         6       1984       264      5100       8.5      15.8     1.370        4.5          8
         6       1984       265      8920       8.1        16     1.240          5        0.1
         6       1984       266      7760         7      14.8     1.160        4.5        1.4
         6       1984       267      7470       5.3      14.6     1.130          2          0
         6       1984       268      5200       5.4      12.9     1.080        1.5        2.5
         6       1984       269      4420       6.4      12.3     1.220          5        4.1
         6       1984       270      9090         7      15.2     1.280        4.5        6.6
         6       1984       271     11190       6.1      16.8     1.220        2.5          0
         6       1984       272     10050       6.2      17.7     1.220        2.5          0
         6       1984       273      8880       6.6      19.3     1.400          2        1.7
         6       1984       274      5910         9      16.4     1.450          4        3.4
         6       1984       275      1260       8.9      14.9     1.420          3       12.6
         6       1984       276      5690       6.9      14.5     1.300          4        3.2
         6       1984       277      7300       5.2      15.7     1.160        2.5        0.4
         6       1984       278     12420       5.7      16.6     1.130          3          0
         6       1984       279      2260       7.8      11.1     1.200          4        3.3
         6       1984       280      4690       7.8      13.6     1.210          6       10.8
         6       1984       281      6190       7.3        13     1.180        6.5          5
         6       1984       282      3930       7.5      15.8     1.400        5.5        0.8
         6       1984       283      5200         7      16.5     1.400        4.5          7
         6       1984       284      4430       4.4      14.9     1.230          2        0.1
         6       1984       285      9340       8.6      15.4     1.190          5        2.9
         6       1984       286      8530       5.1      14.3     1.040          3        6.4
         6       1984       287      3730       4.9      14.6     1.200          5          0
         6       1984       288      2220        11      14.7     1.350          5          0
         6       1984       289      4650         5      14.5     1.170          2          0
         6       1984       290      2190       4.7      13.9     1.270          2          0
         6       1984       291      6750       7.3      16.1     1.130        4.5          0
         6       1984       292      1960      10.8      13.6     1.140          7        3.7
         6       1984       293      5670      10.3      14.9     1.170          7       10.9
         6       1984       294      6340         9      13.1     0.950         11        3.8
         6       1984       295      5390       6.3      12.4     0.970        7.5        5.2
         6       1984       296       960       7.4      14.5     1.220          8          8
         6       1984       297      2530       7.2      14.9     1.220        6.5        4.4
         6       1984       298      5620         7      13.4     0.980          4          0
         6       1984       299      5350       9.9      15.8     1.150          7       12.7
         6       1984       300      7710         6      13.1     0.940          5          0
         6       1984       301      7840       1.7      12.4     0.820          3        1.2
         6       1984       302      4000       1.7      11.3     0.870          4        0.3
         6       1984       303      1080       9.6      13.9     1.350          5        1.4
         6       1984       304      6760       9.8      18.5     1.350        3.5          0
         6       1984       305      2570       6.7      12.5     1.080        2.5          0
         6       1984       306      6390       7.7      16.8     1.170        3.5          0
         6       1984       307      6670       7.1      15.5     1.020          3          0
         6       1984       308      3610       5.3      11.3     0.900          4          0
         6       1984       309      6360       4.2      10.5     0.800        5.5          0
         6       1984       310      2850       2.2      10.4     0.820        2.5          0
         6       1984       311      1600       3.7      10.9     1.020        2.5        1.7
         6       1984       312      2650         7      10.9     1.030          2          0
         6       1984       313      2710       4.4      12.6     0.990          3        0.3
         6       1984       314      3040       6.7      11.1     0.940        4.5          0
         6       1984       315      3390       5.6      11.8     0.960        3.5          0
         6       1984       316      2950       6.3      12.6     0.990          3          0
         6       1984       317      4670       2.9      10.8     0.830        3.5          0
         6       1984       318      4370         1        11     0.730        2.5          0
         6       1984       319      4110         0       6.7     0.580        3.5          0
         6       1984       320      2790      -0.9       1.8     0.480          5          0
         6       1984       321      1780      -0.8       1.3     0.500          6        0.1
         6       1984       322       690      -1.1       0.5     0.510        5.5        1.1
         6       1984       323       470       0.5       4.1     0.700        3.5        0.2
         6       1984       324      2960       0.8       6.3     0.720        3.5          0
         6       1984       325      2680       3.4         9     0.850        3.5        0.5
         6       1984       326      1480       4.5      10.2     0.920        5.5       12.4
         6       1984       327       800       5.6      13.9     1.140          8       28.1
         6       1984       328      2360       8.5      13.8     1.040       10.5       22.4
         6       1984       329      3630       8.2      13.4     0.930       10.5        0.9
         6       1984       330      3920       5.8      10.5     0.860          7          0
         6       1984       331      4000       2.8       9.1     0.810          5          0
         6       1984       332      2180       1.6       6.9     0.740          5          0
         6       1984       333       740       5.4       9.3     0.790        7.5        0.1
         6       1984       334      2200       4.7       9.7     0.970          5          0
         6       1984       335      3350       4.5      11.8     0.740        4.5          0
         6       1984       336      3550      -0.2       8.9     0.700          3          0
         6       1984       337       860      -1.2       3.7     0.640          2          0
         6       1984       338      3430       0.3       7.5     0.740        3.5          0
         6       1984       339      1100      -1.9         5     0.670          3        0.3
         6       1984       340      1150         5       7.6     0.860          4          0
         6       1984       341      1580       2.1       6.7     0.800        4.5        1.5
         6       1984       342      2980       1.5       6.1     0.740          5          0
         6       1984       343      1030       0.2       6.3     0.780          5          0
         6       1984       344      2740       4.5       8.2     0.860        5.5          1
         6       1984       345       790       6.4       9.3     0.970        6.5          0
         6       1984       346       870       6.7       9.2     1.020        2.5          0
         6       1984       347      1200         5         8     0.880          3          0
         6       1984       348      1410       0.3       5.4     0.690          5        0.9
         6       1984       349       350      -0.5         3     0.610        4.5        2.5
         6       1984       350      1360      -0.4         3     0.680        3.5          0
         6       1984       351       420      -1.5       1.7     0.580          4        0.8
         6       1984       352       770      -1.6       6.8     0.620        4.5        2.7
         6       1984       353      1810       1.2       6.2     0.700          4          0
         6       1984       354       700       1.6       8.2     0.770        6.5        0.4
         6       1984       355       330       7.9       9.1     1.060          6       17.2
         6       1984       356      2250       2.5       8.8     0.760          7        8.8
         6       1984       357      2950       2.3       6.7     0.750          5          0
         6       1984       358       510       3.1       5.6     0.710          6          0
         6       1984       359       810       4.4       6.3     0.740          6        0.5
         6       1984       360      1290         1       6.3     0.750          3        0.8
         6       1984       361       460      -0.1       4.3     0.670          4        1.3
         6       1984       362       740      -0.7       2.9     0.640        1.5          0
         6       1984       363       770       0.1       2.4     0.620          2        1.2
         6       1984       364      2300       0.1       4.3     0.650        1.5          0
         6       1984       365      2380      -2.8       2.8     0.560          2          0
         6       1984       366       350      -2.7       4.3     0.590        5.5        5.6
