* Country: Netherlands
* Station: Eelde
* Year: 1981
*  Source: Weather data and coordinates from
*  Eelde (KNMI)
*  Author: J. W. Steenhuizen PRI Wageningen
*  Longitude: 235.030 Amersfoortse coordinates
*  Latitude: 571.460
*  Elevation: 4.0 m.
*  Comments: For internal use only
*  Columns:
*  ========
*  station number
*  year
*  day
*  irradiation (kJ m-2 d-1)
*  minimum temperature (degrees Celsius)
*  maximum temperature (degrees Celsius)
*  vapour pressure (kPa)
*  mean wind speed (m s-1)
*  precipitation (mm d-1)
*--------------------------------------------------------------------------*
   6.35 53.08 4.0 0.00 0.00
      6       1981           1       2410        0.7       5.2      0.650          11        3.7
      6       1981           2        380        2.1         8      0.910           9       18.7
      6       1981           3       1540        4.4       9.5      0.940        11.5        7.7
      6       1981           4       2470        0.6       5.7      0.680           8        2.4
      6       1981           5       2900       -2.2       3.5      0.580           5        2.8
      6       1981           6       2300       -7.3       0.4      0.500         1.5        2.9
      6       1981           7       3370       -8.2       0.1      0.470           3          3
      6       1981           8       1250         -9       1.7      0.530         4.5        0.2
      6       1981           9        610        1.6         6      0.800         5.5        5.4
      6       1981          10       2810       -0.9       4.5      0.670         4.5          0
      6       1981          11       4560       -3.6       4.2      0.560           2          0
      6       1981          12        610         -1       1.6      0.600         6.5        5.1
      6       1981          13       3490       -3.8       1.3      0.550           5        0.8
      6       1981          14       1210       -0.9         7      0.700          10       17.7
      6       1981          15       2670       -0.8       3.9      0.600           8        4.8
      6       1981          16       3730       -2.4       0.8      0.530           6        0.5
      6       1981          17       2250       -0.5       4.6      0.700           5        1.4
      6       1981          18       3720       -1.8         1      0.550         4.5          0
      6       1981          19       3040       -0.7       5.1      0.680           7        5.4
      6       1981          20       3360       -3.9       3.3      0.550           3        2.1
      6       1981          21       2910       -4.2       0.9      0.550         3.5          0
      6       1981          22       1090        0.7       1.8      0.640         3.5          0
      6       1981          23       1530        1.4       5.3      0.780           3          0
      6       1981          24        450        0.5       5.9      0.810           5        0.6
      6       1981          25       1540       -1.3       5.9      0.720         5.5          0
      6       1981          26       5110       -2.6       5.2      0.610         2.5          0
      6       1981          27        880        0.7       4.8      0.750         2.5          0
      6       1981          28        830        2.6       4.2      0.760           2          0
      6       1981          29        610        3.7       5.5      0.830         2.5          0
      6       1981          30        860        2.6       4.6      0.790           5          0
      6       1981          31       1690       -1.7       3.3      0.670         4.5          0
      6       1981          32        860        2.1       3.5      0.730           6          0
      6       1981          33       5160        0.4       7.5      0.780         7.5          0
      6       1981          34       3710        4.5       8.9      0.850        10.5         15
      6       1981          35       3550        0.7       5.4      0.720         6.5        1.9
      6       1981          36       3380       -0.2       3.5      0.660           5        2.9
      6       1981          37       1240        0.9       8.4      0.890           7        1.1
      6       1981          38       2450          6       9.4      0.990           8        1.1
      6       1981          39       3010        4.8       9.3      0.900           7          0
      6       1981          40        730        4.8       7.1      0.900           2        4.7
      6       1981          41        630        0.9       5.7      0.700         7.5       11.3
      6       1981          42       5640         -2         3      0.550           5        0.6
      6       1981          43       6690       -2.9       3.9      0.570         1.5        0.7
      6       1981          44       6610       -6.1       1.7      0.450         1.5          0
      6       1981          45       5060       -4.3       1.8      0.480           1          0
      6       1981          46       2440       -4.4       1.8      0.530           2          0
      6       1981          47       1520       -1.5       2.1      0.600           2          0
      6       1981          48       1930        0.6         3      0.650         3.5          0
      6       1981          49       3080       -0.5       1.7      0.560         5.5          0
      6       1981          50       2210       -0.9       0.9      0.550           6        0.1
      6       1981          51       7230       -7.4      -0.8      0.450         4.5          2
      6       1981          52       5730      -10.7      -4.2      0.350           1          0
      6       1981          53       6100       -9.8      -1.3      0.390         2.5          0
      6       1981          54       6680       -5.8      -0.1      0.440           2          0
      6       1981          55       3050       -3.2       0.4      0.540         3.5        1.5
      6       1981          56       2940       -0.7       1.1      0.600           2          0
      6       1981          57       4260       -3.2       1.3      0.530         3.5          0
      6       1981          58      10500       -4.3       3.4      0.450         5.5          0
      6       1981          59       6520       -3.2         2      0.430         8.5        1.1
      6       1981          60       8860        0.4         9      0.780         2.5        1.5
      6       1981          61       3700        2.1       7.9      0.830         2.5        4.1
      6       1981          62       1030       -0.7       3.8      0.650         5.5        1.9
      6       1981          63       8250       -0.8       4.7      0.530         3.5          0
      6       1981          64       4480       -0.4         4      0.620           4        0.1
      6       1981          65       4200       -0.3       7.3      0.770         4.5        0.5
      6       1981          66       1500        7.1      13.4      1.220           9        5.3
      6       1981          67       3020        8.7      13.6      1.310           9        8.6
      6       1981          68       2510          6      10.4      1.080           5        2.9
      6       1981          69       2140        4.4      13.4      0.980         5.5       11.5
      6       1981          70       1390        7.2      12.8      1.210           9       27.8
      6       1981          71       1740        6.9       9.9      1.060         4.5       18.4
      6       1981          72       6600        6.9        12      1.030         4.5        2.7
      6       1981          73       4120        6.2       8.9      0.990         2.5        6.8
      6       1981          74       3140        3.8       6.5      0.820         2.5          0
      6       1981          75       4340        0.6       5.8      0.700         2.5          0
      6       1981          76      11500       -0.3       7.7      0.630         1.5          0
      6       1981          77       6140         -2       6.4      0.700           6        2.5
      6       1981          78       2540        6.2       7.8      0.940        11.5       10.8
      6       1981          79      10400        5.9      11.4      0.910           8          0
      6       1981          80       8910        6.3      14.7      1.030         7.5          1
      6       1981          81       8540        1.3      15.7      0.920         9.5        0.8
      6       1981          82       8850        0.7        12      0.880         6.5        5.9
      6       1981          83       7870        8.3      12.9      1.080           9        3.3
      6       1981          84       7220        9.6        15      1.330         6.5        8.6
      6       1981          85       6490        6.2      13.8      1.130         6.5        9.9
      6       1981          86      18000        3.2      15.6      0.850         3.5          0
      6       1981          87      13760        6.9      17.1      0.960         5.5          0
      6       1981          88      10470        5.2      12.8      1.000         3.5          0
      6       1981          89       9410        4.9      13.2      1.070         3.5          0
      6       1981          90       8940        5.9      13.8      1.110           5          0
      6       1981          91       5600        8.3        15      1.250         3.5          0
      6       1981          92       3390        7.3      10.2      1.080           2          0
      6       1981          93       6560        6.7      10.6      1.050         3.5          0
      6       1981          94       3190        5.2       7.6      0.890           5          0
      6       1981          95      11070        3.3      10.8      0.850         4.5          0
      6       1981          96      14610        1.6      12.2      0.840           3          0
      6       1981          97      13990        2.2      19.2      1.010         2.5        3.7
      6       1981          98      15260        4.4        12      0.880           2          0
      6       1981          99      18860        3.1      18.8      0.940           2          0
      6       1981         100      19390        3.1      19.2      1.080         2.5          0
      6       1981         101      18870          7        24      1.140           4          0
      6       1981         102      10520          9      20.6      1.470           3          0
      6       1981         103      21300        1.9      10.9      0.810         5.5          0
      6       1981         104      22000        0.8      16.3      0.740         3.5          0
      6       1981         105      21300        0.2      14.2      0.860           4          0
      6       1981         106      19830        1.3      14.1      0.630         4.5          0
      6       1981         107      19090          0       9.3      0.540           4          0
      6       1981         108      15040        0.2      10.1      0.700         4.5        0.6
      6       1981         109       9480        3.2       7.8      0.760           8        0.9
      6       1981         110      19050       -0.4      10.6      0.660           4          0
      6       1981         111       6650        3.3       6.7      0.680         6.5        0.8
      6       1981         112      15180       -1.1       6.9      0.600           5          0
      6       1981         113      19950       -2.8       7.2      0.550           4        2.1
      6       1981         114      23550       -4.4      10.7      0.460           3          0
      6       1981         115      13460        2.2      12.2      0.570           6          0
      6       1981         116      16960        3.7      15.9      0.770         6.5          0
      6       1981         117      20380        2.5      11.5      0.770         7.5          0
      6       1981         118       9910        0.6       9.3      0.760           4        1.5
      6       1981         119       6670        4.9      10.5      1.030           5        0.8
      6       1981         120       4680        5.4        10      1.090           5        7.6
      6       1981         121      20140        2.7       9.3      0.680         7.5        0.4
      6       1981         122      19000        0.7       9.3      0.710         6.5        1.2
      6       1981         123      12310         -2       8.6      0.650         5.5        0.3
      6       1981         124       4560        3.7       9.8      0.880         3.5        2.7
      6       1981         125       7900        3.6      11.9      0.940         2.5        2.8
      6       1981         126      11160        1.3      14.1      1.020           3          0
      6       1981         127      19160        6.1      21.2      1.210         3.5          0
      6       1981         128      14610       10.6      22.5      1.390           4          0
      6       1981         129      21700       10.6        25      1.380           2          0
      6       1981         130      25000       12.4        28      1.450           4          0
      6       1981         131      24840       14.5      26.8      1.400           6          0
      6       1981         132      21340       11.8      24.7      1.620         2.5          0
      6       1981         133      15570       12.1      27.4      1.620         2.5        2.5
      6       1981         134       7160        9.1      17.1      1.360           2        1.3
      6       1981         135      12830       10.2      14.8      1.280           2        1.7
      6       1981         136      16000        8.5      24.3      1.390           3        4.1
      6       1981         137      15540        7.3        19      1.210           2          0
      6       1981         138      24340        7.1      19.7      1.110         2.5          0
      6       1981         139      13940        9.4      20.7      1.470           2        8.9
      6       1981         140      24570       10.7      28.7      1.720         3.5          0
      6       1981         141      21620       14.7      30.2      1.780         2.5        0.2
      6       1981         142      14000          8      18.7      1.410         3.5        4.3
      6       1981         143      19690          7      21.1      1.340           4        2.5
      6       1981         144      18680        7.3      15.8      1.210         4.5        3.3
      6       1981         145      13910        6.9      17.6      1.170         3.5        1.3
      6       1981         146      20460        6.9      17.9      1.170         3.5        3.6
      6       1981         147       9530        6.7      15.4      1.290           2        1.9
      6       1981         148      15530        7.9      16.6      1.190         3.5        1.2
      6       1981         149      23430        6.4      21.1      1.230           1          0
      6       1981         150      15500       10.6      21.7      1.500           2          0
      6       1981         151      17700       12.6      27.7      1.850           3        5.4
      6       1981         152      18570       12.1      24.5      1.830         1.5          0
      6       1981         153      20710       13.8      30.6      1.930         3.5          0
      6       1981         154      22950         12      21.6      1.420           3          0
      6       1981         155      23620       11.2      20.7      1.240         4.5          0
      6       1981         156      12390       10.7      18.9      1.310           5        1.8
      6       1981         157      20620        9.2        19      1.350         4.5        1.8
      6       1981         158      21650       10.2      19.4      1.270         4.5          0
      6       1981         159      10020       12.8      20.4      1.790           4        4.6
      6       1981         160      16960       12.6      19.5      1.460         5.5        0.4
      6       1981         161      16620        9.3      17.6      1.230           6        0.6
      6       1981         162       9110        9.6      16.6      1.440           5        5.9
      6       1981         163      18740        4.4      15.5      1.120           5          0
      6       1981         164      22990        2.2      18.4      1.030           3          0
      6       1981         165       4420       14.1        18      1.740           5        0.1
      6       1981         166       7870       11.4      18.6      1.650         4.5        3.1
      6       1981         167      14670       10.4      15.6      1.150           7          0
      6       1981         168      15650        8.5      15.2      1.200         5.5        6.1
      6       1981         169       8830        8.6      12.1      1.020         5.5        0.1
      6       1981         170      15860        7.9      13.7      0.970           2          0
      6       1981         171      11470        7.9      14.5      1.140         2.5        0.6
      6       1981         172      20680        8.5      16.2      1.150           6        0.2
      6       1981         173      21930        8.5      19.2      1.330           4          0
      6       1981         174      24840        5.7      21.4      1.240           2          0
      6       1981         175      18270        9.6      24.3      1.510           3          0
      6       1981         176      16800       10.9      18.9      1.480         3.5          0
      6       1981         177       3810        9.8      14.1      1.340         3.5          4
      6       1981         178      10850       11.4      17.8      1.510         2.5        0.8
      6       1981         179       3010       12.2      13.9      1.470           5          8
      6       1981         180       1740       10.2      12.9      1.310         9.5       22.7
      6       1981         181       6570        8.4      14.6      1.400           6        1.8
      6       1981         182      11500       10.7      17.9      1.410           6          0
      6       1981         183      12110       10.7      20.1      1.570         2.5        1.5
      6       1981         184      15360       10.2      18.8      1.510         4.5        2.2
      6       1981         185      18670        9.2      19.3      1.380           4          0
      6       1981         186      17140        9.7      21.7      1.620           3          0
      6       1981         187      18220       12.2      22.2      1.620         4.5          0
      6       1981         188      22160       11.4      23.1      1.710         2.5          0
      6       1981         189      26780       12.2      27.6      1.840           2          0
      6       1981         190      22380       16.6      31.2      2.260         2.5        0.3
      6       1981         191      16950       16.1      24.4      2.100         2.5        6.3
      6       1981         192       8580       15.6      22.1      1.880         1.5        3.5
      6       1981         193      15250       12.8      19.9      1.610           5          0
      6       1981         194      12690       10.7      21.2      1.590           2          0
      6       1981         195       7910       10.1      19.9      1.600         3.5        0.6
      6       1981         196      14300       10.7      20.6      1.470           3        0.8
      6       1981         197       9930       10.5      20.6      1.630           4        9.4
      6       1981         198      21270        7.3      17.8      1.280           5        1.5
      6       1981         199      20670        6.2      18.2      1.200         3.5          0
      6       1981         200      17450       10.1        19      1.270         3.5        0.3
      6       1981         201      12520       11.7      19.4      1.580           3        0.3
      6       1981         202      10140         10      19.8      1.640         3.5        4.8
      6       1981         203      14750        8.2      20.3      1.510           3        2.2
      6       1981         204      18200       12.4      20.9      1.480         2.5        0.3
      6       1981         205      11130        9.6      17.9      1.410         3.5        3.4
      6       1981         206      10930       11.7      18.2      1.520         2.5       25.4
      6       1981         207      11870       10.9      18.9      1.530         5.5        0.7
      6       1981         208      20420        9.2      19.2      1.370         6.5        0.2
      6       1981         209      18360       10.5      22.4      1.650         3.5          0
      6       1981         210      14380         10        23      1.590           4          0
      6       1981         211      13460        7.5      17.4      1.230         3.5          0
      6       1981         212      23160        4.7      22.8      1.410           2        4.4
      6       1981         213       7390        8.4      18.2      1.500         3.5        1.8
      6       1981         214      19510        6.2      18.8      1.210           2          0
      6       1981         215      24930        7.6      25.3      1.510         1.5          0
      6       1981         216      23590        9.7      27.8      1.690         1.5          0
      6       1981         217      18290       14.8        29      1.990           2          0
      6       1981         218      19610       17.1      28.1      2.170         3.5          0
      6       1981         219      18520       15.1        28      2.040           4          0
      6       1981         220      11540       16.7      24.2      2.060         2.5          0
      6       1981         221       3910       15.7      19.5      1.840           2          0
      6       1981         222       3120       15.9      19.1      1.830           4        0.2
      6       1981         223       7310        8.6        19      1.500         3.5          0
      6       1981         224      21200        5.2        24      1.300         1.5          0
      6       1981         225      17430       10.4      25.6      1.530         1.5          0
      6       1981         226      18470         15      26.7      1.700           3          0
      6       1981         227      10910         14        25      1.860         2.5          0
      6       1981         228      18390       10.8      19.1      1.230         5.5        0.4
      6       1981         229      10660        8.8      17.1      1.190         4.5        2.5
      6       1981         230      12370        8.8      21.7      1.410           5        2.6
      6       1981         231       8680       12.9        19      1.510         4.5        3.2
      6       1981         232       7610       11.2      17.1      1.440         6.5       13.7
      6       1981         233       9960         11      17.2      1.300         5.5        5.1
      6       1981         234       8540       10.3      18.3      1.380           5        2.2
      6       1981         235      14340        9.3      18.9      1.320           5        0.1
      6       1981         236      14680        6.8      18.5      1.240         2.5          0
      6       1981         237      12120        8.7      21.1      1.530         3.5          0
      6       1981         238       7870       10.2      18.9      1.520         4.5          0
      6       1981         239       4340        8.7      16.1      1.500         4.5        0.4
      6       1981         240      14530       10.6      19.1      1.400         2.5        1.4
      6       1981         241      14260          9      18.5      1.260         2.5          0
      6       1981         242      17750        8.1      20.1      1.180           1          0
      6       1981         243       9860        4.9      17.3      1.200         1.5          0
      6       1981         244      14530        6.9      19.5      1.280         2.5          0
      6       1981         245      15040        7.2      20.7      1.160           3          0
      6       1981         246      15570          6      19.4      1.250         2.5          0
      6       1981         247      18090        6.3      22.1      1.180           1          0
      6       1981         248      18250        5.1      23.3      1.100           1          0
      6       1981         249      17410        5.5      23.6      1.180           1          0
      6       1981         250      15710        8.5      26.1      1.280         2.5          0
      6       1981         251      11980         13      23.5      1.690           3          0
      6       1981         252      10370       12.9      21.6      1.710           2          0
      6       1981         253      11310       12.8      24.1      1.630         2.5          0
      6       1981         254      12910       13.1      26.1      1.680         3.5          0
      6       1981         255      12640       10.9      21.9      1.430         2.5        5.8
      6       1981         256      10450        8.6      16.8      1.260           5       14.9
      6       1981         257       4930          9      15.7      1.300           5          4
      6       1981         258       9750        8.2      18.6      1.410           3        5.8
      6       1981         259       5170       14.2      18.7      1.680           2        0.4
      6       1981         260       5370       12.4      18.5      1.550         2.5        1.8
      6       1981         261       9420       13.3      21.9      1.600           4        4.5
      6       1981         262      10330       12.2      17.9      1.380         4.5        7.9
      6       1981         263       5310       13.1      17.8      1.530         6.5       18.3
      6       1981         264      11500       11.7      18.5      1.410         4.5        0.2
      6       1981         265       5930       11.2      19.4      1.470           3        0.1
      6       1981         266      11340        8.9        17      1.230           4          0
      6       1981         267      14030        9.7      18.6      1.190           5          0
      6       1981         268       5130       10.9      15.9      1.310         4.5          0
      6       1981         269       4410        9.3      19.1      1.420           5          0
      6       1981         270       8770        9.5      18.7      1.350           4          0
      6       1981         271      11240        7.4      17.8      1.210         2.5          0
      6       1981         272      12100        5.6      17.4      1.080           3          0
      6       1981         273      11330        6.4        20      1.120           5          0
      6       1981         274      12330        9.3      21.3      1.290           4          0
      6       1981         275       4820        9.2      17.8      1.400           3        7.5
      6       1981         276       9780        8.4      13.4      1.050         5.5        2.1
      6       1981         277       3750        7.3      12.5      1.050           7        4.5
      6       1981         278       4450        6.9      15.8      1.200           4        1.7
      6       1981         279       4280        8.9      15.3      1.420           4        9.1
      6       1981         280       9660        8.5      15.4      1.020           9        2.5
      6       1981         281       3550        7.1      14.6      1.240         6.5        1.6
      6       1981         282       6240        9.6      18.3      1.250         6.5        4.7
      6       1981         283       6220        5.8        12      0.960         9.5        4.9
      6       1981         284       5890        4.7      11.6      0.900           8        5.5
      6       1981         285       3280        3.4       7.5      0.860         5.5        8.2
      6       1981         286       5910        2.2      12.1      0.850         6.5        5.8
      6       1981         287       9280        2.2       9.8      0.780         3.5        0.2
      6       1981         288       5000        0.1      10.2      0.770           1          0
      6       1981         289       6810        1.7      10.9      0.860           3          0
      6       1981         290       7220        0.1      11.4      0.820           2        2.7
      6       1981         291       1020        6.1       7.3      0.920           4        0.9
      6       1981         292       2230        5.5      11.4      1.070         5.5          7
      6       1981         293       1100        4.7        13      1.150         6.5       17.7
      6       1981         294       8660        2.7      10.4      0.810           4        0.3
      6       1981         295       2130        3.3       6.7      0.860           4        0.9
      6       1981         296       7940       -0.7      10.9      0.760           1          0
      6       1981         297       5000        2.1        10      0.870           4        0.9
      6       1981         298       1240        1.7         8      0.870           4        0.7
      6       1981         299       3980       -1.7       6.1      0.750           1          0
      6       1981         300       2550        2.2       6.1      0.830         3.5        1.4
      6       1981         301       7090        2.4      10.8      0.860         4.5        0.7
      6       1981         302       2960        4.3      10.7      0.990         5.5        1.6
      6       1981         303       5790        5.6      10.2      0.880           5        7.1
      6       1981         304       4760        6.2      13.2      1.020           9        5.3
      6       1981         305       2920        6.9      13.7      1.240           6        0.4
      6       1981         306       2770        4.1      13.9      1.150         7.5        1.5
      6       1981         307       1610        6.3      13.7      1.270         3.5          0
      6       1981         308       4020          4      12.3      1.050         5.5        0.5
      6       1981         309       4160        3.4      10.8      0.830         6.5          1
      6       1981         310       3910        3.9       9.9      0.820           5        2.3
      6       1981         311       5260       -2.2       7.4      0.660           2        0.4
      6       1981         312       6920       -4.3       5.8      0.530         1.5          0
      6       1981         313       3480       -5.9       5.1      0.560           1          0
      6       1981         314       2760         -6       5.6      0.620         5.5        2.1
      6       1981         315        830          4       6.4      0.870         7.5        2.8
      6       1981         316       2080        4.6       8.9      0.990           4          1
      6       1981         317       3100        2.7       8.5      0.810         6.5        5.1
      6       1981         318       2630       -0.7       9.1      0.780         5.5        4.9
      6       1981         319       4710       -3.1         6      0.580           2          0
      6       1981         320       2550       -0.8       2.7      0.530           5          0
      6       1981         321        710        1.4       6.4      0.690         5.5          5
      6       1981         322       2430        6.4      11.4      1.090         8.5          7
      6       1981         323       4720        2.2       9.5      0.830         4.5        0.1
      6       1981         324        930        3.8      14.6      1.130          11        4.8
      6       1981         325       1640        6.5      11.9      0.960           6        0.5
      6       1981         326       1250         10        12      1.240           9          0
      6       1981         327       1300        4.8      13.3      1.110         9.5        3.7
      6       1981         328       2300        1.3       6.2      0.660          12        4.7
      6       1981         329       2780        0.4       4.6      0.640         8.5        3.1
      6       1981         330        490        2.9       9.9      0.970         6.5        8.9
      6       1981         331        410        4.6      10.2      0.990         9.5       10.3
      6       1981         332       2060        1.7       6.1      0.760           5        4.6
      6       1981         333       2840        3.4       8.3      0.790         6.5        4.6
      6       1981         334        570       -0.6       4.7      0.690         3.5        7.2
      6       1981         335       1090        2.1       5.5      0.690           6        1.1
      6       1981         336       3700       -2.3       6.5      0.690           2        0.1
      6       1981         337       1460       -3.2       8.2      0.760           5        2.2
      6       1981         338        990        1.4       8.3      0.820         8.5       11.2
      6       1981         339       2010        0.4       3.9      0.630           6        3.3
      6       1981         340       1460        0.3       2.9      0.680           4        1.7
      6       1981         341       3350       -1.5         4      0.610         3.5          1
      6       1981         342        710       -2.1         1      0.580           2        0.7
      6       1981         343       2760       -2.3       1.3      0.590         5.5        0.8
      6       1981         344       2500       -4.6         0      0.540           3        0.8
      6       1981         345       1330       -9.6      -1.1      0.470         2.5          0
      6       1981         346       3690      -10.4      -1.9      0.380           2        1.4
      6       1981         347       3420       -8.1       0.2      0.450         5.5        2.5
      6       1981         348        750       -5.9      -3.5      0.390           5        4.1
      6       1981         349       1910      -13.5      -2.2      0.370         2.5          0
      6       1981         350       2430      -15.2      -8.5      0.260           1          0
      6       1981         351       2410      -15.4      -8.2      0.260           2          0
      6       1981         352       1360      -10.4      -6.6      0.300         2.5          0
      6       1981         353       2200       -8.1      -2.4      0.410           2          0
      6       1981         354       1740        -10      -3.9      0.370           3          0
      6       1981         355       2970      -11.3      -8.4      0.250           5          0
      6       1981         356       1300       -9.9      -4.6      0.330         3.5        1.9
      6       1981         357        910       -4.6       0.6      0.550         1.5          0
      6       1981         358       1010       -2.3      -0.4      0.550           3        0.1
      6       1981         359       1900       -1.5       1.4      0.600         2.5        0.2
      6       1981         360       1470       -3.2      -0.1      0.510           1        0.4
      6       1981         361       1720       -8.3      -3.1      0.390           3          0
      6       1981         362       1580       -9.8       0.4      0.440         2.5          0
      6       1981         363       1190       -4.5         4      0.640         5.5        4.2
      6       1981         364       2020          3       6.6      0.740         5.5        0.2
      6       1981         365        460        2.6       5.8      0.810         4.5        5.4
