* Country: Netherlands
* Station: Eelde
* Year: 1989
*  Source: Weather data and coordinates from
*  Eelde (KNMI)
*  Author: J. W. Steenhuizen PRI Wageningen
*  Longitude: 235.030 Amersfoortse coordinates
*  Latitude: 571.460
*  Elevation: 4.0 m.
*  Comments: For internal use only
*  Columns:
*  ========
*  station number
*  year
*  day
*  irradiation (kJ m-2 d-1)
*  minimum temperature (degrees Celsius)
*  maximum temperature (degrees Celsius)
*  vapour pressure (kPa)
*  mean wind speed (m s-1)
*  precipitation (mm d-1)
*--------------------------------------------------------------------------*
   6.35 53.08 4.0 0.00 0.00
      6     1989         1        420      4.8      7.9    0.920        2.5        0
      6     1989         2        920      4.3      7.2    0.840        1.5        0
      6     1989         3       2690     -0.4        5    0.720          3        0
      6     1989         4        490      0.6      5.4    0.700        5.5      0.1
      6     1989         5       1760      1.9      5.6    0.760          5      1.9
      6     1989         6        890      0.7      4.6    0.750        2.5      2.3
      6     1989         7        920      0.5      8.1    0.870        4.5      0.5
      6     1989         8       1080      7.2       10    1.090        5.5      0.1
      6     1989         9        400      7.4      8.6    1.050          6      0.5
      6     1989        10       1020      2.1      7.8    0.880        4.5      1.2
      6     1989        11       3150      0.9      5.8    0.690          5        0
      6     1989        12        700      3.7      7.8    0.840        6.5      2.6
      6     1989        13       3170        3      7.5    0.790          6        0
      6     1989        14       2040      4.3        9    0.850          8        2
      6     1989        15       2010      5.2      9.2    0.920          9        0
      6     1989        16        730      5.9      8.6    0.950          6        0
      6     1989        17        880     -0.6      7.6    0.850          5      2.4
      6     1989        18       3470     -0.8      7.3    0.760        4.5        0
      6     1989        19        830      0.1      4.7    0.730        4.5        0
      6     1989        20        400     -0.7      1.8    0.610        3.5        0
      6     1989        21        850      1.2      6.2    0.760          5      0.5
      6     1989        22       4220      0.8      8.6    0.820        3.5      0.6
      6     1989        23       3180      1.5      6.8    0.740          5        0
      6     1989        24        970     -0.3      1.6    0.630        3.5        0
      6     1989        25       1950     -2.3      0.7    0.560          3        0
      6     1989        26       5480     -3.7      5.1    0.570          3        0
      6     1989        27       4590     -0.5        7    0.630        4.5        0
      6     1989        28       4330      1.5      7.7    0.690          5      1.6
      6     1989        29       2950     -0.7      5.4    0.700        3.5        0
      6     1989        30       4610      2.2      9.4    0.830        5.5        0
      6     1989        31       2030      0.9      6.5    0.800        2.5        0
      6     1989        32        770      0.3      3.1    0.680        3.5        0
      6     1989        33       1330        1        2    0.650          4        0
      6     1989        34       1700      1.2      3.9    0.710          6        0
      6     1989        35       2510        2      5.1    0.740          8        0
      6     1989        36       4950      3.7      8.3    0.790        7.5      4.9
      6     1989        37       4150      6.5     10.9    1.010         10        0
      6     1989        38       6350      3.8     10.7    0.940        6.5        0
      6     1989        39       6650     -0.3     11.2    0.830        2.5        0
      6     1989        40       7550     -1.1       10    0.730        2.5        0
      6     1989        41       6880       -1        9    0.680          2        0
      6     1989        42       4460      1.2      8.9    0.760          4        0
      6     1989        43       2350        4      7.5    0.840        6.5      4.2
      6     1989        44       5450     -0.2      6.8    0.720          7      5.9
      6     1989        45       5810      2.5      7.5    0.730         10      1.5
      6     1989        46       1370      2.5      8.8    0.860        8.5      5.8
      6     1989        47       4620     -1.3      4.7    0.620          6      1.6
      6     1989        48       4690     -2.9      4.3    0.590        3.5      2.8
      6     1989        49        640        3     11.5    1.100        8.5     11.9
      6     1989        50       3220      8.1     12.2    1.120        8.5      3.3
      6     1989        51       6450      1.6      9.2    0.810          7        2
      6     1989        52       8120     -0.9      8.4    0.660        3.5        0
      6     1989        53       7480     -0.4      8.2    0.710        4.5      1.3
      6     1989        54       6370        2      7.1    0.730          6      0.5
      6     1989        55       8320      0.8      8.4    0.670        4.5        0
      6     1989        56       5060      4.1      8.1    0.730        6.5        2
      6     1989        57       2860      1.6      6.4    0.730        7.5      8.5
      6     1989        58       3590      2.1      7.7    0.740        6.5      5.1
      6     1989        59       6540        2      7.6    0.700          7        0
      6     1989        60       2190      2.2      6.9    0.810        8.5       10
      6     1989        61       7370      4.7      9.1    0.820          5      2.9
      6     1989        62       3110      4.4      9.6    0.930        2.5      2.2
      6     1989        63       5350      3.8     10.4    0.950          4      0.3
      6     1989        64       4160      7.2     12.4    1.150        3.5        0
      6     1989        65      11310      5.7     16.7    1.090        3.5     15.9
      6     1989        66       2400      6.7     11.5    1.000          4     13.9
      6     1989        67       2890      0.2        7    0.800          7      0.1
      6     1989        68       6500      0.7     11.1    0.790        5.5        0
      6     1989        69       8170      5.4     12.9    0.930          5      0.5
      6     1989        70       7410      2.7     11.2    0.970        3.5        0
      6     1989        71       9080     -0.7       11    0.830          3      5.8
      6     1989        72       2320      4.6      9.8    0.880        9.5      1.2
      6     1989        73       7550      4.5      9.1    0.780        7.5      3.3
      6     1989        74       3250      0.7      8.7    0.820          8      6.7
      6     1989        75       5200     -2.4        6    0.690        3.5      0.1
      6     1989        76       9120     -1.2      7.1    0.660          5      0.7
      6     1989        77      10870     -2.9      7.7    0.560          4      1.2
      6     1989        78       3200      4.5      8.7    0.880        6.5      3.1
      6     1989        79       6120        2     12.2    0.850          4      3.4
      6     1989        80       8490        2      8.1    0.720          6      2.1
      6     1989        81       3770      3.1     11.6    0.930        8.5     23.5
      6     1989        82      10660      2.1      7.4    0.670          9        0
      6     1989        83       3460      5.4      9.4    0.860         11        0
      6     1989        84       9390      2.2      8.9    0.720        7.5        0
      6     1989        85       7500      3.1     13.1    0.880          3        0
      6     1989        86      15580        3     19.5    0.920        4.5        0
      6     1989        87      14400      6.9       22    1.080          5        0
      6     1989        88      17370      1.3       14    0.720          2        0
      6     1989        89      16480      5.9     14.8    0.970          5        0
      6     1989        90       9420      5.8     15.1    1.060          3        0
      6     1989        91       8910      1.4       10    0.790        4.5        0
      6     1989        92      13300     -0.8      5.7    0.440        5.5        0
      6     1989        93      18450     -1.9      6.8    0.420        6.5        0
      6     1989        94       6990     -1.3      5.3    0.450          8        0
      6     1989        95       4540      2.2      4.8    0.580        6.5      0.7
      6     1989        96       3470      2.7      5.8    0.800          4       17
      6     1989        97       8460      4.4     11.3    0.830        6.5      8.2
      6     1989        98      13970      3.3     11.9    0.780        4.5      0.9
      6     1989        99      17780      1.8     13.5    0.770          4        0
      6     1989       100       6210      6.8     15.6    1.010          5      3.5
      6     1989       101      13530      8.1       15    1.040          7      2.7
      6     1989       102       4060      7.5     12.3    1.190          3      1.8
      6     1989       103       3290      7.1       10    1.080          3      4.5
      6     1989       104       3660      7.1       11    1.090        4.5        0
      6     1989       105       8010      3.6     10.8    0.940        3.5        0
      6     1989       106       3950      5.3      9.5    0.950          3      0.2
      6     1989       107      20440      0.1      8.7    0.680        5.5      0.3
      6     1989       108       5520     -0.6        7    0.780        2.5      3.6
      6     1989       109      17810      3.1      9.3    0.760          5      1.4
      6     1989       110      14580      0.6      9.8    0.740          2      0.5
      6     1989       111       9390      0.6     10.1    0.880          4        0
      6     1989       112      15520      4.6      9.3    0.790          5        0
      6     1989       113       9880      1.3      7.6    0.700          3      3.8
      6     1989       114       4640      0.3      7.4    0.790        3.5      6.1
      6     1989       115       6770      3.9     10.4    0.910        4.5        4
      6     1989       116       5690        2      6.5    0.710          5      1.1
      6     1989       117      15460     -0.2      9.7    0.620          3        0
      6     1989       118      16420     -2.5     10.3    0.650        3.5        0
      6     1989       119      15150     -1.4       12    0.740        1.5      0.2
      6     1989       120      18370     -1.5     14.9    0.760          2        0
      6     1989       121      21920      4.2     17.5    0.890          4        0
      6     1989       122      19380      4.4     19.1    1.240          3        0
      6     1989       123      24220      2.2     17.7    1.060          2        0
      6     1989       124      24890      2.9     21.2    1.130          2        0
      6     1989       125      16630      3.9     17.5    1.100          2      0.4
      6     1989       126      16380      6.9     10.5    0.810          7        0
      6     1989       127      17550        5     13.2    0.870        3.5        0
      6     1989       128      23990      3.8     17.1    1.000          5        0
      6     1989       129      22630        3     19.3    1.050        4.5        0
      6     1989       130      24630      0.7     15.3    0.820        2.5        0
      6     1989       131      11260      3.8     16.3    1.080          3      4.3
      6     1989       132      11970      7.1       12    1.000          6      5.6
      6     1989       133      12830      5.1     12.5    0.940        5.5      4.7
      6     1989       134      19180      3.5     16.7    0.920          3        0
      6     1989       135      17980      4.4     20.9    1.000        2.5        0
      6     1989       136      18720      5.7     21.2    1.100        2.5        0
      6     1989       137      16870      3.8       18    1.150        2.5        0
      6     1989       138      23620      7.1     24.7    1.250        2.5        0
      6     1989       139      23870       10     24.6    1.280          3        0
      6     1989       140      26340     10.4     23.7    1.380        4.5        0
      6     1989       141      27850     11.3     23.8    1.090        4.5        0
      6     1989       142      29660      8.5     21.5    0.680        4.5        0
      6     1989       143      28880      9.5     25.8    0.900        3.5        0
      6     1989       144      28170     10.2       29    0.960          3        0
      6     1989       145      27810     10.6     29.1    1.040          3        0
      6     1989       146      23890        9     17.4    1.210        6.5        0
      6     1989       147      29650      6.8     16.1    1.000        5.5        0
      6     1989       148      25830      4.4     20.1    1.040        3.5        0
      6     1989       149      20920      2.9     18.1    0.990        2.5        0
      6     1989       150      18420      3.4     16.3    0.900        5.5      0.7
      6     1989       151      17780      1.8     15.1    0.770        3.5        0
      6     1989       152      11760      5.8     13.6    0.960          2      0.2
      6     1989       153      21780      4.4     16.3    0.820          3        0
      6     1989       154      19970      1.5     16.8    0.830          3      1.2
      6     1989       155       4880      8.2     12.1    1.160        3.5     35.9
      6     1989       156      15450      4.4     14.5    1.000          4      4.6
      6     1989       157      25160      2.4     17.3    0.890          2        0
      6     1989       158      13480      7.3     16.2    1.090        2.5      5.5
      6     1989       159      22520      4.2     16.2    1.000          3      3.9
      6     1989       160      14470      8.7     17.8    1.130        2.5      0.5
      6     1989       161      21540      8.3     22.6    1.250        1.5        0
      6     1989       162      23690     11.9     23.4    1.390          2        0
      6     1989       163      27760     11.8       25    1.360          3        0
      6     1989       164      29400     12.2     24.4    1.070        3.5        0
      6     1989       165      28820     12.1     26.4    1.130        2.5        0
      6     1989       166      24710     11.2     25.1    1.360        2.5        0
      6     1989       167      29370      7.5     24.5    1.230        2.5        0
      6     1989       168      30810      9.3     22.7    1.320        3.5        0
      6     1989       169      29490      8.6     22.4    1.550        3.5        0
      6     1989       170      29990     13.8     26.3    1.550          3        0
      6     1989       171      29760      8.9     25.8    1.400        2.5        0
      6     1989       172      19100      9.2     26.2    1.540          3      7.4
      6     1989       173      24250     15.5     24.3    1.820          4      5.7
      6     1989       174      20520     12.3       20    1.500        3.5        0
      6     1989       175      18090      9.4     20.8    1.290        1.5        0
      6     1989       176      28500      8.1     24.6    1.220        2.5        0
      6     1989       177      28300     11.7     26.3    1.360        3.5      2.8
      6     1989       178      17380     12.7     22.1    1.520          3      3.3
      6     1989       179      18010     12.5     17.6    1.230          6      1.9
      6     1989       180       6610      7.6     13.8    1.310          3     17.1
      6     1989       181      26390        6       19    1.010        1.5        0
      6     1989       182       5400     12.1     17.3    1.500          3     12.9
      6     1989       183      17000     13.4       20    1.590          5        0
      6     1989       184      30250     11.9     21.3    1.400          5        0
      6     1989       185      27210     11.1     23.6    1.480        4.5        0
      6     1989       186      27660       14     25.6    1.650          5        0
      6     1989       187      25870     15.7     29.4    1.920          3        0
      6     1989       188      24040     16.6     30.7    1.940          3        0
      6     1989       189      12690     14.4     24.7    2.090          2     22.8
      6     1989       190       7110     13.5     18.8    1.760          3      2.6
      6     1989       191      11480      8.9     17.4    1.340          3        0
      6     1989       192       9520      7.9     18.3    1.480          2        0
      6     1989       193      14730       11     21.8    1.540          4        0
      6     1989       194      15460      8.8     20.6    1.360        5.5      0.1
      6     1989       195      17520      9.1     17.6    1.140          6      0.6
      6     1989       196      11100      8.9     20.8    1.370          6      0.2
      6     1989       197      21660      7.9     18.6    1.110          6        0
      6     1989       198      12140      6.7     19.2    1.320        3.5        0
      6     1989       199      18960     11.3     18.9    1.160          6      0.5
      6     1989       200      21420      8.5     19.2    1.130        3.5        0
      6     1989       201      11770      7.7     20.9    1.440          2        0
      6     1989       202      25910      7.1     23.4    1.390        2.5        0
      6     1989       203      15140     12.5     26.6    1.530        2.5        0
      6     1989       204       7540     12.8     23.8    1.700        1.5      0.2
      6     1989       205       9730     12.5     21.2    1.800          3        0
      6     1989       206       8850     13.5     25.4    1.920        1.5      1.4
      6     1989       207      17850     13.8       26    1.910          3        0
      6     1989       208      20760     10.2     22.8    1.380        3.5        0
      6     1989       209      10700      8.6     22.3    1.450        2.5        0
      6     1989       210      15610     13.6     24.4    1.480          3        0
      6     1989       211       9190       14     22.2    1.680          4     11.1
      6     1989       212      17870      9.2     19.1    1.290          6     10.2
      6     1989       213      18030      8.2     17.6    1.150        6.5      3.6
      6     1989       214      12860     10.3     17.2    1.170          6      1.5
      6     1989       215       8840        7     20.1    1.420          4        0
      6     1989       216      14420      8.5     18.8    1.240        4.5      0.1
      6     1989       217      18120      9.1     21.1    1.360          3        0
      6     1989       218      22680      9.1     24.6    1.560          2        0
      6     1989       219       6080     12.5       21    1.770          2        5
      6     1989       220       7570     11.3     20.6    1.730          2     18.3
      6     1989       221      19510     11.3     23.9    1.710          3        0
      6     1989       222      18820     14.3     25.8    1.730        3.5        0
      6     1989       223       5530     11.8     17.8    1.630        4.5      2.6
      6     1989       224      10290     13.9     20.6    1.710        3.5        0
      6     1989       225      19680     12.7     22.9    1.540          3        0
      6     1989       226      15610     13.8     23.2    1.670        3.5      0.6
      6     1989       227      13340       14     25.1    1.680          5      0.3
      6     1989       228      14750     14.8     25.1    1.700        2.5      2.4
      6     1989       229      19890       12     21.8    1.550          4      0.8
      6     1989       230      20530      9.1     21.9    1.300        3.5        0
      6     1989       231      19880      9.5     25.7    1.370          2        0
      6     1989       232      20780     10.6       30    1.610          2        0
      6     1989       233      15200       11     24.4    1.740          3        0
      6     1989       234      17250     10.7     23.5    1.600        3.5        0
      6     1989       235      18120      6.7     21.2    1.170        2.5        0
      6     1989       236       9840     10.4     21.1    1.550          5        0
      6     1989       237      13770      6.4     19.3    1.250        4.5      1.1
      6     1989       238      13880      4.4     19.2    1.080        1.5      0.9
      6     1989       239       6480     10.1       15    1.280        5.5     20.8
      6     1989       240      15170      9.4       18    1.130          7      1.6
      6     1989       241      10630      9.8     18.3    1.180        2.5      0.1
      6     1989       242       3000     12.7     16.6    1.680          3      1.1
      6     1989       243       6750     13.4     20.1    1.680          3      1.6
      6     1989       244      15810        8     19.5    1.310        2.5        0
      6     1989       245      10090      7.1     17.2    1.200          3      4.2
      6     1989       246       9960      6.4     16.2    1.210          2      8.2
      6     1989       247      11270      7.3     16.7    1.140        1.5        0
      6     1989       248      15590      7.4     19.1    1.240          2        0
      6     1989       249       9420      8.8     20.9    1.480          3        0
      6     1989       250      17370      8.2     23.9    1.380        1.5        0
      6     1989       251      15860     11.2     23.4    1.610        2.5        0
      6     1989       252      15420     14.3     21.6    1.720          6        0
      6     1989       253       7970     13.3     21.1    1.600          5        0
      6     1989       254      10010     12.4     18.9    1.440        4.5        0
      6     1989       255      15830      9.9     20.9    1.210          3        0
      6     1989       256       4820      9.3     16.8    1.460        2.5      3.3
      6     1989       257      12900     10.3     17.2    1.230        5.5      1.8
      6     1989       258      11860      9.4     17.6    1.400        2.5      1.4
      6     1989       259      10160     16.5     21.5    1.880          5      3.9
      6     1989       260      11790     13.7     23.4    1.900        4.5        0
      6     1989       261      13910       13     26.9    1.850        3.5        0
      6     1989       262       4440        8     19.5    1.690        3.5      7.8
      6     1989       263      15610      9.2     22.2    1.340          3        0
      6     1989       264      13100      9.2     24.8    1.740        1.5        0
      6     1989       265      12950     12.8     26.8    1.890        2.5        0
      6     1989       266       6710     11.8       18    1.540        2.5        0
      6     1989       267       4420     12.2     17.3    1.460          1      0.5
      6     1989       268       5940     10.7     19.4    1.580          2      0.9
      6     1989       269      11120      5.5     16.9    1.210          3      0.3
      6     1989       270      12800      6.3     17.8    1.050        1.5        0
      6     1989       271       6350      8.6     15.6    1.260          3        2
      6     1989       272       7250     10.4     16.4    1.260        3.5      0.7
      6     1989       273       4080     11.2     15.3    1.470        4.5      1.8
      6     1989       274       5070     11.9     14.6    1.340          4      0.1
      6     1989       275       7710     11.1     15.7    1.200        6.5      0.2
      6     1989       276      12720      2.2     15.3    0.930        2.5        0
      6     1989       277      12770      0.2     16.7    0.820        1.5        0
      6     1989       278      12670      2.4     19.3    0.880        2.5        0
      6     1989       279       6500      9.9     14.4    1.210        5.5      9.8
      6     1989       280       3450      6.9     11.7    1.080          4     20.2
      6     1989       281       5540      4.1       14    1.100          3      0.4
      6     1989       282       5820      8.1     13.8    1.110          4      2.8
      6     1989       283       7400        5     12.6    1.010          4      1.2
      6     1989       284       4530      7.5     12.3    1.040        4.5      2.9
      6     1989       285       3720      8.3     15.5    1.410          6      0.6
      6     1989       286       2940      7.8     14.8    1.320        5.5      2.2
      6     1989       287       6860      5.8     13.2    0.990        5.5        4
      6     1989       288       7260        4     13.3    0.960        3.5      3.6
      6     1989       289       5420      6.9     15.3    1.240        6.5        0
      6     1989       290       8300      7.1     16.8    1.260        3.5        0
      6     1989       291       8390        4     18.3    1.130          2        0
      6     1989       292       5350      8.3     17.3    1.320          3      0.5
      6     1989       293       4210     10.3     15.2    1.220        6.5      7.4
      6     1989       294       2300       11     18.8    1.490        9.5      3.3
      6     1989       295       7400     13.7       20    1.490          6      2.1
      6     1989       296       1430     12.7     15.9    1.520          3      5.9
      6     1989       297       7100        9     14.8    1.200        5.5      0.2
      6     1989       298       1990      9.5     14.3    1.320          5        0
      6     1989       299       1520      6.5     13.8    1.280        3.5        1
      6     1989       300       4770      7.4     13.9    1.260        3.5        0
      6     1989       301       4240     10.3       17    1.100        5.5      0.8
      6     1989       302       1410        9       11    1.110        7.5      5.4
      6     1989       303       1090      8.9     15.3    1.420          6      6.3
      6     1989       304       4050      9.7       13    1.260          3      5.9
      6     1989       305       4680      6.8     13.7    1.140          2        0
      6     1989       306       2480      4.5     13.8    1.200          4      0.2
      6     1989       307       4790      6.3       13    1.050        4.5        0
      6     1989       308       4470        6     10.9    1.010          5      1.3
      6     1989       309       2840      2.5      8.6    0.910        3.5      1.9
      6     1989       310       2660     -0.4      4.9    0.750          2        0
      6     1989       311       3290      2.4      7.5    0.840        3.5        0
      6     1989       312       1920      4.5      9.9    0.880        6.5      0.9
      6     1989       313       4410      4.9     10.5    0.900        6.5      2.8
      6     1989       314        980      4.9     10.5    1.010        6.5      1.1
      6     1989       315       4550      5.4     11.9    0.910          4        0
      6     1989       316       3860     -0.4     10.8    0.780        1.5        0
      6     1989       317       4380     -1.2     12.7    0.720          1        0
      6     1989       318       1520     -1.7     10.6    0.940          3        0
      6     1989       319       3960      1.9       12    0.880        3.5        0
      6     1989       320       4630     -0.3      5.8    0.650        2.5        0
      6     1989       321       4550     -0.6        5    0.550        4.5        0
      6     1989       322       4590     -2.8      3.9    0.440        3.5        0
      6     1989       323       4120     -3.5      2.8    0.480          2        0
      6     1989       324       3860     -3.4      6.6    0.550        1.5        0
      6     1989       325       3390       -2      3.7    0.570        2.5        0
      6     1989       326       2420     -2.9      6.8    0.640          3      2.8
      6     1989       327       1450     -3.4      4.8    0.710        3.5        4
      6     1989       328       2550     -3.3      5.8    0.650        3.5      1.1
      6     1989       329       4770     -7.2      2.1    0.510        3.5      1.4
      6     1989       330       1740      1.8        8    0.860        6.5      1.4
      6     1989       331        900      5.9      8.8    0.950        5.5      0.9
      6     1989       332       3700     -3.6      7.9    0.610          2        0
      6     1989       333       4570     -6.1      5.1    0.480        0.5        0
      6     1989       334       4370       -7      2.4    0.460          2        0
      6     1989       335       3240     -6.2     -1.7    0.430        2.5        0
      6     1989       336       4540     -7.9      0.9    0.420          1        0
      6     1989       337       4200     -8.4      3.7    0.420          1        0
      6     1989       338       1030     -8.1      6.2    0.670        1.5      1.2
      6     1989       339       3240      0.9      7.6    0.820          2        0
      6     1989       340        540      5.5      7.5    0.930          4      0.5
      6     1989       341       1940      1.2      7.9    0.790          3      0.1
      6     1989       342       1710      0.3      6.4    0.740        2.5      1.2
      6     1989       343       1470     -1.9      5.8    0.730        2.5      0.2
      6     1989       344        990     -3.7        1    0.570        2.5        0
      6     1989       345       2380     -2.7      6.6    0.680          3      0.2
      6     1989       346        730     -1.7      1.2    0.620          2      2.2
      6     1989       347        450      0.2      1.5    0.640          2      6.4
      6     1989       348        210      0.5     11.2    0.890          6     19.8
      6     1989       349        510      1.3     10.5    0.790          6      3.3
      6     1989       350        300      1.3       12    0.900        4.5     10.5
      6     1989       351       1740      9.1     12.6    1.030          9      2.3
      6     1989       352       1110      8.3     11.1    1.040          7      5.8
      6     1989       353       1020      1.7     11.3    0.870        6.5      3.6
      6     1989       354        170      1.6       13    1.040          6     22.3
      6     1989       355       1000     10.8     13.9    1.120         11      1.8
      6     1989       356        710      4.5     11.2    1.020          5      0.4
      6     1989       357       1980      3.4      6.8    0.800          6      0.2
      6     1989       358       1320      5.6      9.2    0.920        6.5      2.2
      6     1989       359       2280      7.2      9.8    0.750        5.5        0
      6     1989       360       1100      1.3      7.8    0.730          2        0
      6     1989       361       1730     -2.2        2    0.600        1.5        0
      6     1989       362        540     -1.2      0.7    0.560        3.5        0
      6     1989       363        210     -1.7     -0.7    0.490        3.5        0
      6     1989       364        250     -1.8     -1.1    0.450        2.5        0
      6     1989       365        290     -2.3     -0.9    0.520        1.5        0
