* Country: Netherlands
* Station: Eelde
* Year: 1972
*  Source: Weather data and coordinates from
*  Eelde (KNMI)
*  Author: J. W. Steenhuizen PRI Wageningen
*  Longitude: 235.030 Amersfoortse coordinates
*  Latitude: 571.460
*  Elevation: 4.0 m.
*  Comments: For internal use only
*  Columns:
*  ========
*  station number
*  year
*  day
*  irradiation (kJ m-2 d-1)
*  minimum temperature (degrees Celsius)
*  maximum temperature (degrees Celsius)
*  vapour pressure (kPa)
*  mean wind speed (m s-1)
*  precipitation (mm d-1)
*--------------------------------------------------------------------------*
   6.35 53.08 4.0 0.00 0.00
         6      1972        1         620         1      2.6       0.610        6.5         0
         6      1972        2         590       0.4      1.9       0.600          5         0
         6      1972        3         340       0.3      1.1       0.620          4         0
         6      1972        4         490       0.5      2.5       0.670        1.5         0
         6      1972        5         740       0.9      4.2       0.700        2.5       0.2
         6      1972        6        1640      -1.9      1.3       0.580          2         0
         6      1972        7         540      -2.3     -0.5       0.540          4         0
         6      1972        8        2330      -1.9      0.7       0.520          5         0
         6      1972        9        1460      -1.4      1.3       0.570        4.5         0
         6      1972       10         890      -0.8      1.5       0.590        5.5         0
         6      1972       11         890       1.1      4.2       0.720        6.5       2.9
         6      1972       12         790       1.2      4.4       0.720        5.5       1.7
         6      1972       13        1170      -0.9      2.5       0.580          5       0.5
         6      1972       14        1110        -3     -0.4       0.500          4         0
         6      1972       15        1530      -4.3      1.2       0.480        5.5         0
         6      1972       16        3820      -9.8     -0.4       0.340          7         0
         6      1972       17        3790     -11.7     -5.8       0.200          9         0
         6      1972       18        3900     -13.5     -6.8       0.190          5         0
         6      1972       19         820      -6.9      4.6       0.600          6       1.7
         6      1972       20         920      -2.3        2       0.630        2.5      10.3
         6      1972       21        4300      -5.6      1.9       0.550        3.5       1.6
         6      1972       22        2490      -5.4      0.4       0.540        3.5         0
         6      1972       23        3310      -1.3      2.2       0.590        4.5         0
         6      1972       24        4110      -1.5      1.6       0.550        5.5       1.1
         6      1972       25        2370      -4.7        5       0.620          4       1.2
         6      1972       26        4790      -3.8      1.5       0.510          7       2.2
         6      1972       27        1550      -1.2        2       0.590          8       0.1
         6      1972       28        1720      -2.7        0       0.480          9       0.1
         6      1972       29        4550      -7.3       -2       0.340        7.5       0.1
         6      1972       30        4740     -10.6     -5.9       0.270        3.5       0.2
         6      1972       31        4650     -10.1     -3.1       0.310          4         0
         6      1972       32        5650     -11.2     -2.9       0.280          4         0
         6      1972       33        1560      -8.3      3.6       0.540        4.5       0.3
         6      1972       34        6020       1.4      8.2       0.670          5       0.5
         6      1972       35        2190       0.8      6.1       0.680          4       1.3
         6      1972       36        4480      -0.2      7.1       0.660          3         0
         6      1972       37        3960      -0.2      6.5       0.670          4         0
         6      1972       38        1170       2.9      7.1       0.860        2.5       5.7
         6      1972       39        2890       0.1      6.4       0.740          3       1.7
         6      1972       40        3290      -1.4        5       0.680        1.5         0
         6      1972       41        2810      -1.1        4       0.660        2.5         0
         6      1972       42        2350        -1        6       0.720          5       2.7
         6      1972       43        2990       2.2      6.7       0.760          6       2.9
         6      1972       44        3310       0.6      6.5       0.720        3.5         0
         6      1972       45        4540       0.4      8.3       0.740          5         0
         6      1972       46        3320      -2.8      4.4       0.630          4         0
         6      1972       47        3660       1.4      6.5       0.630          4         0
         6      1972       48        6430       0.7      7.4       0.670          4         0
         6      1972       49        1780      -0.3      1.8       0.610        6.5         0
         6      1972       50        1940      -0.5        3       0.620          6         0
         6      1972       51         800      -0.1      2.8       0.670        4.5       0.1
         6      1972       52        1280       1.6      4.6       0.740        1.5       6.3
         6      1972       53        5050       1.4        8       0.780          3       0.4
         6      1972       54        3380      -0.6      4.3       0.690          4       0.1
         6      1972       55        4920       0.1      7.1       0.660          5         0
         6      1972       56        1940       2.2      5.2       0.710          3         0
         6      1972       57        2600       2.2      5.1       0.730        2.5         0
         6      1972       58        1320       1.7        4       0.750          1         0
         6      1972       59        3240       1.9      5.1       0.700        1.5       0.8
         6      1972       60        4640       0.1      5.5       0.620        3.5         0
         6      1972       61        9060      -0.2      7.3       0.610          4         0
         6      1972       62        4530      -0.8      7.5       0.680          4         0
         6      1972       63        8090       1.4      9.6       0.680          6         0
         6      1972       64        4110      -0.8      7.3       0.740        4.5       5.8
         6      1972       65        7730      -1.7        8       0.680        3.5       0.1
         6      1972       66        7520      -0.1      8.2       0.690          5       0.2
         6      1972       67       10110       2.4     10.3       0.670          5       0.4
         6      1972       68        8590       1.1     11.6       0.700        2.5       8.9
         6      1972       69        2490       1.5      5.1       0.660          3         0
         6      1972       70        3550       1.3      4.7       0.570          6         0
         6      1972       71        9570      -2.5      5.8       0.470        9.5       0.2
         6      1972       72       15390      -4.8        5       0.350          7         0
         6      1972       73       13150      -3.8      7.2       0.420          5         0
         6      1972       74       11560      -2.4     16.3       0.690        2.5         0
         6      1972       75       13110       1.6     18.9       0.790        2.5         0
         6      1972       76       13910       2.8     19.2       0.740          3         0
         6      1972       77       13220       2.2     17.2       0.720        3.5         0
         6      1972       78       14370         4     19.2       0.730        4.5         0
         6      1972       79       11540       1.7     18.4       0.740        2.5         0
         6      1972       80       12730      -0.7     16.4       0.730          3         0
         6      1972       81       13140       0.4     14.7       0.780        2.5         0
         6      1972       82       14460        -1     13.4       0.670          4         0
         6      1972       83        9550       1.2       12       0.820          6         0
         6      1972       84       17190      -1.6      9.3       0.630          5         0
         6      1972       85       16760      -3.3     15.8       0.690        3.5         0
         6      1972       86        4180       3.1     11.2       0.880        6.5       4.1
         6      1972       87        7580       2.4      8.6       0.720        9.5       3.3
         6      1972       88        8110       0.9      6.9       0.640        8.5       5.1
         6      1972       89       12750       1.8      8.3       0.670          8       3.7
         6      1972       90        8030       3.7     10.4       0.880          8      16.1
         6      1972       91        2800       5.1     10.4       0.960          7       7.6
         6      1972       92       15660       4.4     13.3       0.840          2       2.4
         6      1972       93        2950       6.1     11.5       1.120          8         8
         6      1972       94       13560       4.2     10.7       0.870          9       1.1
         6      1972       95        8250       2.4     12.2       0.980          6       4.2
         6      1972       96        7520       6.4       12       0.940        8.5       0.6
         6      1972       97        8900       3.2      9.4       0.810        8.5       3.1
         6      1972       98       11160       6.3     15.2       1.010         10       4.3
         6      1972       99       11110       5.8     11.2       0.890        9.5       9.3
         6      1972      100       17790       2.3     12.1       0.800          7       0.3
         6      1972      101        6930       4.6     11.6       0.870        6.5       2.2
         6      1972      102        8810       3.9     10.1       0.830          4       2.7
         6      1972      103       19220      -0.5     13.7       0.790        2.5       0.1
         6      1972      104       11120      -1.3     11.9       0.790          2         0
         6      1972      105       14680       2.2     14.5       0.870          2         0
         6      1972      106        5830       4.3      9.4       0.860          7      15.7
         6      1972      107        6870       4.5      8.5       0.870          5       1.2
         6      1972      108       10850       3.3        9       0.630          4         0
         6      1972      109        7830      -1.1     10.4       0.780        4.5       1.7
         6      1972      110       10520       3.7      8.1       0.790          7       3.2
         6      1972      111       11860       2.9     11.5       0.810          5         0
         6      1972      112       23560       0.9     11.4       0.650          4         0
         6      1972      113       23960       4.2     13.2       0.700        5.5         0
         6      1972      114        9080       3.7        9       0.740        5.5         0
         6      1972      115       26430       0.7     10.5       0.560        6.5         0
         6      1972      116       23660      -0.7      9.2       0.530        4.5         0
         6      1972      117        7530       5.4      9.8       0.890        6.5       0.2
         6      1972      118       18400       2.7      9.7       0.700          7       0.6
         6      1972      119       16690       0.2      9.5       0.680          5       0.3
         6      1972      120        6690       5.8      9.6       0.910          8       3.4
         6      1972      121        5580       7.1     12.4       1.060        4.5       0.2
         6      1972      122       19510       6.9       22       1.170        2.5         0
         6      1972      123       17350       6.9     22.5       1.200          2         0
         6      1972      124       18930       7.7     21.5       1.230          4         0
         6      1972      125        8280       8.5     15.7       1.050        5.5         0
         6      1972      126       15020       8.6     17.4       1.110          4         0
         6      1972      127       19990       5.6     18.5       1.070        2.5         0
         6      1972      128       15000       8.7     18.4       1.170        2.5       3.6
         6      1972      129       13340       6.7     19.5       1.270          3      17.6
         6      1972      130        8400       4.7     16.2       1.180          3       5.4
         6      1972      131       12480       4.6     14.2       1.070          3      17.6
         6      1972      132       10540       4.9     14.2       1.030          3       0.4
         6      1972      133        9870         5       15       1.040          3       8.2
         6      1972      134       14310       6.4     13.2       0.880        4.5       1.3
         6      1972      135       17700       4.6     12.3       0.910        5.5         0
         6      1972      136       18010       3.3     13.7       0.910        3.5       4.1
         6      1972      137       19780       4.4     14.7       0.840        5.5         0
         6      1972      138        6350       4.3     10.7       0.880          5      20.4
         6      1972      139        8780       4.6     11.7       0.920          5       3.1
         6      1972      140       25220       4.2     17.7       0.970        2.5         0
         6      1972      141       26850       3.2     15.3       1.040          3         0
         6      1972      142       22310       5.8     17.4       1.040          4         0
         6      1972      143       22260       6.3     20.9       1.190          3         0
         6      1972      144       23530      10.4     24.7       1.350        3.5       5.6
         6      1972      145       10780      11.2       17       1.370        5.5       0.9
         6      1972      146       20620      10.6     15.3       1.110          8         2
         6      1972      147       20200      10.4     15.8       1.100         11       1.1
         6      1972      148       10720       7.4     12.7       1.090        8.5      33.3
         6      1972      149       11700       8.6     13.5       1.080        7.5       4.8
         6      1972      150       10490        10     14.5       1.200        6.5       0.1
         6      1972      151       17580       8.1     14.7       1.190          7       2.8
         6      1972      152       14940       3.6     13.3       1.170        6.5      11.6
         6      1972      153       23510       3.5     15.6       1.010          3         0
         6      1972      154       20410       3.2     17.4       1.020          2         0
         6      1972      155       11940      10.7       16       1.230          4       0.2
         6      1972      156       20290      11.8     21.5       1.380        3.5       0.1
         6      1972      157       18890      12.6     23.6       1.610          4       8.8
         6      1972      158        4380         7     14.7       1.310        3.5       9.2
         6      1972      159       24150       5.9     19.9       1.220        3.5       1.3
         6      1972      160       19580       7.4     16.7       1.120        5.5       3.3
         6      1972      161       19140       6.8     18.1       1.090          4       0.1
         6      1972      162       19380       8.1     17.4       1.100          3       3.3
         6      1972      163       25110       6.7       17       1.080          4         0
         6      1972      164       13600       7.5     17.3       1.160        2.5         0
         6      1972      165       22330       4.4     18.8       1.110        2.5         0
         6      1972      166       19590       7.6     17.2       1.090          3         0
         6      1972      167       22450       5.6     17.4       0.970        3.5         0
         6      1972      168       16570       4.7     17.2       1.010          3         0
         6      1972      169       30010       3.5     19.6       1.000        3.5         0
         6      1972      170       15420      10.1     21.7       1.270        6.5       2.1
         6      1972      171       20430       8.5     17.7       1.120          6       6.9
         6      1972      172       23970       7.9     18.1       1.060        4.5       0.3
         6      1972      173        8130       8.9     16.1       1.220          6       1.6
         6      1972      174        6480       7.8     14.6       1.280          5      14.1
         6      1972      175       15870       7.2     14.7       1.070        6.5       4.1
         6      1972      176       23010       8.6     18.4       1.180        3.5         0
         6      1972      177       12910      11.5     20.3       1.410          3         0
         6      1972      178       26800      10.1     25.9       1.550        2.5         0
         6      1972      179       21280      14.3     27.7       1.850          4      20.7
         6      1972      180       12260       8.6     18.5       1.490          4       0.5
         6      1972      181       19850       6.2     17.6       1.160        2.5       0.5
         6      1972      182        4470       8.5     12.3       1.190          3      23.3
         6      1972      183        3710       9.2     13.4       1.260          3       5.2
         6      1972      184        8830      10.2       16       1.320          4      14.9
         6      1972      185       16440      11.6     18.2       1.410        3.5       2.3
         6      1972      186        9310      12.9     19.4       1.580          5       0.3
         6      1972      187       28470      13.5     26.4       1.750        3.5         0
         6      1972      188       11180       9.9     21.2       1.640          3       0.8
         6      1972      189       17140       9.8     19.5       1.350          3         0
         6      1972      190        4650        13     16.1       1.570          4         9
         6      1972      191        4720      13.1     18.3       1.690          3       5.6
         6      1972      192       24770       8.8     18.3       1.210          4         0
         6      1972      193       17940       7.7     18.6       1.330        2.5       0.8
         6      1972      194       24990       5.7     19.7       1.170          2         0
         6      1972      195       30360       4.9     21.2       1.130        1.5         0
         6      1972      196       18650       8.2     19.8       1.260        2.5         0
         6      1972      197       28330       5.7     22.6       1.450          3         0
         6      1972      198       27560      14.5     24.6       1.690        6.5         0
         6      1972      199       13420      16.4     22.9       1.970        5.5         0
         6      1972      200       23280        17     29.4       2.350          4         0
         6      1972      201       25380      18.9     32.5       2.350          3         0
         6      1972      202       26260      18.8     30.6       2.110          2         0
         6      1972      203       26700      16.9     28.1       2.220          3         0
         6      1972      204       21450      17.4     30.4       2.080          3       5.8
         6      1972      205        9850      13.4       21       1.910          3        10
         6      1972      206        7590      12.6     21.7       1.880        2.5         6
         6      1972      207       15200      14.2     20.2       1.610          4         0
         6      1972      208        9920      12.7     17.1       1.320          5       0.2
         6      1972      209       10670      12.5     19.4       1.680          5      10.9
         6      1972      210       12590      13.5     20.8       1.590          3       0.4
         6      1972      211       14600      11.4     22.6       1.650        1.5         0
         6      1972      212       17290      13.4       22       1.640          3         0
         6      1972      213       14410      13.2     20.6       1.530        2.5       0.1
         6      1972      214       16200      12.4     21.3       1.540          2       0.2
         6      1972      215       13520      11.7       21       1.530        1.5       9.6
         6      1972      216       12470       9.1     19.5       1.390          5      10.4
         6      1972      217       16150       6.7     19.3       1.350        5.5       0.3
         6      1972      218       11450      11.6     18.7       1.550          5       0.2
         6      1972      219       24200      10.6     23.9       1.630          4         0
         6      1972      220       19250      14.1       28       1.900        3.5       1.4
         6      1972      221       14780      13.4     24.4       1.870        4.5         1
         6      1972      222       19850      10.9     19.9       1.410        4.5         0
         6      1972      223       19090       8.7     21.7       1.410          3       3.1
         6      1972      224       16920      10.3     20.7       1.420        2.5      10.7
         6      1972      225       23730       9.4     21.9       1.270        3.5       0.4
         6      1972      226       13350      13.2     22.1       1.770          3         0
         6      1972      227       14340      14.8     21.7       1.670          3         0
         6      1972      228        8150      13.4     18.9       1.520          4         0
         6      1972      229       11340         9     18.1       1.230          3         0
         6      1972      230       10180       8.8     19.6       1.510          5       3.4
         6      1972      231       18430       9.3     16.6       1.190          5      15.2
         6      1972      232       13230       9.1     17.2       1.290        5.5      10.3
         6      1972      233       22820       9.5     19.4       1.370        3.5       0.2
         6      1972      234       13180      12.1       17       1.300          6       0.1
         6      1972      235       11940      11.7       17       1.240        5.5         0
         6      1972      236       15450       7.7     18.7       1.180          3         0
         6      1972      237       17250      10.4     18.6       1.330        4.5       1.7
         6      1972      238        6140        10     16.6       1.440        3.5       0.5
         6      1972      239        7690      12.3     16.2       1.330          2       0.1
         6      1972      240       13430      10.6     19.7       1.370        2.5         0
         6      1972      241       21310       9.2     20.5       1.310          3         0
         6      1972      242       19590        10       21       1.230          3         0
         6      1972      243       20160      10.2     22.4       1.310        3.5         0
         6      1972      244       16460      10.6     20.3       1.350        3.5         0
         6      1972      245       18000       9.1     19.2       1.190          3         0
         6      1972      246       19580       7.9     18.6       1.130        3.5         0
         6      1972      247       14390       8.3     18.6       1.280        2.5         0
         6      1972      248       18920       8.8     18.6       1.200        2.5         0
         6      1972      249        8440       8.4     16.3       1.150          2         0
         6      1972      250       15100       8.2     20.5       1.290        1.5         0
         6      1972      251        9810       8.2       21       1.390        2.5         0
         6      1972      252       10090      10.4     17.6       1.270        2.5         0
         6      1972      253       12590      11.7     22.4       1.490        5.5        11
         6      1972      254        5330       8.6       14       1.170          4      10.3
         6      1972      255       10930       4.9     14.5       1.010          5       2.1
         6      1972      256       10920       6.9       15       1.080          4         0
         6      1972      257        5950       7.1     13.9       1.120        1.5         0
         6      1972      258       13100       7.3     16.3       1.080          3         0
         6      1972      259       14590       4.7       16       0.960          3       0.3
         6      1972      260       11090       6.9     14.9       1.050        4.5      10.7
         6      1972      261        7720         6     15.5       1.050        3.5         2
         6      1972      262        4830       3.3     15.7       1.100        1.5       2.8
         6      1972      263       10680       4.5     14.2       1.020          2         0
         6      1972      264       12400       2.6       16       0.970          1         0
         6      1972      265       12890       2.1       17       1.070        2.5         0
         6      1972      266        8130       7.1     17.4       1.240        3.5         0
         6      1972      267       12600       6.2     15.9       1.020        4.5         0
         6      1972      268       14670       3.4     16.5       0.950          3         0
         6      1972      269       10070       4.7     13.7       0.930          3       0.6
         6      1972      270        9560         6     15.5       1.040        3.5       0.5
         6      1972      271       10450       4.6     16.6       1.140          4       1.1
         6      1972      272        7030       5.2     14.5       1.010        3.5         0
         6      1972      273        4830         9     13.2       1.070        2.5       0.3
         6      1972      274        5540       9.1     15.5       1.080        1.5         0
         6      1972      275       13100       5.5       14       0.830        4.5         0
         6      1972      276       12830       3.3     14.8       0.720          4         0
         6      1972      277       12490       1.5     14.5       0.740        2.5         0
         6      1972      278       12040         1     14.1       0.670          2         0
         6      1972      279       11890      -0.4     16.5       0.700        1.5         0
         6      1972      280       11420       2.2     19.2       0.740        3.5         0
         6      1972      281       10040       4.3     20.4       0.960        1.5         0
         6      1972      282       10100       1.6     20.2       1.000          1         0
         6      1972      283        2940       1.4     10.5       1.040          1         0
         6      1972      284        4550       4.6     14.2       1.020        2.5         0
         6      1972      285        9180       1.4     14.7       1.000        2.5         0
         6      1972      286        4410       5.4     11.9       0.820        2.5         0
         6      1972      287        3190         3     11.6       0.900          2         0
         6      1972      288        5900      -0.3     12.4       0.870        1.5         0
         6      1972      289        3790      -0.3     12.6       1.000          2       0.2
         6      1972      290        6210       4.9       15       1.030          2         0
         6      1972      291        2810       3.3     11.5       1.000        1.5         0
         6      1972      292        7530      -2.9     11.3       0.660        4.5         0
         6      1972      293        5010      -4.5     10.7       0.730        3.5       2.2
         6      1972      294        5120       1.5      8.5       0.730          4       3.9
         6      1972      295        4060      -0.9      6.8       0.730          3       2.8
         6      1972      296        1640       4.5     11.2       0.980          5         5
         6      1972      297        1830       6.5     12.3       1.100          7         0
         6      1972      298        4470       5.4     11.3       0.940        4.5       0.2
         6      1972      299        7700       3.2     13.4       0.890          4         0
         6      1972      300        5920       1.1     11.6       0.920        2.5       0.1
         6      1972      301        4410       9.7       17       1.310          3       0.4
         6      1972      302        2060       4.4       13       1.160        4.5       0.3
         6      1972      303        4140       3.1     10.5       0.960        3.5         0
         6      1972      304        3290       4.9     11.6       0.950        3.5         0
         6      1972      305        2850       4.4     10.6       0.980        1.5         0
         6      1972      306        5680       1.8     12.3       0.980          3         0
         6      1972      307        1730       7.9     11.8       1.150          4         0
         6      1972      308        1430       9.3     10.7       1.130        4.5         0
         6      1972      309         940       8.8     12.5       1.250          4       3.5
         6      1972      310        1480      10.4     13.1       1.300        5.5       3.3
         6      1972      311        2610       9.1     13.7       1.310          5         1
         6      1972      312         680      10.7     12.7       1.390          6       3.8
         6      1972      313        2260       2.4     11.5       1.020        2.5       2.9
         6      1972      314        2790       3.6      9.7       0.850          6         0
         6      1972      315         730       4.1     11.1       0.970        8.5      12.7
         6      1972      316        5090       1.7      7.9       0.760        6.5       6.3
         6      1972      317        3060       2.2      7.8       0.770        6.5      14.5
         6      1972      318        2960       3.6       12       0.830         11      14.1
         6      1972      319        5200       0.3      7.6       0.690          4       2.1
         6      1972      320        3500      -0.1      5.7       0.670          6      11.3
         6      1972      321        3030         0      5.3       0.670          6       1.8
         6      1972      322        1840      -1.6      4.6       0.660          4       0.4
         6      1972      323        4050      -4.3        5       0.630          3       3.9
         6      1972      324        1640      -4.2      2.5       0.580          5       0.1
         6      1972      325         680       1.2      8.3       0.870          6       9.8
         6      1972      326        1690         4      8.4       0.870        7.5       3.8
         6      1972      327        3810       2.6      9.3       0.830          6       3.2
         6      1972      328        3100       0.7      6.5       0.690        4.5       2.2
         6      1972      329        1640      -2.9      5.3       0.670          2       0.3
         6      1972      330        3610      -5.2      4.7       0.610        3.5       0.7
         6      1972      331        1040       0.3      3.6       0.680        4.5         0
         6      1972      332        1320       3.2      6.6       0.800          7       0.1
         6      1972      333         580       2.3      4.8       0.720          8       0.3
         6      1972      334        3060       2.4      7.2       0.780        8.5       1.6
         6      1972      335        1180         4      7.2       0.840          7         3
         6      1972      336        2200       4.2        9       0.890        7.5         0
         6      1972      337        1390       7.2     10.7       0.990        7.5         0
         6      1972      338        1630       3.7      8.6       0.870        4.5       0.3
         6      1972      339        2410       2.5      8.2       0.800        7.5         0
         6      1972      340        1910         4     10.2       0.880         10       4.4
         6      1972      341         770       8.5     11.5       1.040       10.5       2.2
         6      1972      342        1490       2.6      9.3       0.890        6.5       2.6
         6      1972      343        1580       1.4      6.6       0.760          5       0.4
         6      1972      344         650       1.4      6.1       0.760        4.5       1.1
         6      1972      345        1190       2.7      8.1       0.910        6.5       2.1
         6      1972      346        3360       1.3      7.2       0.730        6.5       0.8
         6      1972      347        1740       2.8      6.9       0.790        6.5       0.6
         6      1972      348         540         6     10.8       1.110        7.5       0.8
         6      1972      349         580       9.3     10.6       1.190          4       0.5
         6      1972      350         660       0.7      9.8       1.040          3       0.1
         6      1972      351        2130      -1.6      4.9       0.610          3         0
         6      1972      352        1980      -0.8      7.4       0.670          1         0
         6      1972      353         920      -0.8      3.6       0.680        2.5         0
         6      1972      354         710      -0.7      3.8       0.660          3         0
         6      1972      355        2800        -3        3       0.570          2         0
         6      1972      356        2410      -4.6      0.6       0.500          1         0
         6      1972      357        2660      -6.3     -0.4       0.430          1         0
         6      1972      358         430      -5.1     -0.9       0.450          4       0.1
         6      1972      359         260      -1.5      0.7       0.590          4         2
         6      1972      360        3020      -3.1      0.8       0.520          3         0
         6      1972      361        1700      -3.2      2.1       0.480        4.5         0
         6      1972      362        2090      -3.1      2.4       0.470          5         0
         6      1972      363        1680      -1.7      5.6       0.560        3.5         0
         6      1972      364        3120      -6.5      1.6       0.450          2         0
         6      1972      365        3530      -8.6     -0.5       0.320        2.5         0
         6      1972      366        4740       -11     -0.3       0.340        1.5         0
