* Country: Netherlands
* Station: Eelde
* Year: 1990
*  Source: Weather data and coordinates from
*  Eelde (KNMI)
*  Author: J. W. Steenhuizen PRI Wageningen
*  Longitude: 235.030 Amersfoortse coordinates
*  Latitude: 571.460
*  Elevation: 4.0 m.
*  Comments: For internal use only
*  Columns:
*  ========
*  station number
*  year
*  day
*  irradiation (kJ m-2 d-1)
*  minimum temperature (degrees Celsius)
*  maximum temperature (degrees Celsius)
*  vapour pressure (kPa)
*  mean wind speed (m s-1)
*  precipitation (mm d-1)
*--------------------------------------------------------------------------*
   6.35 53.08 4.0 0.00 0.00
       6    1990        1        400     -2.5     -1.6     0.490        2          0
       6    1990        2       1440     -2.2      0.3     0.530        2          0
       6    1990        3       1020     -0.7      0.8     0.550      3.5          0
       6    1990        4       1090     -2.2      1.6     0.570        4          0
       6    1990        5        270      1.6      4.1     0.770        4        1.6
       6    1990        6       2950      0.5      5.1     0.710      4.5        0.7
       6    1990        7        890      1.7      5.4     0.790        5        0.3
       6    1990        8        370      3.6      6.7     0.890      4.5        0.2
       6    1990        9       1150      3.8      7.7     0.940        5        0.3
       6    1990       10        570      5.7      7.6     0.970        7        0.1
       6    1990       11        580      6.4      8.6     1.020      8.5        0.9
       6    1990       12       3380      2.6      6.6     0.770      4.5          0
       6    1990       13        440      1.4      3.2     0.720        4        0.1
       6    1990       14       1460     -0.1      2.5     0.670        4          0
       6    1990       15        380      1.5     10.9     1.020      9.5        1.7
       6    1990       16        630      9.4     11.3     1.150        9        0.4
       6    1990       17       3260      5.2      9.9     0.840       11        0.1
       6    1990       18       3370      2.3      7.8     0.740      6.5          0
       6    1990       19       1330      2.4      6.6     0.830      7.5        6.6
       6    1990       20       2140      4.4      8.1     0.900      6.5          0
       6    1990       21        810      8.1     10.1     1.160        7        0.6
       6    1990       22        460      7.4      9.4     1.040      6.5        1.4
       6    1990       23        360      6.4     10.2     1.030      8.5        9.9
       6    1990       24       1380      1.4      6.5     0.720        7        2.7
       6    1990       25        540      3.4       11     0.880     11.5       12.6
       6    1990       26       3790      2.7      7.3     0.670       12        2.4
       6    1990       27       3540      2.3      7.1     0.780        7        1.6
       6    1990       28        770      3.5      9.7     0.780       10        1.2
       6    1990       29       4040      1.8        8     0.760      6.5          0
       6    1990       30       3030      4.6      9.2     0.840      7.5        1.1
       6    1990       31       2040      8.5     11.5     0.910      8.5        0.5
       6    1990       32       2890        7     10.5     0.900      6.5          0
       6    1990       33       3530      5.3      8.9     0.850        9        3.1
       6    1990       34       1050      4.8      7.1     0.880        7       19.9
       6    1990       35       4890      3.5      9.4     0.840        7          0
       6    1990       36       6230      3.8     12.1     0.800        6          0
       6    1990       37       5970      3.6     11.6     0.830        5          0
       6    1990       38       1100        8     14.4     1.100       11        5.5
       6    1990       39       2150      5.9     14.2     0.970       12        8.7
       6    1990       40       5440      2.8      9.1     0.830      6.5          0
       6    1990       41       4540      2.3      9.8     0.740      6.5        1.9
       6    1990       42       4810      2.9      8.1     0.750      8.5          4
       6    1990       43       2310      1.6      5.9     0.720        9        6.7
       6    1990       44       5610      0.8      6.7     0.710        6          5
       6    1990       45       2300      2.9      6.6     0.770        8        4.1
       6    1990       46       2510      1.6      4.8     0.730        5        3.5
       6    1990       47       6980     -0.2      6.9     0.660      5.5          0
       6    1990       48       3250     -0.5      8.4     0.760      5.5          0
       6    1990       49       4130        3        9     0.950        4        2.9
       6    1990       50       6170      4.7     14.6     1.110      6.5          0
       6    1990       51       3140     11.6     15.2     1.280        8          0
       6    1990       52       4040      5.1     13.6     1.010        7        0.9
       6    1990       53       8130      3.6     13.4     0.840      4.5          0
       6    1990       54       8950      2.4     14.1     0.890      3.5          0
       6    1990       55       7080        7     14.6     1.110        7          0
       6    1990       56       5760      6.1     11.1     0.970      8.5        5.3
       6    1990       57       3940      3.2     10.8     0.860       15        9.5
       6    1990       58       4740      1.5      6.7     0.700       12          2
       6    1990       59       3230      0.2      6.5     0.690        9        5.5
       6    1990       60       3640      0.5      4.6     0.670        7        3.4
       6    1990       61       8580      0.1      5.4     0.610        6          2
       6    1990       62       5930      1.3      8.9     0.780        6        1.2
       6    1990       63       3830      5.7      9.3     0.850        9          0
       6    1990       64       2880      7.1      8.9     0.960     11.5        2.8
       6    1990       65       1530        7      9.1     0.970       11          2
       6    1990       66       3300      8.3     11.4     1.090        8          0
       6    1990       67       3290      4.7      9.4     0.930        6          0
       6    1990       68       8580        5      8.8     0.780     10.5        2.5
       6    1990       69       2290      4.4     11.3     1.020        7        4.9
       6    1990       70       8150      8.1     12.6     1.100      9.5          0
       6    1990       71       9550      0.4     10.2     0.820      5.5          0
       6    1990       72       9030     -1.1      9.3     0.780      2.5          0
       6    1990       73      12890      3.7     12.1     0.920        4        0.2
       6    1990       74      13040      3.4     13.2     0.860      4.5          0
       6    1990       75      13460      2.5     15.5     0.860        4          0
       6    1990       76      13060      2.7     18.8     0.950      2.5          0
       6    1990       77      13740      2.8     20.9     0.850        3          0
       6    1990       78       4880      9.4     15.1     1.100        7        3.5
       6    1990       79       8920      4.3     12.1     0.920        4        0.8
       6    1990       80       3530      7.9     13.1     1.180        8          0
       6    1990       81      10860        5     12.2     0.910        7          0
       6    1990       82      10400      4.9     11.5     0.830        8          0
       6    1990       83       2930      2.8     10.3     0.870        8        7.3
       6    1990       84      10830      1.3      9.1     0.730        7          4
       6    1990       85      12350      1.2     10.8     0.790        6          2
       6    1990       86      11780     -0.3      8.4     0.670      2.5          0
       6    1990       87       9240     -0.6        9     0.680        3          0
       6    1990       88      15530     -1.3     10.5     0.700      2.5          0
       6    1990       89      12950        3     14.3     0.920        3          0
       6    1990       90      17350      2.5     17.7     1.050        2          0
       6    1990       91      17080      4.5     20.2     1.010      2.5          0
       6    1990       92      15050      5.2     20.3     0.990      5.5        0.2
       6    1990       93      10940      0.9     10.1     0.770        7          5
       6    1990       94      10940     -1.7      7.2     0.610        5        2.1
       6    1990       95      12440       -3      7.7     0.580        2          1
       6    1990       96      18920     -3.8     10.5     0.540        3          0
       6    1990       97      18230     -0.9     10.7     0.620        5          0
       6    1990       98      20350      0.9      9.3     0.530        5          0
       6    1990       99      20700     -3.3      7.9     0.440        3          0
       6    1990      100       8840     -4.4     11.6     0.760      5.5        5.6
       6    1990      101      14280      5.3     10.8     0.850      6.5          0
       6    1990      102       4870      4.6     12.2     1.060        3        1.2
       6    1990      103      11220      5.3     15.6     1.020        4          0
       6    1990      104      11250        5     11.6     0.850        5        1.5
       6    1990      105       7600      3.7      9.3     0.810      6.5       17.9
       6    1990      106      13900      3.6     10.1     0.780        5        3.1
       6    1990      107      13640      1.4      9.3     0.740        4        1.5
       6    1990      108      15030      1.2     12.1     0.740        4        2.8
       6    1990      109      17030      0.9     12.4     0.780        4          0
       6    1990      110       6230      4.4     13.3     1.030      5.5        1.7
       6    1990      111      18510      5.8     17.3     1.170      5.5          0
       6    1990      112      19410      7.1       18     1.140        5          0
       6    1990      113      19100      6.3     16.6     1.030        6          0
       6    1990      114      19390      5.2     15.1     1.010      5.5          0
       6    1990      115      18720      4.9     16.7     0.950      4.5          0
       6    1990      116      13390      1.6     17.1     0.990        5          4
       6    1990      117      16310      3.3     10.5     0.800      6.5          3
       6    1990      118      16510      1.1     11.8     0.760      3.5          0
       6    1990      119      15150      7.4     18.3     1.190      3.5          0
       6    1990      120      22730      4.2       19     1.210      2.5          0
       6    1990      121      24410        3     18.3     1.150        3          0
       6    1990      122      24060        8     25.7     1.300        3          0
       6    1990      123      25150       11     24.3     1.130        3          0
       6    1990      124      24340     10.1     25.7     1.200        3          0
       6    1990      125      23970     10.6     27.1     1.230        2          0
       6    1990      126      23620      9.1     28.8     1.190        2          0
       6    1990      127      20980      7.4     24.5     1.310        3          0
       6    1990      128      22910      7.9     20.6     1.260      2.5          0
       6    1990      129      16470      7.4       24     1.390      2.5        3.9
       6    1990      130      12180      8.5     17.9     1.270        2       20.7
       6    1990      131      11010      7.4     12.8     1.080        4        1.1
       6    1990      132       5860      7.9     13.4     1.140        2        4.3
       6    1990      133      10020        5     14.1     1.180        3          3
       6    1990      134       6150      5.9       14     1.140      4.5        0.5
       6    1990      135      21160      4.3     19.5     1.170      2.5          0
       6    1990      136      22660      9.2       19     1.330        5        0.9
       6    1990      137      13850      8.6     14.8     1.100      4.5          0
       6    1990      138      10070      8.2     12.5     0.920        3          0
       6    1990      139      20180      7.5       16     0.920        3          0
       6    1990      140      23460      8.7     21.6     1.010        3          0
       6    1990      141      24410      7.2     19.2     1.100      4.5          0
       6    1990      142      21150      3.1     15.6     0.920        3          0
       6    1990      143      27380      1.4     18.5     0.980        2          0
       6    1990      144      22070      3.1     17.6     0.980        4          0
       6    1990      145      21650      2.5     14.7     0.810      4.5          0
       6    1990      146      17100      0.9     14.6     0.810      3.5          0
       6    1990      147      20850      0.4     16.8     0.910        4          0
       6    1990      148      19040      2.6     14.8     0.880        4        0.7
       6    1990      149      28200      0.7     18.4     0.860        2          0
       6    1990      150      14890      6.3     19.5     1.040      1.5          0
       6    1990      151      17670      8.8     20.4     1.330      2.5          0
       6    1990      152      20000      7.3     24.7     1.330        2          0
       6    1990      153      15040     10.2     18.2     1.360        5        8.3
       6    1990      154      11770     10.1     16.6     1.420      4.5        3.8
       6    1990      155       5480      8.2     13.1     1.320      5.5       12.8
       6    1990      156      14170        6       19     1.240      2.5          0
       6    1990      157      15750     10.5     18.6     1.350        3        1.1
       6    1990      158      11660     10.4       18     1.380      2.5        2.3
       6    1990      159      13060      6.1     17.9     1.160      1.5          2
       6    1990      160      18820      3.6     17.3     1.170      2.5        0.1
       6    1990      161       8430     11.1     15.1     1.330        5          0
       6    1990      162       5900     10.6     13.6     1.270      3.5          0
       6    1990      163       5030      8.7     13.8     1.230        2          0
       6    1990      164      10070      8.6     15.9     1.210      2.5          0
       6    1990      165       9350       10       15     1.170        2          0
       6    1990      166       8300     10.2     14.6     1.160      1.5          0
       6    1990      167      15350      7.4     15.5     1.160        2          0
       6    1990      168      20130      8.8     20.2     1.260      1.5          0
       6    1990      169      20430      9.9     22.4     1.380      2.5          0
       6    1990      170      13270     14.1     22.7     1.670        3        4.2
       6    1990      171      10050     14.6     20.3     1.710        2        0.1
       6    1990      172      20560     11.9     20.1     1.280        5        0.5
       6    1990      173      12090     11.5     16.7     1.370      5.5       13.2
       6    1990      174      19490     11.4     19.7     1.380        6        4.2
       6    1990      175      22480      9.4     21.2     1.380        4          0
       6    1990      176       6040     13.7     18.8     1.750      4.5        1.8
       6    1990      177      20430       13     25.3     1.870      2.5          0
       6    1990      178      16410     15.9     24.7     2.060        2        8.7
       6    1990      179      20950      9.2     20.4     1.600        5          8
       6    1990      180      21330      7.6     22.3     1.400      2.5          0
       6    1990      181      17080     13.2     24.5     1.860        3        3.4
       6    1990      182      19150     12.2     18.9     1.510      6.5        4.1
       6    1990      183      16770      9.1     16.3     1.250        6        4.6
       6    1990      184      19710      6.4     18.3     1.110      1.5          0
       6    1990      185      15920      5.5       19     1.200      3.5        0.2
       6    1990      186      11910     12.2     18.2     1.430      6.5        9.4
       6    1990      187       5290      8.1     13.3     1.250        8        5.3
       6    1990      188       7210      6.6     15.6     1.420      3.5        0.9
       6    1990      189       4440       15     18.2     1.850      5.5        0.8
       6    1990      190      11880     11.1     17.4     1.390      6.5        0.4
       6    1990      191      15970     10.4     17.4     1.330      6.5        1.3
       6    1990      192      23920      7.7     20.9     1.440        5          0
       6    1990      193      25820      9.8     21.8     1.470      3.5          0
       6    1990      194      26510      7.9     19.8     1.110        3          0
       6    1990      195      27700      4.4     20.7     1.230      2.5          0
       6    1990      196      28200      9.4     25.2     1.330        2          0
       6    1990      197      17480     10.3     23.7     1.490      3.5          0
       6    1990      198       6960     13.1     16.5     1.500      5.5        0.8
       6    1990      199       9490     12.6     16.7     1.380        5          0
       6    1990      200      25420     10.7     21.6     1.380        4          0
       6    1990      201      24660     10.1     26.5     1.570        3          0
       6    1990      202      22780     10.5     21.1     1.490      3.5          0
       6    1990      203      20930      8.9       19     1.220        4          0
       6    1990      204      17530      8.9     18.6     1.240        5          0
       6    1990      205       7360       12     15.8     1.240      3.5          0
       6    1990      206       9830      9.5     17.9     1.350        2          0
       6    1990      207      21670      9.2     24.6     1.680        3          0
       6    1990      208      25450     13.2     27.7     1.530        3          0
       6    1990      209      18570     15.6     28.1     1.660        3        2.4
       6    1990      210      14530       14     23.7     1.780      1.5        6.7
       6    1990      211      24840     10.8       27     1.670        2          0
       6    1990      212      23320     15.3     26.7     1.930      2.5          0
       6    1990      213      24600       14     25.9     1.690      2.5          0
       6    1990      214      25520     11.6     30.1     1.600      2.5          0
       6    1990      215      24980     13.9     33.4     1.540        2          0
       6    1990      216      21870     13.5     34.1     1.700      2.5          0
       6    1990      217      16490      9.4     22.9     1.570        4          0
       6    1990      218      16470      8.1     19.3     1.240        4        2.1
       6    1990      219      20180        6     20.2     1.220      2.5        0.1
       6    1990      220      11290      6.3     20.7     1.390      3.5          0
       6    1990      221       9770     14.4     23.9     1.770        3        0.4
       6    1990      222      10390     11.6     21.8     1.620        4          0
       6    1990      223      18780     11.2     27.5     1.660        3          0
       6    1990      224      17270     11.2     28.9     1.540        2          0
       6    1990      225      20740     11.9     29.1     1.670        3        0.1
       6    1990      226      17590     11.5     25.4     1.620        3          0
       6    1990      227      13270     11.3     24.9     1.670      4.5        1.3
       6    1990      228      16330       11     21.2     1.450      6.5        1.4
       6    1990      229       9550      9.6     17.4     1.330        5       19.1
       6    1990      230       7350      7.6     16.8     1.340      2.5          6
       6    1990      231      15640      5.1       20     1.400      3.5        5.9
       6    1990      232      12070     12.4     17.3     1.430      8.5       11.7
       6    1990      233       4620     11.8     17.3     1.430      7.5        3.3
       6    1990      234      10270     11.3     19.8     1.620      3.5          0
       6    1990      235      16200     10.8     20.6     1.540      2.5          0
       6    1990      236      20470      9.7     23.8     1.330        2          0
       6    1990      237      18950     11.6     24.4     1.570      2.5          0
       6    1990      238      10000     11.8     22.3     1.760        2          0
       6    1990      239      17930     11.5     25.6     1.710      1.5          0
       6    1990      240      16810     11.8     28.2     1.830        1          0
       6    1990      241      16130     11.9     29.9     1.940        1          0
       6    1990      242       5250      9.4     20.3     1.760        3        2.7
       6    1990      243       6050      8.7     18.5     1.410        1        4.7
       6    1990      244       6360     12.1     17.4     1.610      2.5          5
       6    1990      245       3840     11.3     17.8     1.670      2.5        4.1
       6    1990      246       3410     12.8     18.7     1.790      1.5       14.9
       6    1990      247       7970      9.4     18.3     1.470      3.5       21.6
       6    1990      248      13400        8     17.3     1.210        3        0.2
       6    1990      249       4540      9.3     16.2     1.300        4        5.2
       6    1990      250       9470      8.2     16.6     1.270        3        0.4
       6    1990      251       9090      8.9     16.8     1.360        4       13.4
       6    1990      252       8780       10     16.6     1.340        4        0.5
       6    1990      253       5740      8.2     16.2     1.390      4.5        4.4
       6    1990      254       9920      6.4     19.7     1.380        2        3.6
       6    1990      255      11100      7.8     18.5     1.340        2        0.3
       6    1990      256      13840      6.7       18     1.250        2          0
       6    1990      257      12820      5.5     18.1     1.290      2.5          0
       6    1990      258       6190      8.8     14.5     1.140      3.5          0
       6    1990      259      16600      5.5     18.5     1.100      1.5          0
       6    1990      260       6290      8.9     15.5     1.230        3        4.2
       6    1990      261       7000      4.9     15.9     1.300        5        2.7
       6    1990      262       5110      8.1     15.8     1.320        7       16.5
       6    1990      263       6710      7.1     12.5     1.090        6        5.6
       6    1990      264      10910      7.2       13     1.000        9          9
       6    1990      265       5600      6.9     12.7     1.090      4.5        1.6
       6    1990      266       8900      7.4     15.8     1.230        3        6.4
       6    1990      267       8110        8       14     1.170        6        3.1
       6    1990      268       8520      7.6     14.3     1.150        4        0.4
       6    1990      269       7940      5.7     13.7     1.080        3        1.4
       6    1990      270       6950      4.3     13.1     1.040        3        0.4
       6    1990      271       7450      7.6     15.4     1.210        5          0
       6    1990      272       9120      8.7       18     1.240        4          0
       6    1990      273       3750     11.7     18.9     1.720      4.5        9.6
       6    1990      274      10710      7.5     16.3     1.280      3.1          0
       6    1990      275       8200      8.8     17.1     1.310      3.3          0
       6    1990      276       8770     10.3     19.7     1.500      4.5        7.4
       6    1990      277      10690      8.6     14.6     1.190      5.5          1
       6    1990      278       2020      8.3     16.6     1.420      7.6        8.4
       6    1990      279       5000     12.4     17.3     1.560     10.1        0.1
       6    1990      280       9010      6.6     13.8     1.050      7.7        2.9
       6    1990      281       6550      5.6     11.8     0.990      4.1        0.4
       6    1990      282       5870      7.8     12.8     1.100        7          0
       6    1990      283       2890     10.9     14.9     1.440      6.5          0
       6    1990      284       4350      8.3     15.9     1.410      5.2          0
       6    1990      285       9760      5.3     20.5     1.230      1.7          0
       6    1990      286       7460      7.9     22.1     1.410        2          0
       6    1990      287       6880     11.7     22.1     1.660      1.8          0
       6    1990      288       6490     12.5     23.6     1.680        3          0
       6    1990      289       8140      6.7     18.8     1.430      3.5          0
       6    1990      290       2380      7.8     14.7     1.440      3.1        0.7
       6    1990      291       4140     12.5     17.9     1.530      2.4          0
       6    1990      292       3990      9.2     17.1     1.410      1.6          0
       6    1990      293       1990      9.9     14.1     1.360      3.4          0
       6    1990      294       8920      3.8     11.1     0.840      4.7          0
       6    1990      295       8660        3     10.9     0.700      4.9          0
       6    1990      296       8510      1.4     13.9     0.630      3.6          0
       6    1990      297       7420     -0.2     13.6     0.740      2.3          0
       6    1990      298       6120      2.8     16.5     1.070        2          0
       6    1990      299       5980      6.9     15.9     1.170      3.4        0.2
       6    1990      300       4250        6     11.6     1.040      5.6        0.2
       6    1990      301       1130        8     11.5     1.120      6.3        7.7
       6    1990      302       3390      4.5     10.4     0.910      5.5        9.6
       6    1990      303       4070      2.5       10     0.980      4.8        9.6
       6    1990      304       3790        7       11     1.030      6.8        3.8
       6    1990      305       3300      4.1     11.6     0.990        6        5.6
       6    1990      306       4510      2.7     10.3     0.950      3.5          4
       6    1990      307       2810        1      8.3     0.830      3.5        3.6
       6    1990      308       2500      0.3      7.5     0.800      2.5       10.4
       6    1990      309       5150     -1.2      7.9     0.720        2          0
       6    1990      310       2600     -2.7      8.4     0.850      2.5          0
       6    1990      311       2000      6.4      9.4     1.030      2.5          0
       6    1990      312       3650      0.8     13.3     0.920      1.5          0
       6    1990      313       5470     -0.1      8.3     0.740      2.5          0
       6    1990      314       2020     -0.6      7.6     0.800      2.5          0
       6    1990      315       1070      7.6     11.5     1.220        3       12.2
       6    1990      316       2390      6.5     11.8     1.130      1.5        0.2
       6    1990      317        670        8     11.5     1.200      4.5        2.5
       6    1990      318       1900      7.9     11.6     1.260        4        1.6
       6    1990      319       2180      7.1       12     1.140      3.5        4.2
       6    1990      320       1040      9.2     13.7     1.320      8.5        1.9
       6    1990      321       1020      5.5     12.5     1.010        5       10.8
       6    1990      322       3150      5.8      9.4     0.890      8.5       12.4
       6    1990      323       3100      3.6      8.8     0.810        6        5.3
       6    1990      324       1170      2.9      7.7     0.820      4.5         11
       6    1990      325       1970     -1.3      7.8     0.740      2.5        6.6
       6    1990      326       3650     -1.4      4.3     0.650      2.5          0
       6    1990      327       1040        1      2.9     0.680        3          2
       6    1990      328       2450     -0.2      4.7     0.670        5        1.6
       6    1990      329       2650      0.7      4.8     0.690        4          1
       6    1990      330        750      0.2      3.3     0.700      2.5          9
       6    1990      331       1350      0.1      5.8     0.720        2          0
       6    1990      332       3740     -3.3      5.6     0.630        1          0
       6    1990      333        780     -3.7      8.1     0.780      3.5        3.6
       6    1990      334       1930     -3.5      4.4     0.590        2          0
       6    1990      335       1550     -0.5      7.2     0.820      3.5        1.8
       6    1990      336       1950      4.6      7.7     0.950      3.5        0.8
       6    1990      337       1600      6.1        9     0.990        5        0.4
       6    1990      338       2400      2.2      7.4     0.790      5.5        2.3
       6    1990      339       2900     -1.8      8.9     0.630        2          0
       6    1990      340       1700     -0.5      6.1     0.760      3.5          0
       6    1990      341       1600     -0.2      4.7     0.640      5.5          0
       6    1990      342       1450     -1.4      1.9     0.480        4          0
       6    1990      343       1550     -2.6      0.2     0.490        5          0
       6    1990      344       1400     -1.4      3.9     0.610      9.5          0
       6    1990      345        850      2.3      4.4     0.710        5        2.2
       6    1990      346       1440      3.6      6.6     0.780      8.5       12.7
       6    1990      347        990      2.4      5.3     0.730      6.5        0.4
       6    1990      348       1440     -2.8      3.1     0.600        2          0
       6    1990      349        710     -2.1      6.6     0.720      3.5        0.3
       6    1990      350        730     -4.3      2.6     0.610      1.5          0
       6    1990      351       2720     -3.1      1.4     0.560      1.5          0
       6    1990      352        540     -0.7     -0.1     0.530      2.5          0
       6    1990      353        340     -0.9      1.8     0.580      2.5        0.3
       6    1990      354       1160      1.1      6.5     0.780        6       12.4
       6    1990      355       1490      0.7      6.2     0.770        3        0.8
       6    1990      356        670      2.6      9.1     0.960        4        0.2
       6    1990      357        800      5.8      8.6     0.930      4.5          0
       6    1990      358        540      5.4      6.9     0.870      3.5          0
       6    1990      359        940      4.7      6.3     0.800      7.5          3
       6    1990      360       1290      3.2      7.7     0.800      8.5       10.4
       6    1990      361       2130      3.1      7.4     0.730      9.5          2
       6    1990      362       1850      0.8      7.2     0.730      7.5        8.2
       6    1990      363        960      3.8      9.6     0.950      7.5       12.7
       6    1990      364       3140        3      7.1     0.780        7          0
       6    1990      365       2440      1.5      6.2     0.760        5        0.3
