* Country: Netherlands
* Station: Eelde
* Year: 1974
*  Source: Weather data and coordinates from
*  Eelde (KNMI)
*  Author: J. W. Steenhuizen PRI Wageningen
*  Longitude: 235.030 Amersfoortse coordinates
*  Latitude: 571.460
*  Elevation: 4.0 m.
*  Comments: For internal use only
*  Columns:
*  ========
*  station number
*  year
*  day
*  irradiation (kJ m-2 d-1)
*  minimum temperature (degrees Celsius)
*  maximum temperature (degrees Celsius)
*  vapour pressure (kPa)
*  mean wind speed (m s-1)
*  precipitation (mm d-1)
*--------------------------------------------------------------------------*
   6.35 53.08 4.0 0.00 0.00
       6      1974          1         1010          -3.8         0.3      0.540          3          0
       6      1974          2          690          -2.2           0      0.500        4.5          0
       6      1974          3         2800          -0.9         2.9      0.580          4          0
       6      1974          4         1120          -1.8         3.4      0.610          4          0
       6      1974          5         2080           1.8         6.2      0.710        5.5          0
       6      1974          6         1190             4         7.8      0.850          4        3.6
       6      1974          7         1090           3.3         6.7      0.860          6       10.3
       6      1974          8         1420           1.2         5.1      0.740          6        1.5
       6      1974          9         2950           1.1         5.2      0.710          4        0.1
       6      1974         10          630           1.9         4.2      0.720          5        3.1
       6      1974         11         1030           3.7         9.4      0.860          9        2.9
       6      1974         12         1140           3.8         9.6      0.920        5.5          0
       6      1974         13         1330           5.2        10.3      0.910        6.5        1.7
       6      1974         14         2400           3.1         9.9      0.940        6.5          2
       6      1974         15          530           5.7        11.3      1.080       11.5          7
       6      1974         16          650           3.1          10      0.830          8        9.5
       6      1974         17         2870           4.8         7.6      0.830       11.5        4.9
       6      1974         18          910           7.1         9.4      1.020        8.5        4.6
       6      1974         19         3550           6.2         9.3      0.950          9          0
       6      1974         20         2050           4.2         7.7      0.810          5          0
       6      1974         21         1000           3.1         4.9      0.720          4          0
       6      1974         22          450           0.7         3.6      0.660        3.5        0.2
       6      1974         23         1100           2.4         9.4      0.910        5.5        1.9
       6      1974         24         1560           3.1         7.4      0.890        6.5        2.4
       6      1974         25         1910           2.1         6.4      0.820        4.5          0
       6      1974         26         4540           1.8           8      0.730          5          0
       6      1974         27         1430           0.9         7.7      0.740        5.5        1.1
       6      1974         28         1170           2.9         6.8      0.760          7          2
       6      1974         29         1490           0.9         6.5      0.810        4.5        5.2
       6      1974         30         4750           1.1         7.4      0.690        6.5          0
       6      1974         31         2090           3.3         8.7      0.820          5        0.6
       6      1974         32         3540           1.2          10      0.840        4.5          0
       6      1974         33         5490           3.8         9.2      0.790        6.5          0
       6      1974         34         5890          -0.3         8.2      0.690          4          0
       6      1974         35         4530          -0.5           7      0.650        4.5          0
       6      1974         36         2710           3.1         6.4      0.770        4.5        0.6
       6      1974         37         1190          -0.7         3.2      0.680          3        1.8
       6      1974         38         4670          -0.5         5.2      0.660        5.5        3.8
       6      1974         39         3780           0.6         9.6      0.700          7        4.8
       6      1974         40          770           6.3        10.4      1.020         12       11.4
       6      1974         41         2590           5.3        11.3      0.980        9.5        1.2
       6      1974         42         2170             9        12.3      1.000         11        3.9
       6      1974         43         5170           2.7        11.5      0.850        7.5        0.5
       6      1974         44         6610             0        10.3      0.780        2.5          0
       6      1974         45         1870             0         6.7      0.740          4        0.2
       6      1974         46         4250           0.9         8.1      0.690          6          0
       6      1974         47         7110           1.9        11.4      0.820        3.5          0
       6      1974         48         2110           0.6         5.6      0.770        3.5          0
       6      1974         49         1790             3         5.3      0.780          4          0
       6      1974         50         1770           1.9         4.1      0.630        6.5          0
       6      1974         51         6160          -3.6         5.8      0.550          2          0
       6      1974         52         1460             1         6.5      0.820          6        0.1
       6      1974         53         1650             3         8.5      0.920          5        5.9
       6      1974         54         6560           0.9         7.9      0.720        5.5          0
       6      1974         55        10220          -3.3         7.5      0.620        3.5          0
       6      1974         56         4770          -4.1         4.1      0.600          1          0
       6      1974         57         6610          -0.1         6.5      0.590        3.5          0
       6      1974         58         8440          -1.3         4.6      0.460          6          0
       6      1974         59         8520          -1.9         4.6      0.520        4.5          0
       6      1974         60         8650          -2.5         5.7      0.550        4.5          0
       6      1974         61         2610          -0.8           2      0.630          2        2.5
       6      1974         62         8780          -0.5         8.3      0.660          3        0.9
       6      1974         63         3840          -2.2         4.9      0.610          5          0
       6      1974         64         1850           1.1         4.1      0.690        3.5        3.9
       6      1974         65         3400           0.1           4      0.720        2.5          0
       6      1974         66         3390          -1.3         4.1      0.620          3          0
       6      1974         67         6610          -2.1         4.4      0.550          6          0
       6      1974         68         4920          -0.1         4.5      0.510          7          0
       6      1974         69        11280          -0.8         6.2      0.500        6.5          0
       6      1974         70         6940          -0.7         7.6      0.580        5.5          0
       6      1974         71         4380           1.1         8.7      0.780        3.5        4.3
       6      1974         72         6280           0.1           8      0.750        2.5        0.2
       6      1974         73         6260             0         7.1      0.720          2          0
       6      1974         74         7980          -0.2         7.7      0.690          5        0.2
       6      1974         75         1990           2.6           8      0.930         10       17.1
       6      1974         76        11420           5.5        10.9      0.880        7.5        0.3
       6      1974         77         5100           4.3        10.5      0.910          7        7.3
       6      1974         78        10720           2.5        12.2      0.880          5          0
       6      1974         79         5340           3.9        10.5      0.930        2.5        7.5
       6      1974         80        10040           0.8        11.9      0.890        3.5        0.1
       6      1974         81         5970           2.3         8.2      0.840        5.5          0
       6      1974         82        13300           3.2        12.4      0.780          9          0
       6      1974         83        11720             2        10.4      0.790          6          0
       6      1974         84        13100           3.5        13.6      0.850          5          0
       6      1974         85        13560           4.2        15.9      0.940          5          0
       6      1974         86        13130           4.4        15.1      0.940          4          0
       6      1974         87        13410           3.8        17.7      0.870        4.5          0
       6      1974         88        12410           3.3          16      0.880          4          0
       6      1974         89        16750           0.4        12.6      0.810          4          0
       6      1974         90        15870           2.1        13.5      0.850          6          0
       6      1974         91        13680           2.5        16.2      0.930        4.5          0
       6      1974         92        12700           4.6          19      0.990          3          0
       6      1974         93        14780           4.7          20      0.970        3.5          0
       6      1974         94        15790           3.3        16.8      0.940          5          0
       6      1974         95        17230           1.9          16      0.830          6          0
       6      1974         96        17520           1.7        17.2      0.860          5          0
       6      1974         97        18320           3.3        17.7      0.970        4.5          0
       6      1974         98        19570           3.7          18      0.850        3.5          0
       6      1974         99        18980             2        16.2      0.890        3.5          0
       6      1974        100        17670           0.7        22.2      0.840        2.5          0
       6      1974        101        16190           2.9          15      0.920        3.5          0
       6      1974        102         5560           1.6         7.8      0.760          6          0
       6      1974        103        21720          -0.2        11.1      0.520          7          0
       6      1974        104        21230          -1.5        10.8      0.640          5          0
       6      1974        105        19700           3.8        12.1      0.840          8          0
       6      1974        106        22000           0.7        13.1      0.700          5          0
       6      1974        107        21680           0.8        13.3      0.760        4.5          0
       6      1974        108        16910           1.2        11.4      0.870        4.5          0
       6      1974        109        15880          -2.3        14.4      0.750        2.5          0
       6      1974        110         9120          -3.4        10.1      0.770        5.5          0
       6      1974        111         7450          -0.5        10.8      0.840        3.5          0
       6      1974        112        13190          -1.2        10.4      0.780        4.5          0
       6      1974        113        13080          -1.8        11.3      0.770          6        0.2
       6      1974        114        21700           2.1        13.8      0.810          6          0
       6      1974        115        15250           2.6          12      0.720          5        0.1
       6      1974        116        22490          -0.5          11      0.590        6.5          0
       6      1974        117        16460          -2.4        12.5      0.680        5.5          0
       6      1974        118         7070             5        14.6      0.920        5.5          0
       6      1974        119         3460             8        11.7      1.150        4.5        2.6
       6      1974        120         5710           8.4          13      1.200        2.5        8.9
       6      1974        121        11480           4.8        13.5      1.030        5.5        0.2
       6      1974        122        14860           3.3        14.5      0.880        3.5        0.2
       6      1974        123        19700             2        17.1      0.990          4          0
       6      1974        124        17920           7.2        16.6      1.070          6          0
       6      1974        125         3100           3.8         7.6      0.840          7          0
       6      1974        126        10420           2.8         8.1      0.740          6        2.2
       6      1974        127         6270           2.4         8.1      0.800          2        0.7
       6      1974        128        16830          -0.1        12.1      0.850        2.5          0
       6      1974        129         9040           5.9        13.6      0.930          3          0
       6      1974        130        14470           4.9        18.6      1.100        4.5        0.8
       6      1974        131        17620           6.3        16.9      1.080          4        0.3
       6      1974        132        20120           3.7        21.5      1.010        3.5          0
       6      1974        133        18900          10.1        24.1      1.240        5.5        2.4
       6      1974        134         3520           9.3        12.5      1.240          6       18.5
       6      1974        135        24200           6.7        17.4      1.120        4.5          0
       6      1974        136        27010           2.7        19.1      0.790          5          0
       6      1974        137        26840           4.8        20.2      0.950          4          0
       6      1974        138        24710           7.9        22.3      1.210        3.5          0
       6      1974        139        20500           9.2        25.3      1.320        4.5          0
       6      1974        140        15420           8.6        17.6      1.120          3          0
       6      1974        141        13680           8.2        17.4      1.100          3          1
       6      1974        142        18860           3.7        15.4      1.050        6.5        0.7
       6      1974        143        16210             3        14.7      0.950        2.5          8
       6      1974        144        22690           3.1        16.9      1.000          5        0.2
       6      1974        145         7320           8.6        13.1      1.030          6          0
       6      1974        146         9250           7.9        14.9      1.130          5          0
       6      1974        147        21830           6.4        19.8      1.200          6          0
       6      1974        148        14530             6        16.7      1.180        5.5          2
       6      1974        149        22020           0.7        13.9      0.830          6        0.1
       6      1974        150        26120             0        15.5      0.750          4          0
       6      1974        151         4230             6        12.6      1.020        5.5        1.3
       6      1974        152         6540           3.8        14.1      1.170          4        1.8
       6      1974        153         8760           3.3        19.5      1.420          6        1.4
       6      1974        154        14980           4.9          17      1.200          5        4.5
       6      1974        155        20460           3.4          17      0.940        4.5          0
       6      1974        156        28910           1.4        22.9      0.970        3.5          0
       6      1974        157        12910           7.2        16.5      1.070        7.5        3.6
       6      1974        158        21000           7.1          15      1.020        7.5          7
       6      1974        159         9890           4.7        14.9      1.070          4          3
       6      1974        160        21070           4.8        15.3      0.930          4        0.6
       6      1974        161        16860           3.8        14.4      0.930          4        3.2
       6      1974        162        10790             4        14.7      1.060        6.5        4.7
       6      1974        163        20760           7.9        15.6      1.110          6          0
       6      1974        164        26890             9        19.4      1.310        6.5          0
       6      1974        165        27520          12.5        23.7      1.710          5          0
       6      1974        166        22800          12.1        23.6      1.610          3          0
       6      1974        167        26230            11        25.9      1.440          3          0
       6      1974        168        22410          12.4        27.6      1.590        3.5        6.4
       6      1974        169        21400           8.1          20      1.330          6          0
       6      1974        170        12980           7.1        18.3      1.250        3.5        0.1
       6      1974        171        24120             8        21.1      1.290        3.5          0
       6      1974        172        24500           5.6        18.6      1.260          5          0
       6      1974        173        18960          11.8          22      1.520        4.5          0
       6      1974        174        28110           9.6        23.2      1.510          4          0
       6      1974        175        25010          10.8        23.1      1.440          4          0
       6      1974        176        24180            12        22.2      1.470          3          0
       6      1974        177        13330          11.9        19.7      1.410        4.5        1.6
       6      1974        178        11580            11        16.2      1.170        3.5        0.8
       6      1974        179        17500          10.4        18.5      1.060          3          0
       6      1974        180        17870           8.5        22.5      1.290          3          3
       6      1974        181        12910           9.5        20.8      1.460        3.5          2
       6      1974        182        10500          10.8        17.5      1.410          7       18.1
       6      1974        183        20850          12.2          19      1.270          5        0.2
       6      1974        184        13450          11.1        18.9      1.400          8       12.3
       6      1974        185        10420           8.4        16.5      1.290          6         10
       6      1974        186         4670           8.4        16.1      1.510          5        6.9
       6      1974        187        15830           9.8        16.8      1.270          7        1.2
       6      1974        188        23910           7.5        17.6      1.150          6          0
       6      1974        189        18630           6.7        20.9      1.420          3          0
       6      1974        190        13370          10.8          19      1.560          6        0.1
       6      1974        191        20930          11.6        19.8      1.410          6        1.1
       6      1974        192        20860             9        17.6      1.280          7        5.7
       6      1974        193        21240           9.1        18.6      1.240        5.5          0
       6      1974        194         4730          10.5        15.5      1.450          3        5.1
       6      1974        195        13240          10.3        18.1      1.420        5.5        2.9
       6      1974        196        12210          10.2        18.3      1.390          6        0.3
       6      1974        197        10540          11.7        18.2      1.460        5.5        0.7
       6      1974        198        12210           6.6        17.8      1.340        5.5        1.2
       6      1974        199        24070           5.1        17.9      1.130        4.5          0
       6      1974        200        23380           4.9        19.2      1.210        4.5        0.4
       6      1974        201         6750          12.7        17.2      1.540          6        1.2
       6      1974        202        22470           8.1        19.2      1.300          5          0
       6      1974        203        23210          10.9        21.7      1.560          7          0
       6      1974        204        19990           7.8        19.5      1.380          5        5.8
       6      1974        205         7360           6.3        16.8      1.210        3.5        3.7
       6      1974        206        19070             7          17      1.190        5.5        3.1
       6      1974        207         8430           6.9        16.7      1.450        4.5          1
       6      1974        208        11700           9.5        19.6      1.420        3.5          0
       6      1974        209         8840          12.1        18.9      1.580        6.5        0.8
       6      1974        210        22720            12        19.7      1.340        6.5          0
       6      1974        211        15540          12.6        18.9      1.410        4.5        1.3
       6      1974        212         7130            14        19.8      1.680        5.5        4.2
       6      1974        213        11040          11.1        20.5      1.600        5.5          0
       6      1974        214        17530           7.9        19.9      1.290        2.5          0
       6      1974        215        19830           4.8        19.7      1.160        2.5          0
       6      1974        216         8330            12        19.6      1.610          3       10.8
       6      1974        217        15340           8.2        18.2      1.370        4.5        6.2
       6      1974        218        19130           5.4        18.9      1.170          2          0
       6      1974        219        24580           6.2        21.8      1.300          3          0
       6      1974        220         9380          10.8        20.8      1.480        4.5        0.8
       6      1974        221        14470          12.8        19.6      1.480          5        1.5
       6      1974        222        10280          10.2        19.2      1.430        4.5        5.6
       6      1974        223        12870           8.9        18.1      1.440        4.5       14.4
       6      1974        224         8410          10.5        16.2      1.480        4.5        8.6
       6      1974        225        10850          12.1        18.6      1.540          3          0
       6      1974        226        21280          12.9        25.4      1.790          3          0
       6      1974        227        21910          15.3        25.1      1.940        4.5          0
       6      1974        228        20020          14.5        24.9      1.930          3          0
       6      1974        229        16210          11.1        21.8      1.570        3.5        0.6
       6      1974        230        19050           7.5        20.2      1.230        2.5          0
       6      1974        231        21050           8.3        20.2      1.220          3          0
       6      1974        232        20500           4.5        19.8      1.110        2.5          0
       6      1974        233        19910           7.7          22      1.240          2          0
       6      1974        234        18520           7.1        22.3      1.270        2.5          0
       6      1974        235        18680           3.2        22.4      1.200          2          0
       6      1974        236        15040          12.3        22.7      1.620        3.5          0
       6      1974        237        16180            10        22.9      1.510        3.5          0
       6      1974        238        16860          10.3        27.4      1.560        3.5        1.7
       6      1974        239        14960           8.2        19.6      1.310          4        0.6
       6      1974        240        16560           6.7        19.6      1.220        2.5          0
       6      1974        241        17530           9.5        22.4      1.390        4.5          0
       6      1974        242        16270          12.7        28.5      1.730          3          0
       6      1974        243        16290          13.9        29.2      1.630          4        0.2
       6      1974        244        10820          11.2        20.6      1.450          5          4
       6      1974        245        14920           9.6        21.8      1.390        5.5       12.3
       6      1974        246        11590          11.6        19.1      1.250          7          0
       6      1974        247        10400          10.2        17.3      1.360        7.5        1.3
       6      1974        248         3320          11.7          16      1.590        7.5       21.9
       6      1974        249        11460          11.6        17.6      1.380        6.5        1.9
       6      1974        250         8010           9.9        15.7      1.300        8.5        1.5
       6      1974        251        13670            11        17.3      1.290       10.5        0.8
       6      1974        252         4490           9.2        13.4      1.300          4        8.8
       6      1974        253        15240           5.8        18.2      1.200        4.5          1
       6      1974        254        14930           4.9        21.1      1.210          3          0
       6      1974        255        11580          10.1        23.3      1.550        1.5        0.7
       6      1974        256         8490          15.4        20.1      1.820        5.5        8.7
       6      1974        257         7820            13        19.9      1.630        2.5          0
       6      1974        258        11230          12.5        23.9      1.630          3          0
       6      1974        259         8510          13.3        21.8      1.700          2          0
       6      1974        260         7680          12.9        19.2      1.630        2.5          0
       6      1974        261        11960           4.4        16.9      1.090        3.5          0
       6      1974        262        13110           3.3        16.2      0.980          3          0
       6      1974        263        11510           5.8        16.2      1.130        4.5        0.1
       6      1974        264         7640           5.9        14.5      1.090          6        1.7
       6      1974        265        12070           8.2        14.6      1.110        6.5       13.3
       6      1974        266         4140             8          12      1.140        7.5        1.1
       6      1974        267         4860           7.2        14.2      1.210          6        5.6
       6      1974        268         5550             5        11.5      0.960        4.5        1.4
       6      1974        269        13630           4.5        14.3      0.990          5        1.5
       6      1974        270         2480           2.5        14.6      1.180        6.5       11.4
       6      1974        271         6620           4.1        13.6      1.080        7.5        0.8
       6      1974        272        11070           4.2        13.2      0.920          4          6
       6      1974        273         5840           3.9        12.4      1.000        3.5        7.1
       6      1974        274        10380             1        13.3      0.880          3        1.8
       6      1974        275        13430           0.9        13.7      0.810          2        0.6
       6      1974        276         6630          -0.8        11.3      0.820          4          0
       6      1974        277         1240           5.8         8.9      1.020          6       11.9
       6      1974        278         6620           7.7        12.7      1.080          6        3.4
       6      1974        279         7190           6.7        12.3      1.000          7        0.7
       6      1974        280         1870           2.5           9      0.960          4        8.6
       6      1974        281         5200           1.4         8.8      0.830          3          0
       6      1974        282         5610          -0.2        12.7      0.990          3        4.6
       6      1974        283         8730           2.5        12.8      0.970          4        3.3
       6      1974        284         8650           2.7        12.1      0.950        3.5          0
       6      1974        285         5770           2.3        11.1      0.920        3.5        2.6
       6      1974        286         6920          -0.2          11      0.810          2        3.1
       6      1974        287         4620          -1.2        11.1      0.900          2        0.8
       6      1974        288         4720           2.7        11.1      0.890        1.5        0.3
       6      1974        289         7720          -0.9        11.3      0.750        1.5          0
       6      1974        290         5980          -0.3        11.9      0.860          3          0
       6      1974        291         7660           0.6        10.6      0.870        5.5        4.4
       6      1974        292         6430           4.4        11.8      0.940        6.5        5.3
       6      1974        293         6440           1.6        10.5      0.820        2.5        0.2
       6      1974        294         8430           0.2        12.2      0.790          2          0
       6      1974        295         1450           0.2        10.1      1.020        5.5       14.1
       6      1974        296         1570             9        11.2      1.140          6        1.7
       6      1974        297         2140           7.8        10.8      1.060          4        0.5
       6      1974        298         3470           6.4         9.8      0.960        7.5        2.1
       6      1974        299         5120           3.8         9.6      0.810        6.5        1.7
       6      1974        300         3910           4.6        10.5      0.930        9.5          7
       6      1974        301         4020           4.4         9.9      0.830          7        8.4
       6      1974        302         4920           1.8         8.3      0.810        3.5        5.5
       6      1974        303         3970          -0.3         7.6      0.720          3        0.8
       6      1974        304         3860           0.2         7.6      0.720          3        2.9
       6      1974        305         6600           0.3         9.3      0.730        4.5        0.6
       6      1974        306         5290          -0.7        10.3      0.820        2.5        0.3
       6      1974        307         2220           0.2         6.8      0.810        2.5        1.3
       6      1974        308         2910           1.9         7.7      0.800          4          3
       6      1974        309         3770          -0.8         7.8      0.660        1.5          0
       6      1974        310         4130          -0.3         7.8      0.700          4          0
       6      1974        311         5560           0.2         8.4      0.670        3.5          0
       6      1974        312         2730          -0.4         6.2      0.700          5        1.1
       6      1974        313          850           5.8        11.8      1.090        7.5        3.7
       6      1974        314         3010             5        11.4      0.940          8          0
       6      1974        315         1120           5.4        10.1      0.920         10        4.4
       6      1974        316         3340           3.7         8.2      0.850        6.5        1.8
       6      1974        317         3580           2.2         9.2      0.840        6.5          0
       6      1974        318         1070           8.9        13.1      1.080        8.5          3
       6      1974        319         1300           9.2        12.7      1.230          5       11.4
       6      1974        320         1330           3.5        12.6      1.100          6        8.5
       6      1974        321         1290           3.2           9      0.950          4        0.5
       6      1974        322         1510           4.1         9.6      0.940          5        0.1
       6      1974        323         3430           2.1           8      0.780        7.5        0.5
       6      1974        324         3830           1.8           7      0.780        3.5        0.2
       6      1974        325         1300           3.1         8.2      0.930        2.5        0.8
       6      1974        326         1150           4.2         8.2      0.930        5.5        5.3
       6      1974        327         1860           7.1        10.3      1.080          4        0.5
       6      1974        328         2650           5.9         9.2      0.960        5.5        6.3
       6      1974        329          850           4.4         7.6      0.880       10.5       16.7
       6      1974        330         2240           3.8         7.5      0.860        7.5       11.2
       6      1974        331         1180             3         7.5      0.800          8        6.9
       6      1974        332         1610           0.9         7.6      0.770          8        7.8
       6      1974        333         2060             2         6.7      0.760        5.5          6
       6      1974        334         1650           1.2         6.8      0.800          4        4.3
       6      1974        335         1160           5.5         9.6      1.040          7        0.6
       6      1974        336         1120           9.1        11.7      1.230          8          1
       6      1974        337         1590           4.9        10.4      1.120        3.5          0
       6      1974        338          430           4.5         9.9      1.000          8        4.3
       6      1974        339         1680           1.9         6.8      0.720          9        6.2
       6      1974        340          530           5.8         8.5      1.010          7        0.3
       6      1974        341          650           8.1        10.3      1.160        8.5        4.3
       6      1974        342          560           9.2        10.1      1.190          6        3.3
       6      1974        343          500           2.8         9.6      0.960          7        0.2
       6      1974        344         1330           1.6         5.1      0.720          8        9.3
       6      1974        345          830           1.3         5.5      0.710          9         12
       6      1974        346          600          -0.7         2.1      0.610        4.5        8.5
       6      1974        347         2670          -1.1           3      0.600        3.5          0
       6      1974        348          550           2.4         6.4      0.790          7        1.5
       6      1974        349         1580           1.8         6.2      0.770          5        4.2
       6      1974        350          960           0.4         7.2      0.800          7        8.5
       6      1974        351         1710           1.9         6.3      0.720         12        2.5
       6      1974        352         1440           1.6         6.2      0.700         10        9.4
       6      1974        353         1250           2.3         8.1      0.840          7          0
       6      1974        354          690           7.7         9.1      1.010         12        0.1
       6      1974        355         1210             7         9.6      0.980          9          0
       6      1974        356         2090             4         9.1      0.910        8.5        0.3
       6      1974        357         1210             5         9.2      1.020        5.5          0
       6      1974        358          720           4.2         7.2      0.900          6        5.2
       6      1974        359         1470           2.6        11.1      0.920        7.5        5.1
       6      1974        360          880           8.1        11.3      1.170         12       11.7
       6      1974        361          680           5.7         9.1      1.000        8.5        5.8
       6      1974        362         1040             7        12.7      1.080       11.5        1.3
       6      1974        363         1310           4.1        11.7      0.990       11.5        3.3
       6      1974        364         1960           3.3         6.9      0.770          7        0.3
       6      1974        365          600           2.8         8.6      0.990        6.5          2
