* Country: Netherlands
* Station: Eelde
* Year: 1978
*  Source: Weather data and coordinates from
*  Eelde (KNMI)
*  Author: J. W. Steenhuizen PRI Wageningen
*  Longitude: 235.030 Amersfoortse coordinates
*  Latitude: 571.460
*  Elevation: 4.0 m.
*  Comments: For internal use only
*  Columns:
*  ========
*  station number
*  year
*  day
*  irradiation (kJ m-2 d-1)
*  minimum temperature (degrees Celsius)
*  maximum temperature (degrees Celsius)
*  vapour pressure (kPa)
*  mean wind speed (m s-1)
*  precipitation (mm d-1)
*--------------------------------------------------------------------------*
   6.35 53.08 4.0 0.00 0.00
          6      1978          1        950         1.5          7.5        0.840       6.5            0
          6      1978          2        880         1.2          6.1        0.780       6.5          0.8
          6      1978          3        480         2.4          5.7        0.690      11.5           18
          6      1978          4       2900        -3.1          4.1        0.560       6.5          1.7
          6      1978          5       1980        -8.2          2.4        0.480       5.5            0
          6      1978          6       2010         2.4            7        0.830         6            0
          6      1978          7       2330        -0.3            5        0.700       3.5            0
          6      1978          8       3220        -3.5          1.9        0.580       1.5            0
          6      1978          9        930         0.2          6.1        0.740       5.5          6.7
          6      1978         10       2420         0.8          4.5        0.700         8          5.2
          6      1978         11        380           3          4.4        0.770       5.5          8.1
          6      1978         12        300         1.1          3.1        0.650         9          7.4
          6      1978         13       4070        -2.6            4        0.600       2.5          0.1
          6      1978         14       1140         3.8          6.5        0.880         4          0.6
          6      1978         15       3760        -1.2          3.8        0.640       4.5            0
          6      1978         16       1150        -0.6            3        0.630       2.5            0
          6      1978         17       1810         0.5          5.3        0.670       2.5            0
          6      1978         18        550         0.9            4        0.700       3.5            0
          6      1978         19       2790        -2.2          2.9        0.580         4            0
          6      1978         20       1880         0.5          4.8        0.680         4            0
          6      1978         21       1340        -0.4          3.1        0.660       3.5            0
          6      1978         22       4330        -1.6          2.8        0.570       3.5            0
          6      1978         23       4710          -1          4.7        0.610         5          1.9
          6      1978         24        930         0.8          6.5        0.820       7.5          8.4
          6      1978         25        950         0.7          4.6        0.730         7          2.9
          6      1978         26       3300         0.9          5.2        0.680         5          2.6
          6      1978         27       2010         0.1          4.5        0.690         7          5.3
          6      1978         28       1320         2.4          5.3        0.690       7.5          0.4
          6      1978         29       2520         1.8          6.7        0.690       3.5            0
          6      1978         30       2440        -0.9          3.9        0.670         4          3.1
          6      1978         31       4210        -1.7          3.2        0.570         4            0
          6      1978         32       1550        -1.9          1.2        0.560         5            0
          6      1978         33       1400        -0.7          1.6        0.580         6            0
          6      1978         34       2520        -0.7          2.6        0.620       2.5          0.2
          6      1978         35       2070          -1          2.7        0.600         2            0
          6      1978         36       1400        -0.6          0.4        0.550       4.5          0.5
          6      1978         37       1300        -0.9         -0.1        0.570       2.5          2.3
          6      1978         38       2530        -3.2         -0.4        0.490         4            0
          6      1978         39       4920        -4.5         -0.5        0.450         4          0.1
          6      1978         40       6090          -6           -2        0.360         5            0
          6      1978         41       6030        -7.9         -2.2        0.370         4            0
          6      1978         42       2460          -5         -1.3        0.420         4            2
          6      1978         43       4060        -1.5          1.1        0.560       4.5          0.1
          6      1978         44       7210        -4.5          1.8        0.450       3.5            0
          6      1978         45       5120        -6.6          1.4        0.470       1.5            0
          6      1978         46       5190        -4.6          1.5        0.460       1.5          0.1
          6      1978         47       4650          -7         -3.1        0.400         2            0
          6      1978         48       5320        -7.7         -3.3        0.360       1.5          0.3
          6      1978         49       5350         -11         -0.8        0.400       1.5          1.6
          6      1978         50       6990       -10.4           -4        0.340         4            0
          6      1978         51      10980         -13         -2.1        0.250         2            0
          6      1978         52       7550       -11.9          0.8        0.360         3          3.2
          6      1978         53       1660         0.7          3.7        0.710         3          0.7
          6      1978         54       2570         1.2          6.6        0.750       5.5          0.8
          6      1978         55       6500         5.1         11.7        0.940       3.5            0
          6      1978         56       5490         4.6         13.1        1.030         4          0.2
          6      1978         57       9940         7.4         13.7        0.960       5.5          0.9
          6      1978         58       7210         6.6         12.9        1.000         5          6.5
          6      1978         59       5200         5.7         10.2        0.950       3.5            0
          6      1978         60      10700         1.7         14.7        0.880       3.5          1.1
          6      1978         61       7200         6.6         11.4        0.940         3            1
          6      1978         62       1790         5.5          8.8        0.960         3          1.4
          6      1978         63       1170         3.9          5.6        0.810       2.5            0
          6      1978         64       9930        -1.2          7.5        0.690       5.5            0
          6      1978         65       7780        -1.4          6.3        0.610         3            0
          6      1978         66       3690        -1.1          7.2        0.720       3.5            0
          6      1978         67       2100         2.8          7.8        0.820         6          6.9
          6      1978         68      11840         3.3          9.7        0.760       5.5            0
          6      1978         69       3600         5.8           10        0.980       4.5          0.1
          6      1978         70       3730         5.9         10.3        1.050       2.5          1.3
          6      1978         71       1590         7.6         10.8        1.150         4           11
          6      1978         72      10320         3.4          9.9        0.860       7.5            2
          6      1978         73       2200         6.4          8.5        0.910         9          1.7
          6      1978         74       3960         5.2          9.1        0.830        11          3.9
          6      1978         75       3770         2.3          7.9        0.790       8.5         10.6
          6      1978         76       8390          -1          4.3        0.540       6.5          0.6
          6      1978         77       6850        -0.7          4.8        0.650       5.5          2.3
          6      1978         78       6960         0.5          8.5        0.730         5          8.1
          6      1978         79       8110         1.4          7.6        0.720       6.5          3.2
          6      1978         80       9480         1.2          7.1        0.660       4.5            0
          6      1978         81      11000        -0.4            9        0.720         6          4.4
          6      1978         82       7240         3.1          7.5        0.760        10            5
          6      1978         83      10230         1.8          9.1        0.730         6          3.9
          6      1978         84       7480         1.9         10.3        0.830       8.5          8.8
          6      1978         85       9170         3.9          7.6        0.660      11.5          0.6
          6      1978         86       2980         2.9         10.5        0.920       6.5          3.5
          6      1978         87       5110         4.9         11.5        1.060         6          0.7
          6      1978         88      11220         5.5           13        0.940       6.5            0
          6      1978         89       4580         3.6          9.9        0.890       1.5            0
          6      1978         90       2050         3.2          8.5        0.920         2            0
          6      1978         91      11840         1.4         15.2        0.930       2.5            0
          6      1978         92       5130         5.9          9.2        1.000         4            0
          6      1978         93       7040         4.3         11.1        0.870       5.5            0
          6      1978         94       3960         3.4          7.3        0.790       5.5            0
          6      1978         95      19660         1.1          8.7        0.540       6.5            0
          6      1978         96      20180        -1.1          8.6        0.530       4.5            0
          6      1978         97      11720          -2          8.8        0.690         4            0
          6      1978         98       9740         1.6         10.4        0.770       3.5            0
          6      1978         99      14560        -1.8         13.2        0.780       2.5            0
          6      1978        100       6930           2          9.2        0.740         3          0.6
          6      1978        101       4700         0.5            3        0.640       3.5          6.5
          6      1978        102      12190        -0.4          5.8        0.640       5.5          0.2
          6      1978        103      10350         1.6          7.3        0.650         2          0.7
          6      1978        104      12200         0.9            7        0.630         5          1.9
          6      1978        105      19270        -0.1          8.6        0.630       4.5          0.9
          6      1978        106      15710        -1.4          8.7        0.640         4          2.3
          6      1978        107      18480         0.2          9.8        0.660         2            0
          6      1978        108      18650           0         13.1        0.590       3.5            0
          6      1978        109      20270         2.8         16.6        0.640       4.5            0
          6      1978        110      13150         2.8         18.1        0.890       3.5          0.3
          6      1978        111       4710         5.9           11        1.010         2            1
          6      1978        112      11490         4.4         12.4        0.910         2            0
          6      1978        113      17670         3.2         13.3        0.880         3            0
          6      1978        114      13680         2.9         10.3        0.820       3.5            0
          6      1978        115      13070         1.3          9.1        0.660       3.5            0
          6      1978        116      18260         1.6         12.7        0.680         6            0
          6      1978        117      14440         2.7          9.7        0.740       5.5            0
          6      1978        118      14240         4.4         14.2        0.860         2            0
          6      1978        119      16620         6.6         15.2        1.030         3          0.9
          6      1978        120       5840         6.6         13.4        1.040         4          0.7
          6      1978        121      14050         5.9         18.1        1.070       5.5            0
          6      1978        122      20850           6         14.9        0.860         6            0
          6      1978        123      16720         3.8         17.1        0.930         3            0
          6      1978        124      17280         6.6         18.8        1.120       1.5            0
          6      1978        125      18020         7.8         23.9        1.280       3.5          7.9
          6      1978        126      14790        11.5         20.8        1.370       3.5          0.4
          6      1978        127       5430         9.1         12.7        1.160       5.5          0.6
          6      1978        128      21040         7.1         16.7        1.020       5.5            0
          6      1978        129      26280           5         16.8        0.880       4.5            0
          6      1978        130      21710         1.7         15.3        0.870       4.5            0
          6      1978        131      23420        -0.1         11.1        0.570         3            0
          6      1978        132       2400         4.4          6.6        0.790       3.5          7.4
          6      1978        133      10030         0.8          9.8        0.800       1.5          0.1
          6      1978        134      15120        -0.6         13.2        0.810       1.5            0
          6      1978        135       9960         4.5         13.3        1.000         2          6.4
          6      1978        136       9250           7         15.4        1.070         2          3.8
          6      1978        137      21710         4.8         14.8        0.960         3            0
          6      1978        138      20420           3         16.4        1.010         4            0
          6      1978        139      15530         7.6         19.3        1.180         4            4
          6      1978        140      14330         9.9         16.3        1.300         3          0.6
          6      1978        141       3360         9.8         11.5        1.200         4            0
          6      1978        142      22100         9.4         16.4        1.190       4.5            0
          6      1978        143       5660         9.5         12.3        1.230       7.5          0.3
          6      1978        144       4980         9.5         13.4        1.210         6          0.1
          6      1978        145       5250         9.6         11.8        1.210         4          0.8
          6      1978        146      21180         7.6         17.1        1.210         3            0
          6      1978        147      21510         6.1         20.8        1.230       2.5            0
          6      1978        148      28970         5.6         21.1        1.130         3            0
          6      1978        149      22970         7.7         22.4        1.280         3            0
          6      1978        150      23850         9.3         26.7        1.430       3.5            0
          6      1978        151      26460        12.2         29.4        1.300         3            0
          6      1978        152      24000          14         31.5        1.510         2            0
          6      1978        153      23000        12.3         27.4        1.610       2.5          1.1
          6      1978        154      25870          10         25.5        1.450         3            0
          6      1978        155      21930        12.1         26.8        1.670       2.5            0
          6      1978        156      18830        13.2         24.7        1.600         3            0
          6      1978        157      16960        14.2         28.7        1.850       2.5          0.3
          6      1978        158      10360          13         20.5        1.540         3          2.4
          6      1978        159      19930         9.9         17.2        1.140       5.5          3.2
          6      1978        160      21900        10.1         16.6        1.040       5.5          6.4
          6      1978        161      11480         8.8         13.8        1.140         6            7
          6      1978        162      14250         9.2           15        1.060       6.5          0.1
          6      1978        163      15300         9.6         13.6        1.030       7.5          0.2
          6      1978        164      15860         6.1         15.6        1.020       4.5            0
          6      1978        165       9800         4.6         13.2        1.040         3            0
          6      1978        166      24780         6.7         20.2        1.160         3            0
          6      1978        167      16690        10.7         21.7        1.270       4.5          2.5
          6      1978        168      30030         8.5         22.1        0.840       7.5            0
          6      1978        169      29770         5.3         19.6        0.950       3.5            0
          6      1978        170      28290         4.7         23.6        1.020         2            0
          6      1978        171      26420         3.7         22.9        1.140       1.5            0
          6      1978        172      21990         8.4           23        1.240       3.5          4.2
          6      1978        173      12010          10           17        1.400         5          5.5
          6      1978        174      13540         9.9         17.4        1.260         5         12.5
          6      1978        175      16100         8.1           15        1.080         7          4.6
          6      1978        176      12690         7.4         14.3        1.160       6.5         17.2
          6      1978        177       6170         9.3         12.5        1.200       5.5          3.3
          6      1978        178       8610           8         12.8        1.110         5          3.6
          6      1978        179      10960         8.7         16.2        1.230         4            1
          6      1978        180       6750        11.8         17.8        1.540         4          2.5
          6      1978        181      12630        10.2         17.4        1.430       4.5          3.1
          6      1978        182      14700         9.9         17.7        1.260         4          0.2
          6      1978        183       5730        11.8         15.5        1.460         5          8.1
          6      1978        184      12050           9         16.3        1.400         5          5.7
          6      1978        185      15210         8.6         15.9        1.170       4.5          2.9
          6      1978        186      14870         8.3         15.9        1.180       2.5          3.7
          6      1978        187      16030         9.5         15.8        1.270         6          4.3
          6      1978        188      13640           9         14.7        1.180       6.5          3.6
          6      1978        189      11790         7.6         16.7        1.270       5.5            9
          6      1978        190      12020         9.2         15.1        1.250       4.5          1.7
          6      1978        191      23450         7.2         18.8        1.250         2            0
          6      1978        192      27560           6         19.5        1.230         2          0.1
          6      1978        193      28690         5.9         18.1        1.190         2            0
          6      1978        194      16540         6.4         17.6        1.190         3            0
          6      1978        195       7210        10.6         14.4        1.220       4.5            0
          6      1978        196      14690         7.9         15.1        1.070       4.5            0
          6      1978        197       9970         9.6           15        1.200       4.5          1.7
          6      1978        198      18780         8.4         17.9        1.090       2.5            0
          6      1978        199      15530         7.3         18.4        1.210         2            0
          6      1978        200      13010        12.2         16.5        1.380       5.5          1.1
          6      1978        201      13910        10.2         15.8        1.330       6.5          7.9
          6      1978        202      16930         9.3         15.7        1.170       5.5          0.5
          6      1978        203      22320         6.2         20.2        1.260       3.5            0
          6      1978        204      20940          10         22.7        1.410       4.5            0
          6      1978        205      13270        10.4         20.8        1.580         3            0
          6      1978        206      21780         9.3         22.8        1.400       1.5            0
          6      1978        207      16320        10.8         27.7        1.730       3.5            2
          6      1978        208      21880          12         23.4        1.640       2.5            0
          6      1978        209      21570          11         27.4        1.660       1.5            0
          6      1978        210      21390        12.6           27        1.960       2.5            0
          6      1978        211      21290        17.4         30.4        2.050       3.5            0
          6      1978        212      21400        16.8         30.4        1.810       3.5            0
          6      1978        213       9510        15.5         23.3        1.910       1.5          3.3
          6      1978        214      11070        13.6         23.4        1.700       2.5         10.9
          6      1978        215       9210        13.5         21.2        1.620         4          3.1
          6      1978        216       6860        13.7         17.6        1.580       4.5          2.6
          6      1978        217      10170        11.9         18.4        1.630         4          6.5
          6      1978        218      11120        11.4         19.1        1.470         3          0.9
          6      1978        219      10010         8.2         18.4        1.390       3.5            1
          6      1978        220      14390         8.7         19.1        1.340         4          1.4
          6      1978        221      15190         8.4         19.3        1.380         3            0
          6      1978        222      19200        10.7         19.6        1.360       3.5            0
          6      1978        223       8200          12         15.9        1.290         4          0.5
          6      1978        224      10060        10.8           18        1.340         3            0
          6      1978        225      14900        10.4         21.2        1.360       1.5            0
          6      1978        226       5580        10.5         17.9        1.510       3.5          2.2
          6      1978        227      20790        12.2         26.1        1.500         5            0
          6      1978        228      13350        10.7         19.7        1.410       4.5          2.1
          6      1978        229      16030         7.8         18.8        1.270         5          5.5
          6      1978        230      24750         6.4         19.8        1.170         2            0
          6      1978        231      22760         7.5         23.7        1.290         2            0
          6      1978        232      20970         8.8         26.5        1.370         2            0
          6      1978        233      17980         8.9         24.5        1.570         2            0
          6      1978        234      17440        11.3         24.3        1.680       4.5          1.6
          6      1978        235      20600         8.2         20.3        1.360         3          0.3
          6      1978        236      13310         5.7         18.3        1.230         3            0
          6      1978        237      13540         9.6         18.1        1.200       5.5          0.1
          6      1978        238      11940        10.7         17.7        1.180       5.5          0.9
          6      1978        239      16050         5.6           16        1.100       6.5          3.2
          6      1978        240      10390         5.2         16.2        1.230         5          1.9
          6      1978        241       5740        11.3         16.8        1.460       4.5          5.2
          6      1978        242      14010         6.5         16.6        1.150         5          8.3
          6      1978        243       9700         8.1         15.5        1.260       4.5          5.2
          6      1978        244       8260         9.2         15.4        1.290         4          8.3
          6      1978        245      10680         7.6           16        1.190         5          2.4
          6      1978        246      17500           7         16.3        1.080       5.5            7
          6      1978        247      14860         7.7           16        1.090       5.5            0
          6      1978        248       9230           6         16.3        1.200         4            0
          6      1978        249      12300         5.9         18.2        1.220       1.5            0
          6      1978        250      14870         7.5         20.9        1.370         1            0
          6      1978        251       9750        10.5         19.1        1.440         3            0
          6      1978        252      10370        11.8         18.9        1.580       6.5          8.8
          6      1978        253       2050          15         20.1        1.880      10.5          6.8
          6      1978        254       7580        11.4         19.4        1.600        11          5.3
          6      1978        255       9710         9.5         15.3        1.230         8          2.6
          6      1978        256       3840        10.7         17.9        1.590       5.5          0.2
          6      1978        257       3540        10.4         16.2        1.460       5.5         13.6
          6      1978        258       6180         8.2         16.9        1.260         8            0
          6      1978        259      13560         7.8         19.6        1.460       6.5            0
          6      1978        260       9430         6.9         16.6        1.260       6.5            0
          6      1978        261      12490         7.1         16.7        1.170       5.5          0.2
          6      1978        262      11330         6.3         14.4        1.160         6          3.1
          6      1978        263       9450         8.3         14.4        1.140         5          0.1
          6      1978        264       9990        11.5         16.4        1.460       6.5            0
          6      1978        265       2040        13.6         15.8        1.590         7          9.3
          6      1978        266       5150        12.7         15.8        1.520         4          0.4
          6      1978        267       4830          14         18.1        1.700         6            0
          6      1978        268       4760           7           16        1.380       5.5          3.7
          6      1978        269       8660         6.3         15.9        1.150       4.5          0.9
          6      1978        270       6530         5.5         13.6        1.160         4          6.8
          6      1978        271      10400         6.1           15        1.080         3          2.5
          6      1978        272       7750         9.2           16        1.250         5         15.9
          6      1978        273       3150         8.7         11.1        1.140       4.5         11.5
          6      1978        274       6400         6.8           13        1.100         6          2.1
          6      1978        275       2910         5.4         10.7        1.030       1.5            0
          6      1978        276       8550         3.5         11.8        0.970       1.5            0
          6      1978        277       8830         3.4         14.2        0.990       3.5          1.5
          6      1978        278       2050         6.4         15.5        1.290         8          0.7
          6      1978        279       4140         9.9         16.4        1.490         6          0.1
          6      1978        280       5980           7         17.8        1.340       1.5            0
          6      1978        281      10240         4.5         18.5        1.240         2            0
          6      1978        282       4920         9.3         17.5        1.450       2.5          0.2
          6      1978        283       8350        10.9         20.8        1.610         2            0
          6      1978        284      10460        10.1         23.7        1.480         2            0
          6      1978        285      10350         7.4         21.5        1.360         2            0
          6      1978        286       9360         6.7         20.8        1.310         1            0
          6      1978        287       2100         6.9         11.8        1.180       1.5          0.1
          6      1978        288       1760        10.1         11.9        1.260         1          0.2
          6      1978        289       5410         6.4         13.1        1.090         6          4.9
          6      1978        290       7780         1.9         10.8        0.860       2.5          4.4
          6      1978        291       5980         0.9         13.2        0.900         2          0.6
          6      1978        292       3130         5.5           12        1.050       2.5            0
          6      1978        293       1750         6.8         12.6        1.120       4.5          1.2
          6      1978        294       7250           4           11        0.860         4          0.6
          6      1978        295       2950         7.6           14        1.160         6          4.6
          6      1978        296       5660           7         13.5        1.020         4          0.2
          6      1978        297       3550           8         14.9        1.320         9            0
          6      1978        298       4590         8.9         14.1        1.040       5.5          0.8
          6      1978        299       7080         1.8         12.3        0.940       2.5            0
          6      1978        300       1910         1.5         10.9        1.030         3          0.6
          6      1978        301       1920         8.9         12.1        1.190         3            0
          6      1978        302       1990         7.6         12.7        1.210       3.5            0
          6      1978        303       2380        10.1         12.3        1.200       3.5            0
          6      1978        304       2640         4.4         11.2        1.010         3            0
          6      1978        305       3880         4.4         13.1        1.030         2            0
          6      1978        306       6250         5.2         13.4        1.040         4          0.6
          6      1978        307       1710         8.7         10.6        1.160         4            0
          6      1978        308       3650         9.1         13.6        1.190         4            0
          6      1978        309       2300         8.3         12.6        1.180       3.5            0
          6      1978        310       1650         6.1         11.1        1.100         2            0
          6      1978        311       1760         0.7          7.1        0.820         3            0
          6      1978        312       5250         0.2           10        0.790         3            0
          6      1978        313       1430         6.6         10.1        1.050       2.5            0
          6      1978        314       1710         1.6          7.4        0.830         2            0
          6      1978        315       1220           1          3.2        0.700       2.5            0
          6      1978        316       2570        -1.1          5.6        0.640         4            0
          6      1978        317       2780           5          9.9        0.930       4.5          3.1
          6      1978        318       4320         5.6         11.6        1.000       8.5            0
          6      1978        319       4780         7.1         11.3        0.970         9            0
          6      1978        320       5090         5.8           11        0.830       8.5          0.4
          6      1978        321        720         7.5         10.6        1.150       7.5          2.4
          6      1978        322        900         8.6         12.1        1.150         9          0.1
          6      1978        323        860         9.6         12.5        1.140       9.5            4
          6      1978        324       4710         2.6          9.7        0.840         5            0
          6      1978        325        850         3.4         11.9        1.070       7.5          1.5
          6      1978        326       1810        11.2         12.5        1.220       9.5          0.6
          6      1978        327        760         9.4         11.6        1.160       7.5          1.6
          6      1978        328        790         7.5         10.4        1.060         8          6.2
          6      1978        329       3590         1.1            8        0.790         3          4.1
          6      1978        330       4160         0.7          5.7        0.680         5         11.8
          6      1978        331       1680        -0.8          3.6        0.600         5          9.8
          6      1978        332       2700        -3.9          3.7        0.560         5          8.1
          6      1978        333       4660        -6.1          1.8        0.520         1            0
          6      1978        334       2990        -2.5            2        0.580         1            0
          6      1978        335       2890        -1.8          2.5        0.570         1            0
          6      1978        336       1540        -0.8          1.6        0.610         3            0
          6      1978        337       4060        -1.6          2.1        0.580       3.5            0
          6      1978        338       1110        -2.4          2.3        0.530       5.5          0.1
          6      1978        339       3550        -5.6         -1.7        0.350       3.5            0
          6      1978        340       3520        -6.2         -0.6        0.340         4            0
          6      1978        341       3190        -6.5         -2.7        0.340         5            0
          6      1978        342        960        -6.1          3.4        0.430         6          6.5
          6      1978        343       2020         3.2          8.4        0.940       6.5          0.8
          6      1978        344        940         6.2          8.4        1.010         3            2
          6      1978        345       2860           5         10.6        0.970       3.5          0.5
          6      1978        346       2670         4.3         11.6        0.970       5.5          3.7
          6      1978        347       1480         3.7          8.5        0.870         8          5.1
          6      1978        348        770           4          7.2        0.810         6          5.8
          6      1978        349        840         3.8          6.1        0.840         3          1.1
          6      1978        350       1750        -3.6          3.8        0.600       4.5            3
          6      1978        351       1770        -5.6          0.6        0.470       0.5            0
          6      1978        352       1390        -6.7         -3.5        0.410         1            0
          6      1978        353       3470        -7.6         -1.9        0.370         2            0
          6      1978        354        890        -4.1         -1.1        0.420         4          0.1
          6      1978        355        880        -3.8          0.9        0.540         5            0
          6      1978        356        350        -2.1          0.5        0.540       2.5            0
          6      1978        357        640        -2.1         -1.3        0.510       1.5            0
          6      1978        358       1640        -1.7          3.2        0.570       4.5          6.9
          6      1978        359       1520         2.8          7.2        0.870         6          0.8
          6      1978        360        460         5.2          8.4        0.940       5.5          5.9
          6      1978        361        670         3.5          5.7        0.800       3.5          2.7
          6      1978        362        420         4.2            9        1.010       6.5         13.6
          6      1978        363        510        -5.9            8        0.580       6.5         15.7
          6      1978        364       1510       -10.6         -5.8        0.250         8          2.6
          6      1978        365       1920       -11.3         -6.8        0.230         9          0.4
