* Country: Netherlands
* Station: Eelde
* Year: 1976
*  Source: Weather data and coordinates from
*  Eelde (KNMI)
*  Author: J. W. Steenhuizen PRI Wageningen
*  Longitude: 235.030 Amersfoortse coordinates
*  Latitude: 571.460
*  Elevation: 4.0 m.
*  Comments: For internal use only
*  Columns:
*  ========
*  station number
*  year
*  day
*  irradiation (kJ m-2 d-1)
*  minimum temperature (degrees Celsius)
*  maximum temperature (degrees Celsius)
*  vapour pressure (kPa)
*  mean wind speed (m s-1)
*  precipitation (mm d-1)
*--------------------------------------------------------------------------*
   6.35 53.08 4.0 0.00 0.00
          6      1976         1       1990          0         5.5        0.660       6.5        7.9
          6      1976         2       1750       -1.2           9        0.700         6       23.8
          6      1976         3       1960        2.5         9.3        0.660        17        8.4
          6      1976         4       2640        0.9           5        0.600         7        0.6
          6      1976         5        480        1.3         9.1        0.800       7.5        2.1
          6      1976         6       1150        1.5         4.1        0.700       2.5        5.7
          6      1976         7        430        3.2         7.7        0.950         7        0.2
          6      1976         8        630        6.6         7.7        0.900      10.5          0
          6      1976         9        320        4.7         7.7        0.940       5.5       12.4
          6      1976        10       1780        0.7         9.9        0.860         7        9.1
          6      1976        11       1370        7.8         9.8        1.000        10        0.4
          6      1976        12       2080        7.6         9.3        0.970      10.5        0.7
          6      1976        13       3360        3.5           9        0.810       5.5        1.5
          6      1976        14        420        5.3         8.1        0.920       9.5        4.2
          6      1976        15       1600        5.2         7.3        0.880         7        3.4
          6      1976        16       1010        3.7         7.8        0.880         4        0.7
          6      1976        17       2730        1.4         6.3        0.760         4        0.8
          6      1976        18        840        3.7         6.3        0.850       6.5          1
          6      1976        19       2170        2.9           7        0.790       9.5          2
          6      1976        20       1040        2.9         9.5        0.850       9.5        8.5
          6      1976        21       2000        3.6         7.3        0.720      15.5        2.6
          6      1976        22       1280          3         8.6        0.720        14        2.3
          6      1976        23       2030       -0.4         7.9        0.710      10.5        4.6
          6      1976        24       4410       -3.5         2.4        0.580      10.5        3.3
          6      1976        25       4310       -6.3         0.7        0.500       3.5          0
          6      1976        26       3500       -6.5         0.4        0.520         2          2
          6      1976        27       4360       -9.1        -0.3        0.460       4.5        5.3
          6      1976        28       2480      -10.3        -6.7        0.310         4          0
          6      1976        29       6590      -12.9          -7        0.270       2.5          0
          6      1976        30       5590      -10.1        -5.3        0.280         6          0
          6      1976        31       5680         -9        -4.2        0.260       7.5          0
          6      1976        32       5520      -10.3        -5.9        0.270         5          0
          6      1976        33       2110       -6.5        -1.7        0.400       4.5          0
          6      1976        34        860       -3.4        -2.2        0.450         3          0
          6      1976        35       2300       -4.5        -1.4        0.460         5          0
          6      1976        36       4080       -3.5         0.5        0.480       6.5          0
          6      1976        37       1820       -4.4        -1.2        0.490         6          0
          6      1976        38       2280         -7           0        0.430         3          0
          6      1976        39       1470          0         1.3        0.620       2.5          0
          6      1976        40       1570        0.6         2.9        0.680         4          0
          6      1976        41       2670        0.1         7.3        0.770         6          2
          6      1976        42       1530       -0.1         2.7        0.640       6.5        7.6
          6      1976        43       4650        0.1         4.5        0.690       6.5        8.8
          6      1976        44       1490        0.2         1.9        0.630       7.5       10.2
          6      1976        45       3490       -0.8         1.7        0.480       7.5          0
          6      1976        46       4190       -4.8         0.5        0.410       3.5          0
          6      1976        47       6570       -5.3         0.7        0.480       4.5          0
          6      1976        48       1520       -0.3         0.8        0.590         6          0
          6      1976        49       2540       -1.1         2.2        0.610         3          0
          6      1976        50       6130       -1.9         8.5        0.690         2          0
          6      1976        51       6430       -1.1        10.6        0.730         2          0
          6      1976        52       4360       -0.8          10        0.790         2          0
          6      1976        53       8180        0.5        10.1        0.720       3.5          0
          6      1976        54       7850       -0.8         9.9        0.720       3.5          0
          6      1976        55       1100        3.6         7.8        0.910         5        1.8
          6      1976        56       8690        3.6        10.3        0.890       7.5        0.1
          6      1976        57       5630        3.5        10.7        0.900       5.5          0
          6      1976        58       5330        2.7        11.1        0.910         3          0
          6      1976        59       9200        0.5        12.1        0.810         2          0
          6      1976        60       6000        0.8        10.9        0.880       6.5        3.9
          6      1976        61      10870        2.2         8.9        0.720         8          0
          6      1976        62       9660       -2.8         7.6        0.640       3.5          0
          6      1976        63      11920       -3.6         7.8        0.520         3          0
          6      1976        64      12170       -1.8         6.3        0.440       4.5          0
          6      1976        65      12760       -2.6           2        0.360         6          0
          6      1976        66       8920         -4           2        0.370         5          0
          6      1976        67       6060       -2.7        -0.2        0.350         4          0
          6      1976        68       6600       -7.5           1        0.410         2        0.7
          6      1976        69       9150       -9.3         1.9        0.390         2        0.2
          6      1976        70      10300       -6.5         4.3        0.410         3          0
          6      1976        71       8490        0.5         7.6        0.460         4          0
          6      1976        72       9570       -0.7         6.1        0.400       6.5          0
          6      1976        73       8020       -0.5         7.3        0.580         5        1.7
          6      1976        74      11500       -1.4         8.1        0.540         4          0
          6      1976        75      10390         -2         6.2        0.540       5.5          0
          6      1976        76       1880       -0.1         1.3        0.530         5          0
          6      1976        77       3380       -0.8           2        0.540       3.5          0
          6      1976        78       4880       -0.3         3.5        0.570       3.5        0.2
          6      1976        79      14100       -2.8         5.1        0.480         4        0.9
          6      1976        80      15470       -5.6         6.9        0.430       2.5          0
          6      1976        81      16220       -6.4         4.4        0.320       5.5          0
          6      1976        82      15490       -6.1         3.2        0.370       4.5          0
          6      1976        83      10330       -6.1         3.5        0.410       3.5          0
          6      1976        84       8610       -0.7         4.3        0.450         3        1.9
          6      1976        85       9250        0.3          10        0.820       6.5        4.8
          6      1976        86       5670        0.1         9.6        0.770       7.5        7.6
          6      1976        87       5070        0.9         8.4        0.770         7        0.5
          6      1976        88      12270        5.1        12.1        0.830       8.5          0
          6      1976        89       3510        4.6         8.2        0.800       8.5        1.3
          6      1976        90      11600        2.5           9        0.680         8        0.1
          6      1976        91       9770        6.4        11.4        0.860      10.5          0
          6      1976        92       9410        5.9        12.5        0.870       3.5          0
          6      1976        93       9750        4.8        12.2        0.880         6          0
          6      1976        94      11140       -1.3           9        0.670       5.5          2
          6      1976        95      12140       -1.7        10.8        0.590         3          0
          6      1976        96      15540        1.3          13        0.740       8.5          0
          6      1976        97       8210        3.3        10.6        0.760         9          0
          6      1976        98       9340        1.3         8.7        0.690         6        0.4
          6      1976        99      14570       -1.6         8.7        0.620         6          0
          6      1976       100      17630       -6.2        11.1        0.570       1.5          0
          6      1976       101      16740        0.4        14.1        0.590         1          0
          6      1976       102      19300       -0.6        16.2        0.590         2          0
          6      1976       103      16160          2          16        0.680         3          0
          6      1976       104      19440       -0.3          16        0.720       1.5          0
          6      1976       105      13080          3        17.3        0.860       2.5        0.3
          6      1976       106      17190        3.5        14.4        0.900         5          0
          6      1976       107       5660        3.5        10.2        0.860       3.5          0
          6      1976       108      18080        2.5        15.8        0.820       2.5          0
          6      1976       109       8070        1.2        15.3        0.930       2.5          0
          6      1976       110      21470        4.5        16.4        0.750         6          0
          6      1976       111      22100        0.8        15.7        0.740         5          0
          6      1976       112      13360        1.8        12.6        0.800       4.5          0
          6      1976       113      17630       -1.2        10.1        0.540       5.5          0
          6      1976       114      15320       -0.7         7.6        0.600       4.5        1.6
          6      1976       115      19970       -1.3        10.3        0.600       7.5          0
          6      1976       116      23490        3.1        13.7        0.750         7          0
          6      1976       117      23610        1.2        13.3        0.720       5.5          0
          6      1976       118      14370        1.6           9        0.580         7          0
          6      1976       119      19910       -3.5         8.6        0.450       4.5          0
          6      1976       120      11370       -5.2         8.1        0.650         4        0.1
          6      1976       121      14650        0.5        13.3        0.740         4          0
          6      1976       122      17890       -1.8        14.7        0.660         3          0
          6      1976       123       4740        6.3        10.8        0.910       4.5        0.7
          6      1976       124      10410        5.1          13        0.920       5.5        3.7
          6      1976       125      10870        1.1        13.4        0.900       5.5        1.4
          6      1976       126      16060       -0.2        17.4        0.970       1.5          0
          6      1976       127      17650        7.3        19.6        1.170       3.5          0
          6      1976       128      22570          8        27.5        1.180       4.5          0
          6      1976       129      19830         11        29.4        1.330         3          0
          6      1976       130      23040       12.8        29.8        1.220       3.5          0
          6      1976       131      21000       10.1        31.5        1.370         5        4.2
          6      1976       132      23850        7.7          17        0.900         4          0
          6      1976       133       7120        5.8        13.9        1.010       5.5        3.3
          6      1976       134      14970        1.3          12        0.840         6          2
          6      1976       135      19670        1.2        15.9        0.800       3.5          0
          6      1976       136      24710        3.5        21.1        0.860       3.5          0
          6      1976       137      23560        6.7        17.6        0.940       4.5          0
          6      1976       138      25680        4.9        24.3        0.980         3          0
          6      1976       139      22490          9        26.9        1.250       3.5          0
          6      1976       140      12010        7.6        19.9        1.270         3        4.2
          6      1976       141      13750        8.6        18.8        1.120         3        2.8
          6      1976       142       9500        8.1        13.1        1.090       2.5        3.4
          6      1976       143      25020        8.1        17.3        1.030       3.5          0
          6      1976       144      19240        8.4        19.9        1.220         3          0
          6      1976       145      24360        5.2        17.6        0.860         4          0
          6      1976       146      19900        3.3        19.5        0.990         2        1.9
          6      1976       147      10570        8.6        13.9        1.080       4.5        7.7
          6      1976       148       5050        7.5        12.9        1.110       4.5        3.7
          6      1976       149      10900        6.2        14.4        1.060         3          0
          6      1976       150      14640        5.2        17.3        1.140       2.5          0
          6      1976       151       6340        9.6        14.4        1.180       5.5        0.7
          6      1976       152      12050        5.5        14.7        1.080       4.5        5.2
          6      1976       153       6140          6        15.6        1.230       2.5       18.7
          6      1976       154       7320        8.2        11.8        0.940         5        0.5
          6      1976       155       5850        6.1          11        0.940         5        2.1
          6      1976       156      12890        3.7        13.5        0.850       1.5        0.1
          6      1976       157      26550        1.1        18.6        0.910         2          0
          6      1976       158      26000          7        21.9        1.170         4          0
          6      1976       159      27630        6.8        24.7        1.300         2          0
          6      1976       160      28260        9.2        27.4        1.400         3          0
          6      1976       161      27040       13.9        29.1        1.550       4.5          0
          6      1976       162      24600          8        19.9        1.260       4.5          0
          6      1976       163      26350        5.2        21.2        1.030       1.5          0
          6      1976       164      23470       13.6        25.2        1.260       4.5          0
          6      1976       165      25130       11.6        20.9        1.270       4.5        0.1
          6      1976       166      24780       11.5          24        1.360         5          0
          6      1976       167       9200       11.8        16.8        1.270         4        0.1
          6      1976       168      18060        8.4        17.6        1.060         6          0
          6      1976       169      28760        6.2        22.9        1.100         3          0
          6      1976       170      18660        4.8        21.3        1.200       3.5          0
          6      1976       171       6050       10.4        15.7        1.340         4       14.5
          6      1976       172       8720          9        16.3        1.240         6        5.4
          6      1976       173      26150        7.8        21.3        1.080       4.5          0
          6      1976       174      22530        6.2        23.4        1.350       1.5          0
          6      1976       175      21360       10.1        26.2        1.580         1          0
          6      1976       176      23590       14.6        30.1        1.730         2          0
          6      1976       177      23780       15.6        31.3        1.810         2          0
          6      1976       178      23880       15.5        31.5        2.050         2          0
          6      1976       179      23360       16.2        31.8        1.930         2          0
          6      1976       180      27430       14.3        26.6        1.570         3          0
          6      1976       181      28680       12.1        23.3        1.310         4          0
          6      1976       182      27880       11.4        25.8        1.410         4          0
          6      1976       183      28770       11.6        23.9        1.290         4          0
          6      1976       184      27880         12        29.7        1.470       3.5          0
          6      1976       185      26920       14.8        31.1        1.300         4          0
          6      1976       186      27620       14.3        32.1        1.460       4.5          0
          6      1976       187      24910       14.1        28.2        1.730         5          0
          6      1976       188      27910       13.4        27.7        1.060       4.5          0
          6      1976       189      27510       10.3        27.8        1.240         4          0
          6      1976       190      26540       10.8        25.5        1.310       3.5          0
          6      1976       191      26050         11        23.7        1.310         3          0
          6      1976       192      22400        8.2        25.4        1.350       2.5          0
          6      1976       193      24050        9.7        23.4        1.310       2.5          0
          6      1976       194      24090       10.5        26.1        1.510       3.5          0
          6      1976       195       8740       13.6        21.7        1.680       2.5          1
          6      1976       196      13880       10.6        23.4        1.530       3.5        0.4
          6      1976       197      23580        9.8        27.6        1.490       2.5          0
          6      1976       198      17260       15.6        32.9        1.880       3.5        8.6
          6      1976       199      12270       13.9        23.7        1.880         3        0.9
          6      1976       200      16290       14.1        23.2        1.650       2.5          0
          6      1976       201      18620       12.6        24.6        1.700       4.5          0
          6      1976       202      11720       12.8        20.8        1.620         4       13.3
          6      1976       203       9500       12.4        18.2        1.390       4.5        4.2
          6      1976       204      23650        9.7        20.6        1.220         4        2.3
          6      1976       205      16060        8.2        21.3        1.200       3.5          0
          6      1976       206      16410        9.9        20.8        1.330       3.5          0
          6      1976       207      18150        9.9        21.4        1.380         3        7.2
          6      1976       208      18560        9.2        20.1        1.360       3.5          0
          6      1976       209      14230       11.3          20        1.320         3          0
          6      1976       210      14160        9.6        18.9        1.240       5.5        0.3
          6      1976       211      22050       12.3        20.3        1.170       5.5          0
          6      1976       212       6790       12.8        16.9        1.410         6        2.6
          6      1976       213      14730        6.6        16.7        1.080         4        1.7
          6      1976       214      17720        6.1        17.4        1.090       4.5        1.4
          6      1976       215      12380       12.3        18.9        1.440       5.5        4.8
          6      1976       216      10770        6.9        18.4        1.360       4.5        4.7
          6      1976       217      20730        5.3        18.5        1.070         4          0
          6      1976       218      10110        9.1        18.5        1.260         3        0.2
          6      1976       219      16710        8.9        20.4        1.320       1.5          0
          6      1976       220       8960        7.7        18.7        1.400       2.5          0
          6      1976       221      16340       12.8        21.2        1.390         3          0
          6      1976       222      21800       11.2        25.3        1.410       3.5          0
          6      1976       223      20650       10.7        25.3        1.330       2.5          0
          6      1976       224      19450       13.4        26.6        1.450       2.5          0
          6      1976       225      21240       11.7          27        1.480         2          0
          6      1976       226      18760       10.6        23.4        1.390         3          0
          6      1976       227      19660       11.2        23.4        1.460       3.5          0
          6      1976       228      19250       11.2          24        1.460       3.5          0
          6      1976       229      21070       10.8        25.4        1.310       3.5          0
          6      1976       230      19750        9.1        22.8        1.360       3.5          0
          6      1976       231      21430        7.3          25        1.400       3.5          0
          6      1976       232      20870       10.5        25.1        1.490       3.5          0
          6      1976       233      17880       10.6        24.6        1.610       4.5          0
          6      1976       234      21060       13.3        23.9        1.230       4.5          0
          6      1976       235      21520       10.6        23.4        1.020         4          0
          6      1976       236      21370        8.5        25.3        0.950       3.5          0
          6      1976       237      20230        8.1        29.1        1.020       2.5          0
          6      1976       238      19160        9.2        31.1        1.130       1.5          0
          6      1976       239       8990        8.7        21.9        1.400       3.5        1.3
          6      1976       240      19440       14.2        21.2        1.350       6.5        0.6
          6      1976       241       9890       13.2        21.4        1.490         4        2.5
          6      1976       242      14020       11.3        28.6        1.540         3          0
          6      1976       243       6530       13.3        23.7        1.750       2.5        2.1
          6      1976       244       7530       10.6        19.3        1.450       3.5        0.4
          6      1976       245       8530          8        18.7        1.320       4.5        5.7
          6      1976       246      15100        7.8        17.6        1.180         4        6.9
          6      1976       247      12320        8.3        17.2        1.130       4.5        2.1
          6      1976       248       9180          9        17.2        1.220       2.5        1.4
          6      1976       249       9580        7.6        17.2        1.120         2        0.3
          6      1976       250      12260          9        19.7        1.260         4          0
          6      1976       251      11810        9.8        20.3        1.280         4          0
          6      1976       252       8670        9.6        20.2        1.280       2.5          0
          6      1976       253       5720        9.3        16.6        1.190       5.5        4.6
          6      1976       254       9430        8.1        14.6        1.070         7          4
          6      1976       255       8480          7        15.6        1.030         6        1.9
          6      1976       256      12000        6.7          19        1.120         4          0
          6      1976       257       4260        4.6        17.1        1.230       2.5        2.5
          6      1976       258       9750       10.3        16.7        1.240       4.5        0.3
          6      1976       259      14100        9.9        19.4        1.200       2.5          0
          6      1976       260       5830        9.7        15.9        1.300       1.5          0
          6      1976       261       8690        9.2        16.2        1.220         1        1.7
          6      1976       262      12080       10.2        17.1        1.250         2          0
          6      1976       263      12810       10.4        19.7        1.260         2          0
          6      1976       264       7810          7        17.4        1.180       2.5          0
          6      1976       265      14460        5.1        18.7        1.000       2.5          0
          6      1976       266      12090        7.5        19.9        1.170       2.5          0
          6      1976       267       8610        8.6        18.3        1.200       2.5          0
          6      1976       268       8390         10        17.9        1.350         2        0.7
          6      1976       269       8070       11.3        17.4        1.210       4.5          0
          6      1976       270       6140       10.2          19        1.310         3        2.6
          6      1976       271       6340       11.3        20.6        1.600       1.5        0.3
          6      1976       272       3400       10.9        17.3        1.640         1       12.7
          6      1976       273       4350         10        17.6        1.610         1        0.9
          6      1976       274       3920       10.1        16.1        1.490         3          0
          6      1976       275       2170       12.3        13.4        1.460       4.5          0
          6      1976       276       4960       11.9        16.6        1.540       2.5        6.4
          6      1976       277       7310       10.8          19        1.480         3          0
          6      1976       278       7000        9.3        18.6        1.440         4          4
          6      1976       279       9550        9.2        15.4        1.110         5          0
          6      1976       280       1350       10.9        17.3        1.510         7        9.8
          6      1976       281       2980       10.3          18        1.480         6        1.1
          6      1976       282       4990        8.3        14.4        1.270       2.5          0
          6      1976       283       5190       11.6        16.6        1.550         3        0.6
          6      1976       284       5240       11.3        18.1        1.630       2.5          0
          6      1976       285       7620       12.3        20.6        1.590         4          0
          6      1976       286       7420         11        18.5        1.380       4.5        1.1
          6      1976       287       3880          9        12.9        1.260       1.5        2.9
          6      1976       288       3340        9.1        12.7        1.250       3.5        0.4
          6      1976       289       5210        8.2        13.2        1.000       6.5          0
          6      1976       290       9360        2.2        14.3        0.940       3.5          0
          6      1976       291       2240        0.9         7.6        0.850       2.5          0
          6      1976       292       3450        3.1         7.8        0.860         3          0
          6      1976       293       6630        6.7        14.7        1.170       3.5        0.5
          6      1976       294       2840        8.5        14.6        1.310         3        1.2
          6      1976       295       3270        5.6        13.2        1.160         4          1
          6      1976       296       4340       10.1        13.9        1.300         4        0.6
          6      1976       297       6140        8.2        14.8        1.120       4.5          0
          6      1976       298       4380          5        13.3        1.110         2        0.8
          6      1976       299       7460        6.7        15.3        1.140         3        0.1
          6      1976       300       2050        3.1         7.2        0.820         4          0
          6      1976       301        820        4.6         6.5        0.840         4          0
          6      1976       302        750          4           6        0.790         4          0
          6      1976       303       1580        3.5         7.8        0.840       2.5          0
          6      1976       304       1340        3.1         7.6        0.870         3        0.2
          6      1976       305       4220        1.7           9        0.770         2        0.5
          6      1976       306       3730          2         9.1        0.850         5        0.5
          6      1976       307       2550        4.8        10.2        0.970         5        2.6
          6      1976       308       2310        4.4         7.7        0.860         2        4.4
          6      1976       309       5720        3.5        10.8        0.820         4        4.8
          6      1976       310       1490        2.4         7.9        0.820         6        0.1
          6      1976       311       3790        4.7        10.2        0.830         4          0
          6      1976       312       1230        4.9        10.4        0.960         3        3.9
          6      1976       313       2850        4.6         9.3        0.900         4        0.3
          6      1976       314       2300        2.5        10.1        0.910         4        0.9
          6      1976       315       1800        2.8        12.7        1.000         4        0.3
          6      1976       316       1490        1.5         9.1        0.930       1.5        2.1
          6      1976       317       3650        0.4         6.2        0.750       2.5        0.1
          6      1976       318       2370        2.4         6.6        0.810       3.5          0
          6      1976       319       1620        5.4         7.7        0.910       3.5        0.2
          6      1976       320       1940        0.4         6.9        0.810       2.5        0.2
          6      1976       321       1970       -1.9         6.7        0.770         2        1.1
          6      1976       322        380        5.8         6.8        0.930         2        0.4
          6      1976       323       1210        2.8         8.1        0.950         1          0
          6      1976       324       1700       -0.6        10.1        0.840         2        0.4
          6      1976       325       1520       -1.1         7.5        0.840       1.5        0.3
          6      1976       326        670        4.7         7.6        0.870         3        2.1
          6      1976       327       2030        1.9         6.4        0.680       5.5          3
          6      1976       328       3240        0.5         5.6        0.620       5.5        1.8
          6      1976       329        750        3.7         9.7        0.920       6.5        6.9
          6      1976       330       1210        4.3        10.2        0.940       4.5        0.8
          6      1976       331       1270        6.6         8.8        0.880       7.5        0.6
          6      1976       332       2550        4.9        10.4        0.910         7        0.6
          6      1976       333        670        4.9         9.6        0.940       8.5        2.4
          6      1976       334       2090        4.1         8.6        0.860         8        8.6
          6      1976       335        530        2.9        10.5        0.910       5.5       22.3
          6      1976       336       2470        0.7         7.1        0.680       7.5        6.6
          6      1976       337       3290          0         3.6        0.590       2.5        2.2
          6      1976       338       3110       -0.1           3        0.630         4        0.5
          6      1976       339        750        0.8         3.3        0.650         6        4.9
          6      1976       340       1290       -0.1         1.4        0.610         5          0
          6      1976       341        450       -0.9         4.6        0.650         7        3.6
          6      1976       342       2790          4         7.7        0.790       7.5        2.4
          6      1976       343       2750        4.6         8.7        0.830       6.5        6.6
          6      1976       344       2960          1         7.6        0.720         5        0.5
          6      1976       345       3030        0.1         5.6        0.600       5.5        3.6
          6      1976       346       1970        0.7           6        0.720         7       17.4
          6      1976       347       2660       -3.6         5.6        0.630         3        6.2
          6      1976       348       1100       -2.1         2.6        0.590         2        2.3
          6      1976       349       2420       -3.8           1        0.540       1.5          0
          6      1976       350       1240       -0.3         2.6        0.610         2          0
          6      1976       351       1510         -3         3.2        0.570       1.5        3.1
          6      1976       352       1420       -2.1        -0.1        0.500         4        7.9
          6      1976       353        940       -0.1         1.4        0.580       2.5        3.6
          6      1976       354       1350       -2.1         0.4        0.470       6.5        0.3
          6      1976       355        820       -0.2         1.6        0.580         5          0
          6      1976       356        550        0.9         5.3        0.690         4        5.8
          6      1976       357       2730       -1.6         4.9        0.680         3          0
          6      1976       358       1060       -3.3         1.5        0.570       1.5        0.2
          6      1976       359       1860         -4           3        0.560         3        0.4
          6      1976       360       3710       -5.8         3.1        0.470         4        0.6
          6      1976       361       3290         -3           4        0.500         5        0.7
          6      1976       362        870          1         3.7        0.650         7        3.7
          6      1976       363       2490       -9.2         3.3        0.420         4        2.1
          6      1976       364       2920       -8.5        -1.4        0.420         4          0
          6      1976       365       2460       -8.4        -3.9        0.280       6.5          0
          6      1976       366       1880       -4.6         1.6        0.460         5        0.3
