* Country: Netherlands
* Station: Eelde
* Year: 1982
*  Source: Weather data and coordinates from
*  Eelde (KNMI)
*  Author: J. W. Steenhuizen PRI Wageningen
*  Longitude: 235.030 Amersfoortse coordinates
*  Latitude: 571.460
*  Elevation: 4.0 m.
*  Comments: For internal use only
*  Columns:
*  ========
*  station number
*  year
*  day
*  irradiation (kJ m-2 d-1)
*  minimum temperature (degrees Celsius)
*  maximum temperature (degrees Celsius)
*  vapour pressure (kPa)
*  mean wind speed (m s-1)
*  precipitation (mm d-1)
*--------------------------------------------------------------------------*
   6.35 53.08 4.0 0.00 0.00
      6      1982          1          620          1.6        5.7       0.790         1.5         2.1
      6      1982          2          870          4.3        9.1       0.890           4         5.2
      6      1982          3         2050            8       11.2       1.140           9         2.7
      6      1982          4          960          7.8       10.3       1.090         9.5         2.1
      6      1982          5          320           -3        8.8       0.920           7        24.4
      6      1982          6         2930         -8.3       -1.8       0.330           6         0.5
      6      1982          7         2950        -12.4       -0.9       0.320         1.5         0.4
      6      1982          8         3030        -10.4       -6.8       0.270         4.5           0
      6      1982          9         3970        -11.3       -4.6       0.250         5.5           0
      6      1982         10         6750        -16.3       -0.5       0.250           1           0
      6      1982         11         2580        -13.7       -1.7       0.300         1.5           0
      6      1982         12         6570        -11.6        0.7       0.380           1           0
      6      1982         13         5640           -9       -0.9       0.390           1           0
      6      1982         14         4900        -11.7       -0.9       0.330         1.5           0
      6      1982         15         4000        -13.2        0.8       0.380           2           0
      6      1982         16         4010         -5.1        4.4       0.520         2.5           0
      6      1982         17         3460         -5.6          6       0.510         1.5           0
      6      1982         18         4640         -9.6        2.3       0.440         1.5           0
      6      1982         19         4220         -5.2        1.8       0.530         1.5           0
      6      1982         20         3660         -2.7        4.9       0.600           2           0
      6      1982         21         1140           -3        3.1       0.640           3         1.4
      6      1982         22          980         -0.3          2       0.640           4         0.4
      6      1982         23         1090          0.2        2.1       0.640         1.5           0
      6      1982         24          730          0.3        3.3       0.670           4           1
      6      1982         25          610          1.5          3       0.710           6         2.5
      6      1982         26          790            3        6.8       0.830           7        10.4
      6      1982         27         2270         -1.7          4       0.630           5         1.7
      6      1982         28         1270          0.2          6       0.700         7.5         5.1
      6      1982         29         1710          3.8        8.7       0.850           7         4.2
      6      1982         30         1520          6.8        8.9       0.970          11           6
      6      1982         31         5120         -2.9        6.9       0.640         3.5         0.1
      6      1982         32         6570         -4.3        4.6       0.550           2           0
      6      1982         33         6250         -2.7        2.2       0.510         4.5           0
      6      1982         34         6320         -2.5        2.4       0.450           6           0
      6      1982         35         4740         -3.3          2       0.510         3.5           0
      6      1982         36         5370         -1.9        7.1       0.670           4           0
      6      1982         37         1740          4.2        7.2       0.880           5         3.6
      6      1982         38         2450          5.4        7.3       0.930           4         5.9
      6      1982         39         3170          0.5        6.4       0.760         4.5         0.7
      6      1982         40         1630          2.4        8.3       0.860         5.5           0
      6      1982         41         4600          2.6       10.4       0.790           4           0
      6      1982         42         6090            3       12.1       0.890           5         0.5
      6      1982         43         5650          2.1          8       0.860         4.5         2.6
      6      1982         44         6320          5.8         12       0.880           5           0
      6      1982         45         2580          1.4        7.5       0.850         2.5         0.5
      6      1982         46         1420          0.7          3       0.680         5.5           0
      6      1982         47          990          0.6        2.3       0.610           5           0
      6      1982         48         1010          0.2        1.9       0.610           5           0
      6      1982         49         6010         -1.6        3.1       0.530           6           0
      6      1982         50         6540         -3.2        0.4       0.410         5.5           0
      6      1982         51         9310         -4.4        3.6       0.420         4.5           0
      6      1982         52        10220           -4          5       0.460         3.5           0
      6      1982         53         9910         -4.3          6       0.450         3.5           0
      6      1982         54         7980           -5        3.4       0.500         3.5           0
      6      1982         55         4200         -2.3        0.5       0.480         1.5           0
      6      1982         56         5170         -6.1        0.9       0.470         2.5           0
      6      1982         57         9060         -7.2        5.4       0.440         2.5           0
      6      1982         58         3060         -2.2        4.4       0.620           4           0
      6      1982         59         1280          3.3        8.9       0.940           6         2.5
      6      1982         60         6410          3.3       11.8       0.990        10.5         6.1
      6      1982         61         7690          2.3        8.5       0.760         8.5           0
      6      1982         62         2890          5.7          9       0.900        11.5        13.1
      6      1982         63         2860          2.5        6.4       0.750         9.5         2.3
      6      1982         64        11280         -3.2        7.1       0.640           6           0
      6      1982         65        13180         -3.8        6.8       0.570           3           0
      6      1982         66        12210         -1.9        4.9       0.520         3.5           0
      6      1982         67        10430         -2.3        8.4       0.580           2           0
      6      1982         68         7440         -3.6        7.4       0.600           3           0
      6      1982         69         1360          1.2        7.7       0.820         8.5        10.9
      6      1982         70         8490          1.2        6.9       0.680           9         3.6
      6      1982         71         3370          1.4        6.5       0.710           8         5.8
      6      1982         72         9130          1.6        7.2       0.680         6.5         0.3
      6      1982         73         6230          0.9        8.8       0.830         7.5           0
      6      1982         74         8840          5.7       11.5       0.780           8           0
      6      1982         75         8810          1.7        9.7       0.770           9          11
      6      1982         76         9410          2.8        9.1       0.810         5.5         0.3
      6      1982         77         6770          0.9        8.8       0.770         4.5         1.5
      6      1982         78         6680         -0.3        7.6       0.740         2.5           0
      6      1982         79         3970          0.3        5.4       0.670           4           0
      6      1982         80         9970          1.4        7.2       0.620         1.5           0
      6      1982         81         7130          1.6        9.2       0.720         1.5           0
      6      1982         82         7530          0.5        8.4       0.790           3           0
      6      1982         83         5940          0.8        5.9       0.710         1.5           0
      6      1982         84        14060         -1.8       11.4       0.680         2.5           0
      6      1982         85        16150         -2.2       15.2       0.730           2           0
      6      1982         86        15200           -1       17.6       0.840         2.5           0
      6      1982         87         9510          0.4       12.2       0.830         2.5           0
      6      1982         88         2950         -2.1        5.9       0.740         2.5         2.1
      6      1982         89         5010          3.6        6.2       0.720         6.5           0
      6      1982         90        17930         -0.2       10.1       0.650           5           0
      6      1982         91        16080          0.5       15.5       0.770           3           0
      6      1982         92        16030          1.3         20       0.890           3         0.5
      6      1982         93        12380          0.2       13.6       0.840           4           0
      6      1982         94        15250         -1.3       16.2       0.790           2           0
      6      1982         95        16140          3.8       19.4       0.800         3.5           0
      6      1982         96        10090          4.6         22       1.090           4         1.8
      6      1982         97         2670          8.9       12.2       1.220         8.5         7.4
      6      1982         98        13190          0.9        9.4       0.720        10.5           7
      6      1982         99        14300          1.3        7.5       0.620         8.5         0.8
      6      1982        100        11880          0.8        7.6       0.680           7         4.2
      6      1982        101        13410         -0.2        6.3       0.640           8         3.4
      6      1982        102        13240         -0.6        7.2       0.660           7         4.1
      6      1982        103        20320         -1.5        9.5       0.650         5.5         0.1
      6      1982        104        19750         -3.2       10.8       0.610           2           0
      6      1982        105        20870           -2       13.2       0.670         1.5           0
      6      1982        106        15740         -0.8       14.2       0.810           3           0
      6      1982        107        13740          2.2        8.6       0.720         6.5           0
      6      1982        108        20500         -0.6       13.2       0.640         2.5           0
      6      1982        109        18500         -1.1       11.3       0.760           3           0
      6      1982        110        18390         -2.9       11.8       0.740           3           0
      6      1982        111        16250          1.9       10.6       0.740           3           0
      6      1982        112        20580          4.2       15.2       0.840           2           0
      6      1982        113        12570         -0.3       13.3       0.850         4.5         1.5
      6      1982        114        19360          3.2       11.5       0.800           7           0
      6      1982        115        21110          0.8       11.6       0.870         4.5           0
      6      1982        116        21030          6.6       11.3       0.930         9.5           1
      6      1982        117         7630          6.4       10.1       0.930           6           0
      6      1982        118         9930          3.9       11.8       0.920         4.5           0
      6      1982        119        14010            2        9.3       0.780           8         4.4
      6      1982        120         6760          1.7        8.9       0.820           6         7.3
      6      1982        121         6280          1.1        9.6       0.890           7         8.4
      6      1982        122        16540          1.5        9.8       0.710         6.5         0.3
      6      1982        123        17900          6.7       12.3       0.820         9.5         1.8
      6      1982        124        22200          3.3       12.9       0.800           8         0.5
      6      1982        125         8070          2.3        9.4       0.870         1.5         1.8
      6      1982        126        14720          2.8         14       0.890         3.5         1.5
      6      1982        127         9490          4.7       10.6       0.900         4.5         0.4
      6      1982        128        11830            2       12.3       0.900           6         3.3
      6      1982        129        26610         -0.6       13.8       0.780         3.5           0
      6      1982        130        22740         -0.4       16.1       0.790           2           0
      6      1982        131        24640          0.1       14.4       0.940         2.5           0
      6      1982        132        26150          0.4       14.9       0.840         2.5           0
      6      1982        133        26670           -1       15.4       0.810         2.5           0
      6      1982        134        24730            1       17.5       0.990         3.5           0
      6      1982        135        24330          5.8       26.2       1.190         2.5           0
      6      1982        136        21810         10.6       26.3       1.480         2.5           0
      6      1982        137        15550           11       21.9       1.520         1.5         0.9
      6      1982        138        16000          7.8       21.5       1.480         2.5           1
      6      1982        139        20060           10       19.6       1.290           3           0
      6      1982        140         8310          8.5       18.3       1.500         1.5         2.4
      6      1982        141         9100          8.6       18.2       1.460           2           0
      6      1982        142         5940         11.5       15.4       1.510           4         4.8
      6      1982        143        10850         10.3         17       1.330           4        10.3
      6      1982        144        20250          7.7       17.4       1.230           5           0
      6      1982        145        10170          9.7       18.2       1.420           5           0
      6      1982        146        25750         13.8       27.1       1.550           3           0
      6      1982        147        19110         11.1       26.9       1.680         3.5        10.2
      6      1982        148        22030          6.9         18       1.160         4.5           0
      6      1982        149        29020            6         19       1.060         2.5           0
      6      1982        150        26780          7.5       21.9       1.240         3.5           0
      6      1982        151        25020         10.6       27.6       1.500           3           0
      6      1982        152        24870         12.5         29       1.730           2           0
      6      1982        153        22870         13.7       27.8       1.920         2.5           0
      6      1982        154        24890           14       33.5       2.060         2.5           0
      6      1982        155        20460         16.3       31.8       2.040         2.5           0
      6      1982        156        25700         13.5       28.9       1.910           3           0
      6      1982        157        23690           13       26.8       1.780           2           0
      6      1982        158        24190         12.2       25.4       1.640         2.5           0
      6      1982        159        19570          9.8       22.8       1.510         3.5           0
      6      1982        160        22530          8.2       18.7       1.250           4           0
      6      1982        161        20620         12.3       21.5       1.360         3.5           0
      6      1982        162         6210         11.8       19.9       1.600           5         3.2
      6      1982        163        14170         11.1       18.8       1.420           6         1.4
      6      1982        164        21160          8.7       17.6       1.240         6.5          10
      6      1982        165        13800          7.8       14.9       1.160           5         5.1
      6      1982        166        14010          8.2       16.2       1.070         3.5         0.2
      6      1982        167        10720          6.4       15.1       1.140           2           4
      6      1982        168        15430            6       17.3       1.110         2.5           0
      6      1982        169        16270          4.5       18.3       1.290         2.5         1.3
      6      1982        170        10860         11.7       18.4       1.520           4         2.5
      6      1982        171        20060            8       18.2       1.360         4.5         1.3
      6      1982        172        15310          5.9       17.1       1.230           2           0
      6      1982        173        13090           10       19.1       1.430           4           8
      6      1982        174        18900         13.4       20.3       1.620         6.5         8.1
      6      1982        175        11760         12.1         19       1.640           3        10.6
      6      1982        176        15700         10.5       21.7       1.700           3         0.6
      6      1982        177        17740         12.8       21.5       1.720         3.5        21.3
      6      1982        178        15470         12.3       19.9       1.540         2.5         6.4
      6      1982        179        14350         12.3       19.4       1.540         4.5           4
      6      1982        180        21030         11.3       18.4       1.420         6.5         3.4
      6      1982        181        21460          9.1       18.8       1.370           6           0
      6      1982        182        11470            8       19.1       1.550           3         0.8
      6      1982        183        21680         14.2       25.9       1.910           3           0
      6      1982        184        10930           11       20.2       1.630         3.5           0
      6      1982        185        19240         11.1       18.5       1.410         6.5         1.6
      6      1982        186        22280         10.2       18.8       1.370         6.5         5.1
      6      1982        187         7350         10.5       17.6       1.500         2.5           2
      6      1982        188        23810         10.9       21.9       1.480           2           0
      6      1982        189        22110           10       26.1       1.750           2           0
      6      1982        190        27620         13.7       27.9       2.000         3.5           0
      6      1982        191        20940         14.3       23.3       1.970           4           0
      6      1982        192        20760         12.1       22.3       1.890           4           0
      6      1982        193        27000         15.6       25.5       1.910           5           0
      6      1982        194        25420         14.1         27       2.080           4           0
      6      1982        195        23260         18.7         29       2.200         3.5           0
      6      1982        196        20800         16.4       28.6       2.030         3.5         2.8
      6      1982        197        23610         11.1       21.7       1.490         4.5           0
      6      1982        198        16350            8       21.2       1.320         1.5           0
      6      1982        199        20740            6       22.7       1.320         1.5           0
      6      1982        200        17090          9.6       21.2       1.420           3           0
      6      1982        201        24000          7.6       23.5       1.510         3.5           0
      6      1982        202        15400         12.1       21.5       1.540         4.5           0
      6      1982        203        14270           13       20.3       1.460           4           0
      6      1982        204        19100         12.6       21.2       1.620           4           0
      6      1982        205        13190         10.3       21.1       1.490         2.5           0
      6      1982        206        12690         10.6       20.3       1.490           3         0.1
      6      1982        207         9810         13.1       19.9       1.510           4         0.3
      6      1982        208        17850         12.8       21.8       1.570           5         2.5
      6      1982        209        24290         12.6       23.8       1.630         4.5           0
      6      1982        210        25270         13.7       27.7       1.670           4           0
      6      1982        211        23560         14.6       29.5       1.620           4           0
      6      1982        212        23580         17.6       30.3       1.660           5           0
      6      1982        213        20110         16.2       29.5       2.020           2           0
      6      1982        214        23460         17.4       31.3       1.770           4           0
      6      1982        215        22070         16.5       30.5       1.780         3.5           0
      6      1982        216        22280         17.9       31.6       2.050         3.5           0
      6      1982        217        10640         17.3       25.5       2.110           2           0
      6      1982        218        13930         15.5       25.9       1.980         1.5           0
      6      1982        219        15820         14.2       24.6       1.890           3           0
      6      1982        220         9500         15.1       22.6       1.910           3           0
      6      1982        221         9750         12.1       21.9       1.740         3.5         3.9
      6      1982        222        17350         10.1       22.2       1.440           5         3.7
      6      1982        223        19800          9.4       24.7       1.500         3.5           0
      6      1982        224        17220           13       28.7       1.720         4.5         3.7
      6      1982        225        13940         13.4       21.4       1.600           6         1.1
      6      1982        226        20700          9.1       21.3       1.330           4           0
      6      1982        227         6260          8.6       19.4       1.610           3         8.4
      6      1982        228         8510         14.7       21.8       1.660           5         0.2
      6      1982        229        14520         12.6       20.9       1.500           5         4.6
      6      1982        230         3460         13.4         19       1.700           7        16.7
      6      1982        231        18180         11.7       19.3       1.290           6         3.9
      6      1982        232        17640         10.7         18       1.310           8         8.8
      6      1982        233         8780         12.6       17.9       1.480         7.5        11.8
      6      1982        234         6200         13.2       18.7       1.690         5.5         0.8
      6      1982        235        11220         11.3       20.3       1.560           5         0.9
      6      1982        236        15610          9.2       19.8       1.430           4         2.5
      6      1982        237        16060         10.2       18.7       1.380           5         1.2
      6      1982        238        12710          8.2       19.4       1.410         2.5           0
      6      1982        239        13500          9.7       17.8       1.370         4.5         2.6
      6      1982        240        14100          7.8       19.8       1.290           2         0.7
      6      1982        241        18630            4         21       1.260         2.5           0
      6      1982        242        14540         12.1       21.8       1.490           4         0.4
      6      1982        243         7490         10.2       18.8       1.530         3.5         0.8
      6      1982        244         6050          8.6         16       1.350           4         1.6
      6      1982        245        15930          7.4         18       1.220           4           0
      6      1982        246        19580          8.4       19.6       1.290           5           0
      6      1982        247         9350          8.4       19.4       1.580         3.5           0
      6      1982        248        13180          7.4       19.4       1.560           3         0.6
      6      1982        249         4030         13.3       19.2       1.730           3         0.3
      6      1982        250         8500         12.8       18.3       1.620           4         0.3
      6      1982        251        14150          7.7       19.8       1.460           5           0
      6      1982        252        14740          8.1       20.6       1.370         1.5           0
      6      1982        253        15660          9.1       26.2       1.580           2           0
      6      1982        254        11330          5.9       19.4       1.510         2.5           0
      6      1982        255        16530            4       22.6       1.400           2           0
      6      1982        256        10350          6.1       19.5       1.520           3           0
      6      1982        257        14510          5.8       20.9       1.350         1.5           0
      6      1982        258        13930          7.5         25       1.590         1.5           0
      6      1982        259         8340          9.1       20.7       1.590         1.5           0
      6      1982        260         9980         11.1       21.4       1.640           2           0
      6      1982        261         9120         10.5       23.8       1.740         1.5           0
      6      1982        262        13000           13       25.8       1.800         2.5           6
      6      1982        263         9350         15.6       24.8       2.010           4        10.6
      6      1982        264         6280          8.9       20.7       1.620           7         6.8
      6      1982        265        14040          5.1       16.1       1.040           3         0.1
      6      1982        266        14010          1.8       17.4       1.040           3         0.6
      6      1982        267        10270           11       19.7       1.370           4         0.4
      6      1982        268         4040         12.5         19       1.520         3.5         0.4
      6      1982        269         4640         12.8       20.1       1.660         4.5         3.9
      6      1982        270        13580         10.4       19.3       1.380           5         0.2
      6      1982        271        10460          9.6       18.6       1.310           3           0
      6      1982        272        11530          9.4       23.4       1.410           3           0
      6      1982        273         3290         10.7       16.6       1.560         2.5         1.1
      6      1982        274        12720          6.2       18.2       1.290         1.5           0
      6      1982        275        11700          6.1       20.4       1.380         1.5           0
      6      1982        276         4670         11.3       18.9       1.570           1           0
      6      1982        277         8080         10.7       18.7       1.430         2.5           0
      6      1982        278         5490          6.2       14.9       1.140         3.5           0
      6      1982        279         6230          8.4       15.1       1.310         2.5           0
      6      1982        280         5820          8.8       15.6       1.340         4.5        10.9
      6      1982        281         4570          9.1       14.3       1.320           3         3.3
      6      1982        282         5390          9.5       14.1       1.240           2         3.1
      6      1982        283         1450          9.4       12.3       1.270           4         2.8
      6      1982        284         4430          8.4       14.3       1.240           2         0.9
      6      1982        285         8130          9.5       14.7       1.220           2           4
      6      1982        286         3780          7.7       13.2       1.200           5         9.4
      6      1982        287         4980          7.4         14       1.190           4         2.2
      6      1982        288         4040          6.3       13.3       1.130         5.5        18.2
      6      1982        289         5970          5.7       12.9       1.010           3           0
      6      1982        290         3290          6.7       13.2       1.090         3.5           2
      6      1982        291         7510          7.5         17       1.240         3.5         2.2
      6      1982        292         5010         10.4       14.8       1.320         4.5         1.2
      6      1982        293         3000         10.3       14.2       1.270           8         0.7
      6      1982        294         1600          9.5       13.7       1.360           2         5.5
      6      1982        295         7900            9       18.7       1.370           3           0
      6      1982        296         1940         10.4       13.7       1.360           4         5.2
      6      1982        297         6710          4.4       12.8       1.020           3         1.8
      6      1982        298         5510          5.2       12.9       1.030         4.5           0
      6      1982        299         2530          9.7       13.4       1.260         4.5           0
      6      1982        300         7400          1.6       14.4       1.050           2           0
      6      1982        301         6450          0.2       13.9       1.040           2           0
      6      1982        302         5040          7.7       13.5       1.200         2.5           0
      6      1982        303          780          7.1         10       0.990           2           0
      6      1982        304         1980          5.9        9.2       0.910           3           0
      6      1982        305         1850          9.4       15.7       1.320         5.5         0.1
      6      1982        306         1150         10.7       13.4       1.430         2.5         0.5
      6      1982        307         1030          9.8       12.1       1.240         1.5           0
      6      1982        308         1950          7.4       12.3       1.210         1.5           0
      6      1982        309         1940            2        8.2       0.870         4.5           0
      6      1982        310         6480            0        6.2       0.560         5.5           0
      6      1982        311         5900         -0.6        6.3       0.470         5.5           0
      6      1982        312         2860          3.4       15.3       0.990           6         1.7
      6      1982        313         2020          8.1       13.6       1.210           6         0.2
      6      1982        314         2300          7.7       11.9       1.210           7         1.3
      6      1982        315         3680          9.2       14.6       1.260         6.5           0
      6      1982        316         3180          8.7       14.3       1.160           7           4
      6      1982        317         2640          3.2          9       0.900           5           1
      6      1982        318         3870          1.3        7.4       0.780           4         1.3
      6      1982        319         4890         -0.2        9.3       0.690           2           0
      6      1982        320          850          0.5        7.5       0.790           7         2.2
      6      1982        321         2630            2        8.6       0.840         6.5         5.2
      6      1982        322          620          6.5       12.2       1.180           8        12.5
      6      1982        323         4100          5.8        9.4       0.780        10.5         0.6
      6      1982        324         2310          2.9        9.7       0.830         8.5         2.1
      6      1982        325         3060          3.6        9.1       0.870           7           0
      6      1982        326         1950          3.9        8.3       0.930         6.5         8.9
      6      1982        327         1080          3.4       12.4       1.030           6         3.1
      6      1982        328         1350          4.5       13.2       0.980         8.5         1.6
      6      1982        329          850          6.2        8.8       0.970         7.5         1.8
      6      1982        330          780            4        7.9       0.930         4.5         3.9
      6      1982        331         1990          2.9        6.9       0.840           3           0
      6      1982        332         3120          2.4        6.2       0.790           5           0
      6      1982        333         1280          1.6          4       0.750         2.5           0
      6      1982        334         1520         -0.5        2.2       0.650         2.5           0
      6      1982        335         2810         -0.6        2.8       0.600           4           0
      6      1982        336          860         -1.8        0.8       0.560         2.5           0
      6      1982        337          620         -1.9        0.8       0.590           1           0
      6      1982        338          670         -1.9        2.8       0.610         2.5           0
      6      1982        339         1560          1.4        5.2       0.740         5.5         5.7
      6      1982        340         2820         -1.1        7.4       0.750           2         0.1
      6      1982        341          990         -2.9        5.2       0.630           3           3
      6      1982        342         2970          4.1       10.7       0.870         6.5         0.6
      6      1982        343          430          2.7        7.8       0.830           7         8.3
      6      1982        344         1930          4.4       10.7       0.870         9.5         4.7
      6      1982        345         1280          2.7        6.6       0.820           7         9.9
      6      1982        346          970         -1.5        4.5       0.650           3           0
      6      1982        347          760         -1.6       -0.2       0.570         1.5           0
      6      1982        348          640         -2.3        1.6       0.590         5.5         2.2
      6      1982        349          260          0.8       12.1       1.030          13         4.2
      6      1982        350         1450          1.8       10.2       0.670        11.5         1.3
      6      1982        351         1820          0.1        4.1       0.670           5         2.8
      6      1982        352         2410         -1.7        2.9       0.620         3.5           0
      6      1982        353         2780         -1.2        4.2       0.590           9         6.1
      6      1982        354         2230          3.7        6.7       0.740           9         2.1
      6      1982        355          680          2.9        5.1       0.790         9.5        14.8
      6      1982        356         1560           -3        3.6       0.650           3         0.2
      6      1982        357         3420         -3.6        2.4       0.590           3           0
      6      1982        358          410         -0.9          3       0.610           7         1.4
      6      1982        359         1020          2.3        5.4       0.810         3.5         0.4
      6      1982        360          740          5.4        8.3       1.010           6           0
      6      1982        361         2410          4.8        8.9       0.900           9         1.5
      6      1982        362         2020          1.4        6.5       0.710         7.5         2.1
      6      1982        363         2660         -0.7        5.5       0.690           2           0
      6      1982        364          750         -0.5        4.2       0.730           4           0
      6      1982        365          530         -0.9        2.1       0.630           5           0
