* Country: Netherlands
* Station: Eelde
* Year: 2002
*  Source: Weather data and coordinates from
*  Eelde (Airport)  data Meteoconsult/DACOM
*  + voorspelling
*  Author: J. W. Steenhuizen PRI Wageningen
*  Longitude: 235.030 Amersfoortse coordinates
*  Latitude: 571.460
*  Elevation: 4.0 m.
*  Comments: For internal use only; from day 290-294 data are same as week before
*  Columns:
*  ========
*  station number
*  year
*  day
*  irradiation (kJ m-2 d-1)
*  minimum temperature (degrees Celsius)
*  maximum temperature (degrees Celsius)
*  vapour pressure (kPa) !! op basis van RV-min !!
*  mean wind speed (m s-1)
*  precipitation (mm d-1)
*--------------------------------------------------------------------------*
   6.35 53.08 4.0 0.00 0.00
          6       2002         1        3450        -2.3         2.8        0.541         4.8        4.1
          6       2002         2        1710        -0.6         3.4        0.561         3.7        0.0
          6       2002         3        4470        -4.0        -1.0        0.361         4.8        0.0
          6       2002         4        4090        -7.0        -2.2        0.265         3.3        0.0
          6       2002         5        3450        -5.9         1.2        0.360         3.3        0.0
          6       2002         6         960         1.0         4.2        0.648         3.0        0.5
          6       2002         7        1470         1.7         4.5        0.755         1.0        0.0
          6       2002         8         760         1.0         3.0        0.621         1.3        0.0
          6       2002         9        3180        -2.9         1.9        0.530         1.3        0.0
          6       2002        10        2310        -3.1        -0.3        0.534         2.4        0.0
          6       2002        11         750        -2.1         2.9        0.585         3.8        4.1
          6       2002        12         970         1.9         3.4        0.709         3.3        0.3
          6       2002        13        4250         1.1         6.3        0.581         3.1        0.0
          6       2002        14        1240        -0.3         2.7        0.613         3.4        0.0
          6       2002        15         880         2.1         3.2        0.658         4.9        2.8
          6       2002        16        3810         2.1         5.8        0.729         3.5        1.7
          6       2002        17        1050         3.4         5.1        0.728         6.0        0.1
          6       2002        18        3370         3.4         6.4        0.736         5.3        3.6
          6       2002        19        2090         3.8         8.0        0.770         6.8        1.7
          6       2002        20         920         3.5         9.5        0.842         8.8       14.6
          6       2002        21        2150         8.3        11.0        1.007         7.5        2.5
          6       2002        22        1510         6.0         9.3        0.859         8.0        3.7
          6       2002        23        1680         6.3         7.8        0.824         8.4        1.3
          6       2002        24         940         5.3         9.7        0.725         9.0        5.6
          6       2002        25        3540         0.2         5.8        0.477         4.7        1.1
          6       2002        26        1470         6.3        10.5        0.915        11.9       20.3
          6       2002        27        3210         7.1         9.8        0.896         7.1        7.6
          6       2002        28        4310         8.9        12.4        0.885        12.7       11.3
          6       2002        29        5160         8.2        10.7        0.911        10.5        0.6
          6       2002        30        2360         8.1        11.6        1.021         6.3        0.0
          6       2002        31        2040         6.7        11.2        0.926         7.6        8.5
          6       2002        32        2290         8.3        12.6        0.936         9.1        0.0
          6       2002        33        5870        10.0        14.5        0.755         8.3        0.0
          6       2002        34        4750         7.0        12.4        0.650         5.8        0.0
          6       2002        35        3020         6.6        12.7        0.695         9.0       10.7
          6       2002        36        1710         7.9        12.0        1.040         7.6        7.1
          6       2002        37        2660         6.4         8.5        0.847         6.8        1.4
          6       2002        38        3310         4.7         7.3        0.710         6.9        1.2
          6       2002        39        4630         5.9        11.0        0.885         7.2        3.5
          6       2002        40        2030         6.4        11.7        0.887        10.4        0.0
          6       2002        41        2590         6.8         8.2        0.839         7.5        0.8
          6       2002        42         890         9.1        11.7        1.135        12.7       26.1
          6       2002        43        5990         8.2        11.6        0.890        10.4        1.6
          6       2002        44        4290         2.1         8.0        0.648         2.9        0.0
          6       2002        45        9310        -0.6         4.3        0.440         4.5        0.0
          6       2002        46       10030        -5.4         4.7        0.321         2.5        0.0
          6       2002        47       10560        -3.8         6.5        0.364         2.5        0.0
          6       2002        48       10600        -6.0         6.8        0.390         1.8        0.0
          6       2002        49        6640         1.5         6.7        0.655         5.0       11.1
          6       2002        50        6660         2.5         7.3        0.623         7.9       10.7
          6       2002        51        5700         3.3         9.1        0.692         7.9       15.6
          6       2002        52        9660         1.7         6.1        0.363         6.5        0.0
          6       2002        53        3670         0.9        10.5        0.595        10.7       17.4
          6       2002        54        5780         0.5         4.1        0.526         9.5        8.6
          6       2002        55        7440         0.4         4.5        0.503         4.8        3.3
          6       2002        56        3810         1.7         9.8        0.836         4.4       11.6
          6       2002        57        4470         7.7        11.3        0.819        12.6       11.9
          6       2002        58        7480         3.4         8.1        0.560        10.1        0.7
          6       2002        59        4430         3.3         7.0        0.687         7.2        9.8
          6       2002        60        9950        -1.6         6.7        0.477         4.3        3.6
          6       2002        61        8830        -2.4         5.6        0.473         4.2        1.4
          6       2002        62        8700        -0.3         8.5        0.532         5.0        0.2
          6       2002        63        4980         6.5         9.9        0.891         4.7        0.1
          6       2002        64        6150         4.8         9.4        0.706         4.5        0.0
          6       2002        65        2420         4.7        10.0        0.862         9.5        0.9
          6       2002        66       10220         6.2        10.6        0.738        10.8        4.0
          6       2002        67       10000         1.9        11.4        0.626         5.2        0.0
          6       2002        68       12480         5.2        10.7        0.598         7.4        1.9
          6       2002        69        9200         2.6        10.2        0.490         7.8        2.7
          6       2002        70        7990         6.3        12.8        0.822         5.8        0.0
          6       2002        71        8500         5.2        13.5        0.776         2.5        0.0
          6       2002        72        3700         1.6         6.9        0.629         3.8        0.5
          6       2002        73        7770         1.6         8.0        0.533         6.8        0.0
          6       2002        74        7420         1.2         4.3        0.528         8.1        0.0
          6       2002        75       12090         2.9        14.7        0.736         3.7        0.0
          6       2002        76        9070         3.4        15.4        0.778         4.0        1.6
          6       2002        77        5480         6.9        12.7        0.969         4.6       10.7
          6       2002        78        4970         5.2         9.8        0.798         8.0        5.0
          6       2002        79        4480         5.2         8.5        0.833         3.2        2.6
          6       2002        80        6080         5.7        12.3        0.861         4.9        0.0
          6       2002        81        3750         3.8         7.3        0.625         3.3        0.8
          6       2002        82       16410        -0.5         9.9        0.495         3.9        0.0
          6       2002        83       12890         0.3         7.9        0.467         3.0        0.0
          6       2002        84       18100        -1.7         7.6        0.347         2.4        0.0
          6       2002        85       12890        -0.7         8.3        0.385         2.3        0.0
          6       2002        86       10930        -1.2         7.9        0.450         2.3        0.0
          6       2002        87       19320        -1.2        13.7        0.314         2.6        0.0
          6       2002        88       19670         0.3        17.2        0.305         3.3        0.0
          6       2002        89       12360         0.8        14.8        0.455         2.1        0.0
          6       2002        90       13010         4.4        15.9        0.508         3.2        0.0
          6       2002        91       11470         5.7        15.4        0.790         2.7        0.0
          6       2002        92       16730         6.0        21.6        0.410         3.9        0.0
          6       2002        93       17730         7.9        18.6        0.441         6.6        0.0
          6       2002        94       18040         5.2        15.7        0.342         5.8        0.0
          6       2002        95       19050         2.7        12.4        0.426         6.9        0.0
          6       2002        96       20390        -0.4         9.4        0.379         5.3        0.0
          6       2002        97       15260        -3.0        11.3        0.485         2.7        0.0
          6       2002        98       19480        -1.5        13.1        0.332         2.4        0.0
          6       2002        99        8410         0.7        10.1        0.556         2.9        0.0
          6       2002       100       16300         0.1        11.6        0.435         6.0        0.0
          6       2002       101       11730         5.0        11.2        0.561         4.1        0.0
          6       2002       102       13000        -0.6        11.9        0.657         4.8        0.0
          6       2002       103        6840         4.4         8.3        0.680         4.5        0.0
          6       2002       104        6120         2.6         9.7        0.708         2.7        0.2
          6       2002       105        2530         6.7         9.1        1.001         2.4        4.4
          6       2002       106        3720         6.9         9.8        0.955         2.8        0.8
          6       2002       107        9780         2.9        10.9        0.666         1.9        0.0
          6       2002       108       11770         5.2        14.6        0.768         2.1        7.8
          6       2002       109       16450         4.5        12.2        0.747         2.7        1.9
          6       2002       110        8420         5.3        12.5        0.844         2.3        0.0
          6       2002       111       20770         3.2        17.5        0.578         1.4        0.0
          6       2002       112       15600         5.9        19.1        0.710         3.6        0.0
          6       2002       113       16430         9.7        15.5        1.036         4.3        0.0
          6       2002       114       11610         9.7        17.4        1.102         3.0        0.0
          6       2002       115        9100         4.4        16.5        0.987         2.8        0.0
          6       2002       116        5950         8.0        11.7        0.924         4.9        8.8
          6       2002       117        5690         4.8         8.6        0.726         5.1       10.7
          6       2002       118        7150         6.5        11.5        0.930         6.1       13.7
          6       2002       119       13870         4.8        10.9        0.732         8.6       17.4
          6       2002       120        7570         6.1        12.4        0.852         6.7        2.9
          6       2002       121       16970         4.8        13.7        0.759         6.1        6.4
          6       2002       122       10020         4.1        14.3        0.931         2.6        8.1
          6       2002       123        5160         7.2         9.6        0.893         4.8        1.1
          6       2002       124        7440         7.3        10.0        0.930         5.5        2.7
          6       2002       125        4240         7.2        11.6        1.026         4.3        9.4
          6       2002       126        8860         3.0        13.7        0.955         2.8        0.0
          6       2002       127       18160         9.6        17.1        1.026         2.5        0.0
          6       2002       128       13790         7.6        15.3        1.122         3.9        0.0
          6       2002       129       18080         9.4        22.5        1.160         3.8        0.0
          6       2002       130       19890        13.3        24.0        1.376         3.5        0.0
          6       2002       131        4790        11.3        14.3        1.271         2.8        0.0
          6       2002       132       17910         7.2        14.7        0.798         3.5        0.0
          6       2002       133       20770         6.7        21.2        0.812         3.4        0.0
          6       2002       134       14790        11.0        17.3        1.049         7.4        0.9
          6       2002       135       16140         9.5        17.1        0.931         5.3        0.0
          6       2002       136       22840         8.9        20.6        0.990         3.4        0.0
          6       2002       137       24690         5.0        16.7        0.935         3.1        0.0
          6       2002       138       11730         8.5        19.1        1.057         3.5        0.8
          6       2002       139       16340        11.4        18.8        1.047         3.7        0.0
          6       2002       140       22650         7.2        22.9        0.838         3.0        0.0
          6       2002       141       24620        12.3        25.1        0.884         4.7        0.0
          6       2002       142       11270        14.7        23.5        1.216         3.9        3.6
          6       2002       143       15830        11.7        19.3        1.021         2.6        0.0
          6       2002       144       16650         8.7        19.3        0.799         5.7        1.5
          6       2002       145       15640         8.1        16.2        0.864         5.5       10.8
          6       2002       146       13980         8.0        17.9        0.851         3.9        2.4
          6       2002       147       21140         7.5        19.2        0.766         3.0        0.0
          6       2002       148       12600        12.4        19.4        1.084         2.0        0.3
          6       2002       149       15500         9.6        15.5        0.872         4.9        3.4
          6       2002       150       17670         8.2        16.5        0.861         3.9        2.3
          6       2002       151       20890         6.8        16.4        0.833         4.7        0.0
          6       2002       152       24370         4.0        17.9        0.719         2.3        0.0
          6       2002       153       27890         7.7        22.8        0.728         3.7        0.0
          6       2002       154       21110        13.2        26.1        0.915         4.0        7.5
          6       2002       155       23480        13.1        24.1        1.157         3.0        0.0
          6       2002       156       18320        15.5        25.4        1.106         5.0        0.0
          6       2002       157       12030        15.2        21.7        1.337         2.6        0.0
          6       2002       158        3440        14.0        17.2        1.453         3.2       21.6
          6       2002       159       15480        12.4        18.7        1.236         1.7        0.0
          6       2002       160       21290         8.6        22.7        0.942         2.2        0.0
          6       2002       161       14410        11.2        17.0        1.094         4.2        7.6
          6       2002       162       18130         9.9        17.5        0.956         4.3        1.9
          6       2002       163       11000         9.8        18.3        1.218         3.3        5.8
          6       2002       164       16600        11.6        17.1        1.063         4.9        4.0
          6       2002       165       12990        11.4        20.9        1.376         2.7        0.6
          6       2002       166       18870        15.5        19.5        1.260         5.3        0.9
          6       2002       167       12510        13.2        20.4        1.435         4.4        0.0
          6       2002       168       27860        14.3        30.1        1.338         2.7        0.0
          6       2002       169       22620        14.0        32.4        1.706         4.0        1.9
          6       2002       170       24100        11.2        24.0        1.026         3.2        3.6
          6       2002       171        5160        14.0        17.1        1.589         3.5       16.1
          6       2002       172       18210        12.2        19.3        1.163         2.8        0.4
          6       2002       173       11910        11.1        20.0        1.289         4.2        2.2
          6       2002       174       24660        12.3        20.0        0.954         4.7        0.0
          6       2002       175       23410        11.2        21.0        0.878         3.7        0.0
          6       2002       176       21570         9.8        21.4        0.904         3.5        0.0
          6       2002       177       22410         9.0        21.8        0.822         4.3        0.0
          6       2002       178       21970        11.1        17.3        0.955         4.6        3.3
          6       2002       179       18400        10.4        17.3        1.029         6.7        9.5
          6       2002       180       15470         8.3        17.7        0.764         4.9        2.5
          6       2002       181        6790        11.6        17.0        1.238         5.8        0.7
          6       2002       182        6220        12.3        14.8        1.304         7.2        7.6
          6       2002       183       21310        12.0        16.8        1.033         6.7        5.4
          6       2002       184        6460        11.9        15.7        1.372         5.1        4.8
          6       2002       185       17960        11.6        18.1        1.114         5.5        8.5
          6       2002       186       11320        10.8        18.7        1.057         3.1        0.2
          6       2002       187       13680        12.3        19.8        1.240         4.5        0.8
          6       2002       188       11320        10.2        17.7        1.179         3.6        0.0
          6       2002       189       22590        13.8        23.8        1.215         4.0        0.0
          6       2002       190       17060        14.8        26.0        1.342         2.5        1.8
          6       2002       191        4690        12.3        17.2        1.376         2.3       20.0
          6       2002       192       19940        11.0        18.5        1.090         4.5        3.8
          6       2002       193       22220         9.8        22.1        0.779         2.5        0.0
          6       2002       194        7840        15.2        19.2        1.609         3.2        3.7
          6       2002       195       21440        13.6        22.9        1.425         3.1        0.8
          6       2002       196        7820        15.6        23.2        1.306         4.9        0.0
          6       2002       197       17920        14.2        23.7        1.489         4.5        0.0
          6       2002       198       18550        15.5        20.6        1.366         6.1        0.0
          6       2002       199       13340        14.7        17.4        1.222         7.5        0.0
          6       2002       200        9060        13.8        16.6        1.209         4.6        0.0
          6       2002       201       17750         4.2        20.9        0.712         1.5        0.0
          6       2002       202       12510        13.0        18.6        1.310         3.9        4.3
          6       2002       203       13730        13.0        18.7        1.134         5.5        9.5
          6       2002       204        8920        14.2        19.8        1.356         5.5        3.8
          6       2002       205       20060        13.7        18.7        1.031         5.8        1.9
          6       2002       206       16010        12.5        19.5        1.036         3.6        7.2
          6       2002       207       16730        14.0        22.3        1.291         4.4        0.8
          6       2002       208        7610        18.9        26.7        1.610         2.4        0.0
          6       2002       209       24770        16.2        30.3        1.141         2.0        0.0
          6       2002       210       24520        16.4        30.6        1.100         2.3        0.0
          6       2002       211       19440        18.0        33.3        1.284         3.0        3.0
          6       2002       212       21500        16.5        29.3        1.591         2.4        6.2
          6       2002       213        4860        17.0        22.8        1.975         3.2       41.6
          6       2002       214       23250        15.9        24.5        1.112         3.4        0.0
          6       2002       215        8880        14.4        21.8        1.453         2.7        2.4
          6       2002       216       15850        13.7        24.1        1.310         2.1        0.0
          6       2002       217       12170        14.9        22.8        1.480         1.5       58.9
          6       2002       218       16560        15.8        22.1        1.489         1.9        7.5
          6       2002       219       17530        13.3        24.6        1.139         1.4        0.2
          6       2002       220       15180        16.4        22.8        1.619         1.8        2.1
          6       2002       221       18640        15.2        25.1        1.227         2.2        0.0
          6       2002       222        8560        13.2        21.6        1.510         2.2       12.4
          6       2002       223       10030        17.7        22.8        1.828         3.2        5.8
          6       2002       224       18710        14.0        21.9        1.399         5.1        0.0
          6       2002       225       20650        13.0        22.4        1.316         3.7        0.0
          6       2002       226       15960        14.1        23.9        1.494         2.3        0.0
          6       2002       227       21780        13.3        27.0        1.251         1.3        0.0
          6       2002       228       22550        15.4        27.3        1.169         2.0        0.0
          6       2002       229       23580        11.9        28.9        1.102         2.8        0.0
          6       2002       230       20980        17.2        29.8        1.332         3.3        0.0
          6       2002       231       10210        18.1        24.8        1.815         2.4        0.6
          6       2002       232       19120        16.4        28.6        1.417         2.8       22.1
          6       2002       233       10750        16.9        23.7        1.762         1.6        4.2
          6       2002       234        8370        10.8        19.3        1.368         3.0        0.0
          6       2002       235        9830        10.8        20.1        1.439         2.4        4.7
          6       2002       236        5230        12.2        20.1        1.597         2.1       23.4
          6       2002       237       15420        14.1        21.9        1.382         2.6        4.5
          6       2002       238       16910        10.5        22.7        1.265         2.0        0.0
          6       2002       239        8060        17.6        25.1        1.931         4.3        0.0
          6       2002       240       16990        16.0        23.4        1.629         3.8        0.0
          6       2002       241       14210        13.6        23.2        1.396         1.5        0.0
          6       2002       242       13140        14.3        23.1        1.595         3.7        0.0
          6       2002       243       11020        14.0        19.6        1.301         5.0        0.9
          6       2002       244       14390         7.4        19.5        0.879         2.8        0.0
          6       2002       245       16920         3.1        20.5        0.747         2.4        0.0
          6       2002       246       19040        10.4        22.6        0.807         4.4        0.0
          6       2002       247       18400         9.5        22.5        0.836         2.7        0.0
          6       2002       248       18330         8.4        22.3        0.819         2.1        0.0
          6       2002       249       10500        13.4        20.5        1.390         5.0        6.5
          6       2002       250       11480        14.7        21.2        1.337         4.7       14.8
          6       2002       251       17050        13.8        24.6        1.090         2.9        0.0
          6       2002       252       15700        14.3        27.0        1.144         4.2        6.4
          6       2002       253        2030        13.4        16.3        1.520         2.5       16.9
          6       2002       254        9350        14.5        21.4        1.625         2.8        0.0
          6       2002       255       19160        12.4        21.3        0.921         4.2        0.0
          6       2002       256       18260        10.4        21.6        0.982         3.0        0.0
          6       2002       257        8410        11.2        19.3        1.282         3.9        0.0
          6       2002       258       10560         9.1        18.4        0.880         2.0        0.0
          6       2002       259        7910         7.2        18.2        1.013         2.3        0.0
          6       2002       260       10120        12.2        17.9        1.214         3.5        1.1
          6       2002       261        4810        12.3        16.6        1.201         2.2        0.0
          6       2002       262        5550        12.6        17.1        1.081         1.6        0.0
          6       2002       263        5420        12.0        16.5        1.137         2.3        0.0
          6       2002       264        5570         8.3        15.9        1.002         2.5        0.0
          6       2002       265        9460         9.3        15.7        1.000         3.9        3.9
          6       2002       266       13260         8.7        14.7        0.811         6.0        0.0
          6       2002       267       14170         5.4        15.2        0.714         2.7        0.0
          6       2002       268        6010        10.0        16.5        1.187         3.3        6.7
          6       2002       269        9560         9.9        16.9        1.030         2.9        0.2
          6       2002       270       12120         9.1        15.4        0.656         1.8        0.0
          6       2002       271        6390         8.1        16.4        1.083         2.0        1.5
          6       2002       272       10470         7.9        17.7        0.887         2.0        0.0
          6       2002       273       13120         5.8        19.5        0.761         1.8        0.0
          6       2002       274        9110         5.7        19.7        0.837         1.0        0.0
          6       2002       275        7490         6.4        18.6        1.014         1.4        0.0
          6       2002       276        3600         7.7        18.0        1.260         2.8        1.3
          6       2002       277        9000         7.1        16.8        0.950         4.0        0.0
          6       2002       278        2210         7.7        15.4        1.198         4.8       19.2
          6       2002       279       10480         3.7        13.1        0.716         4.9        2.3
          6       2002       280       10280         4.0        12.2        0.777         3.0        0.2
          6       2002       281       13450        -1.9        10.1        0.442         2.0        0.0
          6       2002       282        9890         4.3        13.3        0.713         6.0        0.0
          6       2002       283       12070         4.4        11.0        0.536         6.8        0.0
          6       2002       284       11570         2.9        10.2        0.476         6.3        0.0
          6       2002       285        8480         1.8         8.3        0.560         5.6        0.2
          6       2002       286        1590         4.2         5.6        0.684         4.9        0.0
          6       2002       287        1630         3.2         5.0        0.712         5.2        5.5
          6       2002       288        7050         3.3        10.2        0.689         2.6        1.9
          6       2002       289        2430         6.3        13.7        0.982         5.2        0.2
          6       2002       290        8480         1.8         8.3        0.560         5.6        0.2
          6       2002       291        1590         4.2         5.6        0.684         4.9        0.0
          6       2002       292        1630         3.2         5.0        0.712         5.2        5.5
          6       2002       293        7050         3.3        10.2        0.689         2.6        1.9
          6       2002       294        2430         6.3        13.7        0.982         5.2        0.2
          6       2002       295         -99         -99         -99          -99         -99        -99
          6       2002       296         -99         -99         -99          -99         -99        -99
          6       2002       297         -99         -99         -99          -99         -99        -99
          6       2002       298         -99         -99         -99          -99         -99        -99
          6       2002       299         -99         -99         -99          -99         -99        -99
          6       2002       300         -99         -99         -99          -99         -99        -99
          6       2002       301         -99         -99         -99          -99         -99        -99
          6       2002       302         -99         -99         -99          -99         -99        -99
          6       2002       303         -99         -99         -99          -99         -99        -99
          6       2002       304         -99         -99         -99          -99         -99        -99
          6       2002       305         -99         -99         -99          -99         -99        -99
          6       2002       306         -99         -99         -99          -99         -99        -99
          6       2002       307         -99         -99         -99          -99         -99        -99
          6       2002       308         -99         -99         -99          -99         -99        -99
          6       2002       309         -99         -99         -99          -99         -99        -99
          6       2002       310         -99         -99         -99          -99         -99        -99
          6       2002       311         -99         -99         -99          -99         -99        -99
          6       2002       312         -99         -99         -99          -99         -99        -99
          6       2002       313         -99         -99         -99          -99         -99        -99
          6       2002       314         -99         -99         -99          -99         -99        -99
          6       2002       315         -99         -99         -99          -99         -99        -99
          6       2002       316         -99         -99         -99          -99         -99        -99
          6       2002       317         -99         -99         -99          -99         -99        -99
          6       2002       318         -99         -99         -99          -99         -99        -99
          6       2002       319         -99         -99         -99          -99         -99        -99
          6       2002       320         -99         -99         -99          -99         -99        -99
          6       2002       321         -99         -99         -99          -99         -99        -99
          6       2002       322         -99         -99         -99          -99         -99        -99
          6       2002       323         -99         -99         -99          -99         -99        -99
          6       2002       324         -99         -99         -99          -99         -99        -99
          6       2002       325         -99         -99         -99          -99         -99        -99
          6       2002       326         -99         -99         -99          -99         -99        -99
          6       2002       327         -99         -99         -99          -99         -99        -99
          6       2002       328         -99         -99         -99          -99         -99        -99
          6       2002       329         -99         -99         -99          -99         -99        -99
          6       2002       330         -99         -99         -99          -99         -99        -99
          6       2002       331         -99         -99         -99          -99         -99        -99
          6       2002       332         -99         -99         -99          -99         -99        -99
          6       2002       333         -99         -99         -99          -99         -99        -99
          6       2002       334         -99         -99         -99          -99         -99        -99
          6       2002       335         -99         -99         -99          -99         -99        -99
          6       2002       336         -99         -99         -99          -99         -99        -99
          6       2002       337         -99         -99         -99          -99         -99        -99
          6       2002       338         -99         -99         -99          -99         -99        -99
          6       2002       339         -99         -99         -99          -99         -99        -99
          6       2002       340         -99         -99         -99          -99         -99        -99
          6       2002       341         -99         -99         -99          -99         -99        -99
          6       2002       342         -99         -99         -99          -99         -99        -99
          6       2002       343         -99         -99         -99          -99         -99        -99
          6       2002       344         -99         -99         -99          -99         -99        -99
          6       2002       345         -99         -99         -99          -99         -99        -99
          6       2002       346         -99         -99         -99          -99         -99        -99
          6       2002       347         -99         -99         -99          -99         -99        -99
          6       2002       348         -99         -99         -99          -99         -99        -99
          6       2002       349         -99         -99         -99          -99         -99        -99
          6       2002       350         -99         -99         -99          -99         -99        -99
          6       2002       351         -99         -99         -99          -99         -99        -99
          6       2002       352         -99         -99         -99          -99         -99        -99
          6       2002       353         -99         -99         -99          -99         -99        -99
          6       2002       354         -99         -99         -99          -99         -99        -99
          6       2002       355         -99         -99         -99          -99         -99        -99
          6       2002       356         -99         -99         -99          -99         -99        -99
          6       2002       357         -99         -99         -99          -99         -99        -99
          6       2002       358         -99         -99         -99          -99         -99        -99
          6       2002       359         -99         -99         -99          -99         -99        -99
          6       2002       360         -99         -99         -99          -99         -99        -99
          6       2002       361         -99         -99         -99          -99         -99        -99
          6       2002       362         -99         -99         -99          -99         -99        -99
          6       2002       363         -99         -99         -99          -99         -99        -99
          6       2002       364         -99         -99         -99          -99         -99        -99
          6       2002       365         -99         -99         -99          -99         -99        -99
