* Country: Netherlands
* Station: Eelde
* Year: 1992
*  Source: Weather data and coordinates from
*  Eelde (KNMI)
*  Author: J. W. Steenhuizen PRI Wageningen
*  Longitude: 235.030 Amersfoortse coordinates
*  Latitude: 571.460
*  Elevation: 4.0 m.
*  Comments: For internal use only
*  Columns:
*  ========
*  station number
*  year
*  day
*  irradiation (kJ m-2 d-1)
*  minimum temperature (degrees Celsius)
*  maximum temperature (degrees Celsius)
*  vapour pressure (kPa) op basis %RH
*  mean wind speed (m s-1)
*  precipitation (mm d-1)
*--------------------------------------------------------------------------*
   6.35 53.08 4.0 0.00 0.00
       6     1992        1         500      4.2       8.3     0.889     10.2         0
       6     1992        2        1190      7.1       8.8     0.933     11.1         0
       6     1992        3        1440      4.3       8.1     0.814     11.4         0
       6     1992        4        1580      2.8       8.4     0.852      7.5       5.2
       6     1992        5         530      3.2       9.9     0.963      4.3        17
       6     1992        6        1170      5.6       9.9     1.021      7.6       2.4
       6     1992        7        1050      2.3       5.8     0.785      6.6         0
       6     1992        8         960        2       9.4     0.805      6.5         1
       6     1992        9         520      2.8       8.3     0.875      4.3       6.6
       6     1992       10        2970     -3.6       3.3     0.587      3.8         0
       6     1992       11        1550     -7.1      -1.2     0.474      1.8         0
       6     1992       12        1120     -1.2       6.7     0.720      3.3       0.2
       6     1992       13        1640      3.4       6.2     0.776      3.3         0
       6     1992       14         760      5.9       7.3     0.901      5.7         0
       6     1992       15         600      6.1       7.4     0.853      4.4         0
       6     1992       16         360      4.1         7     0.824      5.8         0
       6     1992       17        2050      3.7       7.4     0.728      4.8         0
       6     1992       18        1370      3.8       7.6     0.884      4.8         0
       6     1992       19         800      3.5       7.7     0.896      7.9       6.6
       6     1992       20        4340     -4.8       3.5     0.496      6.1         0
       6     1992       21        5320     -6.5      -1.2     0.418      2.6         0
       6     1992       22        4790     -8.6      -2.6     0.376      3.4         0
       6     1992       23        3760       -7      -1.2     0.433      2.4         0
       6     1992       24        3380     -8.5      -0.4     0.448      1.2         0
       6     1992       25         890     -6.1      -0.6     0.501      2.3         0
       6     1992       26        3980     -1.5       6.3     0.710      3.3         0
       6     1992       27        2560     -3.6       6.6     0.688      1.5         0
       6     1992       28        1260      0.1       2.6     0.688      0.9         0
       6     1992       29        3230     -0.8         5     0.703      1.5         0
       6     1992       30         880      1.3       3.3     0.726      1.5         0
       6     1992       31        1070        0       2.5     0.683      1.2         0
       6     1992       32        1570     -1.4       0.9     0.618      2.1         0
       6     1992       33        1130     -0.4       1.5     0.652      4.8         0
       6     1992       34        4280      0.8       6.8     0.719      9.4       5.6
       6     1992       35        2710     -0.8       6.4     0.722      4.4       0.2
       6     1992       36        2320      1.4       8.6     0.836      6.5         0
       6     1992       37        3490      6.1      10.1     1.024      4.9         0
       6     1992       38        2930      3.8       7.5     0.829      5.8         0
       6     1992       39        5160      0.2       7.8     0.751      3.5         0
       6     1992       40        3350        1       7.3     0.759        5       0.6
       6     1992       41        4690      2.5       7.5     0.811        7       0.8
       6     1992       42         840      3.5       7.3     0.901      3.1       1.2
       6     1992       43        1350      6.3      11.7     1.129      3.8       1.8
       6     1992       44        4990      4.5      11.1     0.994      5.6         2
       6     1992       45        3750      4.2       8.1     0.875        7       5.6
       6     1992       46        3500      4.2       9.3     0.881       10       2.9
       6     1992       47        3650     -0.3       6.1     0.706      8.2      10.4
       6     1992       48        7910     -5.4       0.6     0.446      4.4       1.8
       6     1992       49        3640     -6.1       1.2     0.464      2.7         0
       6     1992       50        6740       -1         7     0.703      4.2       0.6
       6     1992       51        5070     -2.3       6.1     0.660      3.2         0
       6     1992       52        2230      2.3       7.3     0.833      4.5       0.1
       6     1992       53        2890      2.1       6.2     0.775      8.2       2.4
       6     1992       54        7800      0.1      10.3     0.805      7.7         1
       6     1992       55        1730     -0.7       6.9     0.766      3.5       0.1
       6     1992       56        4400      2.8       7.9     0.830      1.9         0
       6     1992       57        3520      3.1       9.3     0.886      3.6         0
       6     1992       58        5920      4.2      12.7     0.995      3.2         0
       6     1992       59        7980      1.5      11.8     0.922      3.3         0
       6     1992       60        8990      6.2      14.8     1.075      3.6         0
       6     1992       61        9710      3.9      14.9     0.900      4.8         0
       6     1992       62        5900      4.6       8.5     0.824      8.3       1.4
       6     1992       63        2590        3       9.4     0.896      7.6       0.2
       6     1992       64        2700      3.9      10.5     1.004        4         0
       6     1992       65        9840        2      14.7     0.905      3.4         0
       6     1992       66        6980      2.2      11.1     0.904        5       7.1
       6     1992       67       11370      1.5      13.2     0.848      3.7         0
       6     1992       68        7090      3.4      13.2     0.964      2.1       0.3
       6     1992       69        6070      4.1      10.6     0.926      2.5         0
       6     1992       70       10500      3.4      11.8     0.902        7       4.6
       6     1992       71        4850      1.4         7     0.754      7.3      10.9
       6     1992       72        1160      3.9       9.3     0.938     11.5      23.8
       6     1992       73        4310      0.2       6.4     0.703      7.8       7.8
       6     1992       74        8450     -0.2       4.9     0.674        6       3.1
       6     1992       75        9070      0.5       6.2     0.661        8       1.5
       6     1992       76        7330        1       8.5     0.732      3.8       0.3
       6     1992       77       10580      5.2      13.6     1.047      3.7         0
       6     1992       78        5340      6.8      11.2     1.042      4.3       0.7
       6     1992       79       10200      5.6      10.8     0.927      4.6       0.5
       6     1992       80        1870      7.3       9.6     1.069      6.6       8.2
       6     1992       81        2610      4.4      10.1     0.969      9.5      17.5
       6     1992       82        4250      2.7       6.8     0.822        5       2.7
       6     1992       83        9790      1.2       8.5     0.803      3.6       2.4
       6     1992       84        7780      0.7       7.2     0.741      7.1         0
       6     1992       85        8710      3.4         7     0.746      4.3       0.1
       6     1992       86        2960      3.2       5.6     0.795      5.3         2
       6     1992       87        6000      0.7       8.5     0.790      4.8       1.2
       6     1992       88        8550     -0.2       5.4     0.622      7.4         1
       6     1992       89       13840     -3.8       7.5     0.565      2.4         0
       6     1992       90        7960      1.9       8.8     0.830      4.4       0.3
       6     1992       91       10310      2.4      12.3     0.838      4.3         0
       6     1992       92        2010      4.2       7.9     0.869      4.9       0.6
       6     1992       93       11760      2.7      12.4     0.889      3.6         0
       6     1992       94        4090        1       7.4     0.769      2.8         1
       6     1992       95       10320        0       8.4     0.746      4.9       1.1
       6     1992       96       11690      0.5       9.1     0.768      4.2         0
       6     1992       97        7840      3.3      10.9     0.883      3.5         0
       6     1992       98       15720      2.9      15.4     0.798      3.4         0
       6     1992       99       18100      3.3      15.2     0.858      3.9         0
       6     1992      100       19240      0.2        14     0.806        3         0
       6     1992      101       18260     -2.2      17.1     0.765      1.4         0
       6     1992      102       18220      4.3      16.2     0.974      2.1         0
       6     1992      103       14030        3      15.7     0.987      4.9         1
       6     1992      104       10890      2.9       9.8     0.859      6.9       3.3
       6     1992      105        6150      4.9        11     0.922        6       7.3
       6     1992      106        5890      4.1       8.9     0.904      7.8       8.2
       6     1992      107        6750     -0.7       6.6     0.615      7.7         1
       6     1992      108        4390      0.3       7.2     0.792      3.6       2.1
       6     1992      109        4690      4.8      13.6     1.078      6.4       1.9
       6     1992      110       15880      4.5      10.2     0.819      7.9       0.2
       6     1992      111       18530      1.5       9.5     0.726      3.3         0
       6     1992      112       16190      0.9      15.1     0.772        3         0
       6     1992      113       12070      5.6      13.8     1.044      3.8         0
       6     1992      114        6090      5.9      12.3     1.049      2.3         0
       6     1992      115        9490      6.7      16.4     1.110      4.6       0.1
       6     1992      116       14770      7.5        15     1.102      5.1       2.8
       6     1992      117        7490      7.4      14.7     1.226      6.2      26.3
       6     1992      118       15630      7.9      13.6     1.055      7.9         0
       6     1992      119        6080      7.4      10.8     1.082      3.3       1.3
       6     1992      120       14310      3.1      11.8     0.913      4.5       0.7
       6     1992      121       15590      2.6      14.2     0.887      5.8         0
       6     1992      122        5010      6.1      10.6     1.030      6.9      15.4
       6     1992      123       14340      4.8      12.7     1.004      4.6       0.5
       6     1992      124       13330      1.6      10.8     0.841      3.5       1.5
       6     1992      125       24270     -0.3      15.4     0.819      1.6         0
       6     1992      126       20620      3.8      17.7     1.018      2.1         0
       6     1992      127       20100      8.2      15.5     1.158      5.3         0
       6     1992      128        9290     10.8      16.4     1.397      6.1         0
       6     1992      129       12330      6.5      12.4     0.982      7.3       1.1
       6     1992      130        8050      4.3       9.3     0.913      5.4      24.1
       6     1992      131       17680      1.8      12.6     0.859      4.1         1
       6     1992      132       12010        7      12.7     1.066      2.8       2.9
       6     1992      133        6570      6.5      12.9     1.113        8       1.3
       6     1992      134       16430     11.1      20.1     1.533      4.1         0
       6     1992      135       26230     10.8      27.3     1.601      4.1         0
       6     1992      136       24190     11.5      28.6     1.768      3.6         0
       6     1992      137       26210      8.4      16.2     1.096      5.5         0
       6     1992      138       25300      6.5      14.4     1.059      4.3         0
       6     1992      139       26210      6.9      21.1     1.189      3.5         0
       6     1992      140       27380     11.4      23.8     1.120      3.3         0
       6     1992      141       26890     11.7      25.4     1.166      2.7         0
       6     1992      142       26810     12.1      26.9     1.256      2.4         0
       6     1992      143       26070     10.8      28.4     1.307      2.5         0
       6     1992      144       26620       14        28     1.445      3.7         0
       6     1992      145       25990     16.4      28.2     1.458      3.6         0
       6     1992      146       27530     13.3      25.8     1.217      4.2         0
       6     1992      147       27610     10.4      22.9     0.913      5.4         0
       6     1992      148       27010       12      23.7     1.118        5         0
       6     1992      149       27270     13.6      26.7     1.261      4.2         0
       6     1992      150       26420     12.1        26     1.181      4.3         0
       6     1992      151       21340     13.8      26.4     1.482      3.3         0
       6     1992      152       22300     13.1      27.6     1.253        3         0
       6     1992      153       18110     14.1      27.1     1.318      3.5         0
       6     1992      154       14990       14      26.4     1.671      1.9       4.9
       6     1992      155       10220     10.1      18.9     1.415      4.1         0
       6     1992      156        2190     10.3      15.1     1.390      3.7      19.2
       6     1992      157       19770       13      21.7     1.595      3.7       0.1
       6     1992      158       22820       14      24.9     1.533        5         0
       6     1992      159       13400     13.7      22.3     1.758      2.8       6.6
       6     1992      160       22120     13.2      24.3     1.572      2.9       0.1
       6     1992      161       18170     11.3      24.2     1.518      3.2         0
       6     1992      162       28990      9.8      22.6     1.187      5.2         0
       6     1992      163       27640      7.9        21     1.081      5.7         0
       6     1992      164       19640     11.3      21.8     1.339      3.1         0
       6     1992      165       25700     10.2      23.8     1.376      2.2         0
       6     1992      166       22450     10.5      24.9     1.417      3.3         0
       6     1992      167       27230     12.8      26.5     1.573      3.2         0
       6     1992      168       20560     12.3      20.4     1.251      6.5         0
       6     1992      169       26080     12.3      19.2     1.138      5.5         0
       6     1992      170       14070      6.6      16.2     1.035      4.5       1.2
       6     1992      171       11410      5.1      16.3     1.076      3.9         0
       6     1992      172       29010     11.9      23.9     1.395      7.1         0
       6     1992      173       20950      9.2      19.6     1.313      3.7         0
       6     1992      174       22040      8.4      19.7     1.193      2.9         0
       6     1992      175        8090      8.8        17     1.223      2.3         0
       6     1992      176       22240       10      20.4     1.281      4.1         0
       6     1992      177       24630     10.2        22     1.389        4         0
       6     1992      178       27900      9.2      23.5     1.446      4.2         0
       6     1992      179       22630     13.6      27.2     1.714      3.2         0
       6     1992      180       26640     12.7      28.7     1.559      3.4         0
       6     1992      181       24630     12.9      30.7     1.465        2         0
       6     1992      182       24530     13.3      31.4     1.565      2.7       1.7
       6     1992      183       16740     14.3      24.2     1.791      4.2         0
       6     1992      184       18820      8.2      20.4     1.211      3.8         0
       6     1992      185       19990      9.4        24     1.260      1.6         0
       6     1992      186       10520     14.6      21.6     1.709      3.1         0
       6     1992      187       10690     14.1      22.6     1.715      5.5         0
       6     1992      188       28280     13.7      22.2     1.419      7.6         0
       6     1992      189       27030      8.2      21.6     1.241      3.8         0
       6     1992      190       26940      6.7      24.2     1.284      2.2         0
       6     1992      191       21890      8.9      26.3     1.408      1.8         0
       6     1992      192       16570     13.8      23.7     1.696      4.9       0.3
       6     1992      193       12840       14        21     1.457      2.6       0.8
       6     1992      194       14120     12.4      22.1     1.660      4.9       0.5
       6     1992      195        8080     10.7      18.4     1.562      5.8      16.8
       6     1992      196       20330     10.3      19.7     1.346      5.9       6.5
       6     1992      197       18640        9      19.8     1.235      3.6         0
       6     1992      198       14580     12.2      24.7     1.726      2.3       2.6
       6     1992      199        6700     15.2      20.7     1.949      3.9       6.4
       6     1992      200       20420     15.6      22.2     1.711      5.8         0
       6     1992      201       24920     14.2      27.4     1.709      4.6         0
       6     1992      202       22300     17.3      27.7     2.151        3         0
       6     1992      203       16490     14.2      25.3     1.890        5       8.2
       6     1992      204       22540     11.2      23.2     1.486        3         0
       6     1992      205       25610      8.7      25.9     1.345      1.9         0
       6     1992      206       14860     15.1      28.4     2.057      2.9      24.6
       6     1992      207       14050     13.3      22.2     1.789      3.5         0
       6     1992      208       17860     13.6      22.5     1.645      3.7         0
       6     1992      209       12810     10.7      19.7     1.413      4.8       1.8
       6     1992      210       20500        9      20.7     1.302      4.4         0
       6     1992      211       24830      7.1      25.4     1.314      2.1         0
       6     1992      212       18620     11.9      24.9     1.700        3         0
       6     1992      213       22360      9.2      23.2     1.450      3.4         0
       6     1992      214       17650     12.5      27.8     1.778      3.2       2.6
       6     1992      215       15250     15.6      22.9     1.748      4.5         0
       6     1992      216       14130     13.6      22.5     1.507        6         0
       6     1992      217       19380       11      21.5     1.437      5.5       1.8
       6     1992      218       23430     11.1      25.7     1.438      5.3         0
       6     1992      219       15400      8.7      23.2     1.463      4.2         0
       6     1992      220       22490      6.4      24.3     1.359      3.1         0
       6     1992      221       17690     14.7      30.6     1.882      3.8         0
       6     1992      222       22570     17.7      32.5     2.051      4.1         0
       6     1992      223       10360     14.3      22.9     1.905      5.2      13.1
       6     1992      224       17600     12.9      22.2     1.633      5.1       0.2
       6     1992      225        9060     12.7      19.2     1.549      6.5       1.9
       6     1992      226       12500     12.4      18.7     1.461      7.1       1.7
       6     1992      227       14020     11.2      19.4     1.488      4.9       1.4
       6     1992      228       19450     10.3      20.4     1.276      3.4         0
       6     1992      229        8750     11.5      21.8     1.564        4       0.8
       6     1992      230        9190     12.5      19.8     1.586      3.7       0.1
       6     1992      231       11010      9.2      19.6     1.281      1.7         0
       6     1992      232       13730     12.3      23.5     1.649        2         0
       6     1992      233        6590     11.5      21.8     1.762      2.9       7.2
       6     1992      234       14910     12.3      21.6     1.648      5.8         0
       6     1992      235       16340     11.2      23.3     1.660      1.7       0.7
       6     1992      236       18860     12.3      19.7     1.381      5.3       0.2
       6     1992      237       10380     12.2      21.6     1.661      5.1       2.6
       6     1992      238       10280     11.8      21.9     1.711      6.3       7.2
       6     1992      239       12450     14.3        21     1.682      5.1       0.7
       6     1992      240        9590     14.7      22.8     1.758      6.1         0
       6     1992      241        5820     13.8      20.6     1.730      4.8         3
       6     1992      242        5610     10.8      18.2     1.557      2.7      12.5
       6     1992      243        9700       10      19.2     1.440      6.4       3.6
       6     1992      244       13560     10.9      18.6     1.454      4.2      10.7
       6     1992      245       13590      8.5      15.9     1.279      4.7       9.9
       6     1992      246        6520      8.7      16.3     1.359        7       5.7
       6     1992      247        5880     10.5      16.6     1.482      5.9         5
       6     1992      248       11630      9.5      15.4     1.327      6.1        14
       6     1992      249       14430      7.3      16.5     1.175      5.7       0.8
       6     1992      250       16530      6.7      17.2     1.125      3.5         0
       6     1992      251        9120      6.7      19.3     1.274      4.5       0.3
       6     1992      252       12770      8.7      16.8     1.282      4.9       0.5
       6     1992      253       12180      8.8        18     1.336      4.7         0
       6     1992      254       16140     11.3      20.9     1.442      2.3         0
       6     1992      255       12560      9.7      23.2     1.598      4.2       1.6
       6     1992      256       12640      6.8      16.7     1.203        3         0
       6     1992      257        7540        7        18     1.303      2.4       2.4
       6     1992      258       11720      8.3      16.1     1.238      4.4       0.3
       6     1992      259       13170      9.9      19.2     1.372        7         0
       6     1992      260        7340      6.8      16.3     1.071      4.4         0
       6     1992      261       15300      4.1      18.1     1.016      2.1         0
       6     1992      262       10650      7.9      20.1     1.235      2.6         0
       6     1992      263        4580     11.6      16.9     1.533      1.9       5.1
       6     1992      264       10560     10.4      19.2     1.458      1.5         0
       6     1992      265        9070     12.4      17.8     1.519      2.5         0
       6     1992      266       10940     12.6      22.9     1.595      3.1         0
       6     1992      267        8830     11.6      18.6     1.339      5.5       0.1
       6     1992      268       10230      9.5      18.4     1.216      4.2         0
       6     1992      269       11400     11.1        22     1.410      2.8         0
       6     1992      270       12580      9.4      23.6     1.495        2         0
       6     1992      271       12260     10.6      24.7     1.605      2.6         0
       6     1992      272       11950     11.6        22     1.560      3.3         0
       6     1992      273        4940     10.8      16.4     1.382      2.7         0
       6     1992      274        4070     10.6      15.3     1.227      2.2         0
       6     1992      275        3700      9.5      17.6     1.422      1.4       0.9
       6     1992      276        6220      8.6        16     1.287      1.4         0
       6     1992      277        4900     10.1      14.3     1.143      4.6         0
       6     1992      278       10710      8.4        15     1.029      7.9         0
       6     1992      279        3720      6.9      11.7     0.951      8.2         0
       6     1992      280         790      9.5        11     1.201      8.6       9.8
       6     1992      281        5780        9      14.1     1.162      3.9       0.4
       6     1992      282        2530     10.1      12.6     1.160      3.2         0
       6     1992      283        8050      5.2      14.1     0.995      5.1       1.8
       6     1992      284       11270      3.3      13.6     0.942      2.3         0
       6     1992      285        4860      4.4      13.4     0.992      3.4       0.3
       6     1992      286       10270      1.7      11.2     0.708      2.8         0
       6     1992      287       10560     -2.2      11.8     0.686      1.3         0
       6     1992      288        1870       -2        10     0.759      5.2       8.9
       6     1992      289        6970        2       8.9     0.827      5.7       7.1
       6     1992      290        7660      1.6       8.7     0.811      5.4       1.2
       6     1992      291        7460      0.6      10.2     0.841      4.1         0
       6     1992      292        5100      2.3       8.8     0.841      4.5         1
       6     1992      293        2940      5.3      11.3     0.964      4.8       0.2
       6     1992      294        7430      2.8        13     0.919      2.8       2.2
       6     1992      295        2500      1.1       7.9     0.841      2.6       2.4
       6     1992      296        4440      2.5       8.2     0.855      3.3       3.7
       6     1992      297        2060      3.9       8.6     0.926      4.2       3.2
       6     1992      298        5220      1.8         9     0.850      5.6       1.6
       6     1992      299        1230      1.3       5.2     0.774      4.3       9.4
       6     1992      300        5990      0.5      10.4     0.835      2.9       3.9
       6     1992      301        6370      2.5       9.7     0.890      4.5         3
       6     1992      302        5880      3.7       9.4     0.898      5.3         0
       6     1992      303        2800      1.2       8.6     0.855        3      15.5
       6     1992      304        6620     -2.2       7.3     0.718      1.9         0
       6     1992      305        4480      1.3       7.2     0.811      3.8         0
       6     1992      306        4420      3.3       8.1     0.823      6.6         0
       6     1992      307        1330      5.8       9.8     0.994      9.2      12.3
       6     1992      308        5870      4.7      11.8     0.992      5.9       0.1
       6     1992      309        4070      4.9      10.8     0.987      5.3       0.3
       6     1992      310        2490      8.2        14     1.268        5       0.4
       6     1992      311        2440      8.8      13.1     1.256      7.2         0
       6     1992      312         480        5      12.6     1.115      6.7       1.2
       6     1992      313        4750      3.7      11.5     0.981      1.7       0.2
       6     1992      314        3980        4       9.5     0.938      4.3       0.5
       6     1992      315        3700      6.1      10.7     1.023      5.9       3.6
       6     1992      316         450      4.4      11.3     1.028      7.2      17.9
       6     1992      317        2340      3.2       8.1     0.829      7.2      11.7
       6     1992      318        3240      1.5       7.1     0.766      4.8       5.1
       6     1992      319        4940     -1.3         8     0.698      3.7       1.2
       6     1992      320        1060      0.4       4.7     0.718      3.4      11.6
       6     1992      321         630      3.9       7.3     0.896      4.5       4.1
       6     1992      322         840      5.5       7.7     0.966      3.2       8.9
       6     1992      323        3500      4.2       8.2     0.877      7.1       2.4
       6     1992      324        2690      4.2       8.2     0.796      9.2       2.7
       6     1992      325        3940        3       7.6     0.751      7.4       1.2
       6     1992      326        3810      2.1       7.5     0.792      3.9       4.5
       6     1992      327         530      3.7       7.6     0.916      2.7       6.3
       6     1992      328         560      7.6      11.7     1.109      6.7         2
       6     1992      329        2850      6.9      10.5     1.086      4.3       1.5
       6     1992      330        3000      8.1      11.8     1.073      9.1       4.7
       6     1992      331        2930      5.1      11.5     1.006        8       9.6
       6     1992      332        2970      3.5       8.2     0.840      5.9       5.6
       6     1992      333        2840        1       8.3     0.801      4.7       4.7
       6     1992      334        3510     -1.2       6.8     0.730      3.2       0.1
       6     1992      335        2360      6.8      12.8     1.120      6.1       0.5
       6     1992      336        3120      6.1      10.6     0.936      8.5       1.5
       6     1992      337        1210      4.9      11.9     1.013      9.5       4.6
       6     1992      338        2890        5       8.7     0.878      7.6       2.6
       6     1992      339         860      1.9       5.6     0.762      5.3       2.5
       6     1992      340        2470      1.4       5.6     0.787      5.1       0.5
       6     1992      341        1980      1.3       4.6     0.759      4.4         0
       6     1992      342         300      1.7       6.8     0.811        5       4.8
       6     1992      343         990      0.1       6.7     0.774      2.4         0
       6     1992      344         790      0.5         4     0.710      2.3         0
       6     1992      345        1710     -1.6       3.8     0.658      1.4         0
       6     1992      346         520      0.4       7.5     0.803        6      15.9
       6     1992      347        2130      3.5       7.4     0.835        6       2.2
       6     1992      348        1660      3.3       8.8     0.905      6.2       2.2
       6     1992      349         880      8.1       9.3     1.033        8         0
       6     1992      350         310      2.8       8.8     0.846      4.6         0
       6     1992      351        2430      3.7       8.6     0.875      4.3         0
       6     1992      352        1220        3       6.9     0.875      2.4         0
       6     1992      353        2260      3.7       9.1     0.843      6.7       2.8
       6     1992      354         940      3.8       9.2     0.923      2.9       1.8
       6     1992      355        1040     -0.5       4.2     0.678      2.3       0.9
       6     1992      356        1210     -0.7       3.5     0.664      3.7         0
       6     1992      357         350      1.6       3.1     0.729        3         0
       6     1992      358         420        1       2.7     0.711      2.5         0
       6     1992      359        1000      1.6       3.7     0.751      1.4         0
       6     1992      360         360     -1.7       2.2     0.639      2.1         0
       6     1992      361        1280     -2.2       1.1     0.605      2.5         0
       6     1992      362         630     -1.5         1     0.618      2.6         0
       6     1992      363        2870       -6       0.1     0.500      2.2         0
       6     1992      364        1540     -8.6      -4.6     0.401      1.2         0
       6     1992      365        2890     -9.1      -0.9     0.439      1.8         0
       6     1992      366        3010     -9.4      -2.4     0.413      1.6         0
