* Country: Netherlands
* Station: Eelde
* Year: 1996
*  Source: Weather data and coordinates from
*  Eelde (KNMI)
*  Author: J. W. Steenhuizen PRI Wageningen
*  Longitude: 235.030 Amersfoortse coordinates
*  Latitude: 571.460
*  Elevation: 4.0 m.
*  Comments: For internal use only
*  Columns:
*  ========
*  station number
*  year
*  day
*  irradiation (kJ m-2 d-1)
*  minimum temperature (degrees Celsius)
*  maximum temperature (degrees Celsius)
*  vapour pressure (kPa) op basis %RH
*  mean wind speed (m s-1)
*  precipitation (mm d-1)
*--------------------------------------------------------------------------*
   6.35 53.08 4.0 0.00 0.00
        6       1996          1          870       -6.6        -4.2      0.381      6.2          0.1
        6       1996          2         2070       -6.2        -2.8      0.400      4.6            0
        6       1996          3         3000       -5.8        -0.7      0.454      2.6            0
        6       1996          4         3320       -6.8        -1.8      0.440      4.1            0
        6       1996          5         2930       -6.5        -2.5      0.384      6.2            0
        6       1996          6         2950       -6.2          -4      0.373      7.7            0
        6       1996          7          480       -4.1         5.6      0.624      5.1          2.6
        6       1996          8         1370          2         5.8      0.800      4.1            0
        6       1996          9          830        1.7         6.3      0.744      4.6          0.3
        6       1996         10          810        1.9         5.4      0.787      2.1            0
        6       1996         11         1240        1.9         6.3      0.780      4.1            0
        6       1996         12         2080          5          10      0.916      3.6            0
        6       1996         13         3300        3.8        10.3      0.908      4.6            0
        6       1996         14         3370       -0.4           6      0.737      3.6            0
        6       1996         15         2090       -0.6         3.8      0.687      3.6            0
        6       1996         16         1270       -0.9         0.8      0.626      2.6            0
        6       1996         17         2120       -1.5         1.1      0.620      2.6            0
        6       1996         18         1170         -2        -0.2      0.583      3.1            0
        6       1996         19          550       -2.6        -1.9      0.540      5.1            0
        6       1996         20         1160       -3.2        -1.1      0.459      8.7            0
        6       1996         21         1620       -4.9        -2.1      0.401      7.7            0
        6       1996         22         3810       -6.6        -3.3      0.376      7.7            0
        6       1996         23         3750         -7        -3.1      0.354      8.2            0
        6       1996         24         3890       -8.1        -2.8      0.314      9.3            0
        6       1996         25         4270      -10.7        -5.4      0.227      9.8            0
        6       1996         26         1750      -10.2        -6.3      0.280      9.8          1.5
        6       1996         27         1790       -8.4        -5.4      0.320      7.2            1
        6       1996         28         6160       -9.6        -2.7      0.340      6.2            0
        6       1996         29         5050       -7.5          -2      0.357      7.2            0
        6       1996         30         5790       -7.4        -1.7      0.366      6.2            0
        6       1996         31         7700       -8.2        -0.9      0.399      5.7            0
        6       1996         32         7110      -11.1        -0.9      0.355      3.6            0
        6       1996         33         1440      -12.7        -1.6      0.352      1.5          0.4
        6       1996         34         1510       -2.8        -1.2      0.509      3.1          0.3
        6       1996         35         3080      -11.7         0.6      0.412      2.6            0
        6       1996         36         2800       -5.2         0.2      0.516      2.6            0
        6       1996         37         8760      -10.4        -3.9      0.329      5.7            0
        6       1996         38         5320      -12.1        -6.7      0.240      6.7            0
        6       1996         39         5340      -13.5        -7.7      0.243      4.1            0
        6       1996         40         6250      -15.6        -4.7      0.267      4.1            0
        6       1996         41         2100       -4.7           3      0.538      5.1          0.5
        6       1996         42         1260        2.2         3.6      0.749      5.7          2.8
        6       1996         43          730        0.2         3.6      0.700      5.7         15.2
        6       1996         44         1150       -0.2         0.6      0.625      7.2          0.8
        6       1996         45         2130       -2.9        -0.2      0.509      4.6            0
        6       1996         46         2890       -4.6         3.4      0.564      6.2          3.7
        6       1996         47         1140        3.1         6.8      0.817      7.7          1.6
        6       1996         48         4570        1.2         6.1      0.712      9.3          0.8
        6       1996         49         2190        1.2         5.6      0.759      6.2         13.8
        6       1996         50         4130       -3.4         1.6      0.586      7.2          6.9
        6       1996         51         4060       -5.1        -2.9      0.410      9.8          0.1
        6       1996         52         9030       -6.5        -3.1      0.339      5.1            0
        6       1996         53         7710      -10.7         0.6      0.374      3.1          0.1
        6       1996         54        10370       -6.6         1.5      0.456      3.6            0
        6       1996         55         6350       -1.3         3.7      0.586      6.7          0.2
        6       1996         56         3500        3.3         7.7      0.795      7.2          0.8
        6       1996         57         3570       -3.2         7.5      0.671      3.1          1.7
        6       1996         58         5050       -3.8         2.6      0.603      1.5            0
        6       1996         59         9260       -1.9         7.6      0.703      4.6            0
        6       1996         60         4470       -4.2         4.5      0.617      3.6            0
        6       1996         61         7500       -3.9         5.2      0.583      5.1            0
        6       1996         62         7220       -3.8         4.3      0.591      3.1            0
        6       1996         63        10140       -5.2         3.9      0.540      2.1            0
        6       1996         64         2740       -4.8           3      0.586      3.1          1.1
        6       1996         65         1950        0.4         2.4      0.671      3.6            0
        6       1996         66         4940        0.4         7.1      0.785      4.6          0.1
        6       1996         67         3580       -0.1         4.2      0.613      7.2            0
        6       1996         68        12260       -1.7         5.6      0.529      6.7            0
        6       1996         69        12090       -1.9         5.2      0.505      6.7            0
        6       1996         70        12860       -2.6         5.2      0.462      5.7            0
        6       1996         71         7220       -3.6         2.1      0.421      5.7            0
        6       1996         72        13210       -5.9         0.3      0.354      5.1            0
        6       1996         73         9610       -5.2         0.3      0.406      5.7            0
        6       1996         74         7390       -4.5         3.6      0.480      6.2            0
        6       1996         75        12700       -0.9         5.6      0.536      7.2            0
        6       1996         76         6130        0.4         6.3      0.661      7.2            0
        6       1996         77         3450        0.9         4.6      0.642      5.1            0
        6       1996         78         2000       -0.9         2.9      0.597      4.6            0
        6       1996         79         7740        0.2         9.2      0.697      3.1            0
        6       1996         80        10210        1.4        11.9      0.792      2.6            0
        6       1996         81         7780       -0.1         8.7      0.727      5.1            0
        6       1996         82         4120        2.6         8.1      0.821      2.6            0
        6       1996         83         4150        5.6        10.6      1.055      2.6          2.4
        6       1996         84         3180        1.3         5.9      0.800      3.6            0
        6       1996         85         8790       -0.1         9.3      0.757      4.6            0
        6       1996         86         4800         -1         4.4      0.612      6.2            0
        6       1996         87        16080       -2.8         6.2      0.494      4.1            0
        6       1996         88         7140       -1.1         6.7      0.644      6.7          2.6
        6       1996         89         7740        0.7         6.7      0.714      5.7            0
        6       1996         90        14620       -2.8         6.6      0.587      3.6            0
        6       1996         91        15890       -4.8         6.2      0.536      3.6          0.9
        6       1996         92        10440       -5.8         5.3      0.486      2.1            0
        6       1996         93        11920       -5.3         5.7      0.548      2.6            0
        6       1996         94        16940       -4.2         7.9      0.565      5.1            0
        6       1996         95        18660       -1.7        11.5      0.574      6.7            0
        6       1996         96        16750          0        12.5      0.672      6.2            0
        6       1996         97         4680        3.2         9.6      0.816      3.6            0
        6       1996         98        13690       -0.3        17.9      0.899      4.1            0
        6       1996         99         3390        0.7         8.2      0.758      3.6            0
        6       1996        100         5440       -1.7        12.6      0.750      2.1            0
        6       1996        101         4800        6.8        11.4      1.071      2.1          2.1
        6       1996        102         2790       -0.3         8.4      0.746      5.1            2
        6       1996        103        16820       -3.6         5.5      0.489      4.6            0
        6       1996        104        19340       -4.3        10.7      0.632      3.6            0
        6       1996        105        19050       -3.4        13.2      0.632      2.1            0
        6       1996        106        20340       -2.8        15.9      0.620      2.1            0
        6       1996        107        16180        3.4        19.3      0.622      3.1            0
        6       1996        108        20790        3.6        21.3      0.707      4.1            0
        6       1996        109        19100        4.6        17.1      0.963      4.1            0
        6       1996        110        14140        5.6        19.5      1.002      4.1            0
        6       1996        111        15440          6        25.3      0.961      3.1            0
        6       1996        112        21440        8.3        26.7      0.847      3.6            0
        6       1996        113        19400        9.5        27.7      0.965      3.1            0
        6       1996        114         9510        8.8        21.7      1.070      5.7            0
        6       1996        115        18220        5.5          17      1.000      4.6            0
        6       1996        116        16440          5        15.4      0.948      5.7            0
        6       1996        117         5840        4.7        15.9      1.109      4.1          0.2
        6       1996        118        17990        5.6          19      1.137      2.1            0
        6       1996        119        19300        4.3        15.3      0.970      4.1            0
        6       1996        120        12130        2.1         9.6      0.725      2.1            0
        6       1996        121        15450       -1.5        14.2      0.703      2.6          0.4
        6       1996        122         6900        5.1        16.9      1.022      3.6          1.4
        6       1996        123         4390        6.9        11.4      1.085      2.6          5.8
        6       1996        124         4450          6         8.8      0.978      3.6          1.7
        6       1996        125        13660        1.9         9.2      0.772      5.1          0.5
        6       1996        126        16910       -0.9        10.7      0.657      3.6          0.2
        6       1996        127        23980       -2.3        14.7      0.697      2.6            0
        6       1996        128        26380        2.4        12.9      0.795      6.2            0
        6       1996        129        23560        2.1        14.3      0.740      5.7            0
        6       1996        130        22010        3.6          13      0.829      6.2          0.4
        6       1996        131         4610        4.6         7.3      0.881      4.6          3.4
        6       1996        132         4770        5.6           9      0.933      2.6            0
        6       1996        133         8210        6.5        10.9      1.011      3.6            0
        6       1996        134         6430        7.2          10      1.015      4.1            0
        6       1996        135         8860        5.3        10.2      0.941      5.1            0
        6       1996        136        13050       -0.1        10.4      0.743      4.6            0
        6       1996        137        16530       -1.1        10.9      0.682      4.1          1.8
        6       1996        138         7010        5.4        12.7      1.067      4.6          4.2
        6       1996        139         8260        5.7        11.2      1.037      2.6          0.1
        6       1996        140        15430        7.7        18.6      1.272      4.1            0
        6       1996        141        24740        2.6        15.5      0.837      3.6            0
        6       1996        142        20460        1.3          17      0.798      2.6            0
        6       1996        143        15900        7.2          16      1.140      4.6          2.4
        6       1996        144         6870        9.7        14.6      1.302      5.7          3.2
        6       1996        145        11870       11.5        17.4      1.458      7.2          4.7
        6       1996        146        13810        7.9        16.4      1.180      4.1          2.9
        6       1996        147        20080          8        17.7      1.177      5.1          4.5
        6       1996        148         6780        6.2        14.8      1.172      5.7          2.7
        6       1996        149        17400        4.9        13.5      0.878      4.6            0
        6       1996        150         8490         10        16.4      1.276      6.2          0.1
        6       1996        151        20410       13.7        25.1      1.700      3.1            0
        6       1996        152        25320          9        21.4      1.199      5.7            0
        6       1996        153        18210        6.9        17.9      1.021      4.6            0
        6       1996        154        13750        4.4        19.1      1.032      2.1            0
        6       1996        155        15180        7.3        19.7      1.182      1.5            0
        6       1996        156        18040       10.8        19.9      1.293      3.6            0
        6       1996        157        26950        8.8        28.3      1.309      3.1            0
        6       1996        158        27250       12.9        30.6      1.610      2.6            0
        6       1996        159        25470       12.2          33      1.798      2.6            0
        6       1996        160        19540       14.2        31.3      1.998      4.1          1.9
        6       1996        161         5780       13.6        18.5      1.715      3.1          0.6
        6       1996        162        22940        9.6        25.6      1.408      3.1            0
        6       1996        163        27110       14.8        25.5      1.711      4.1          8.5
        6       1996        164        20170          6        18.2      1.069      5.1            0
        6       1996        165        24720        5.1        18.4      1.019      4.6            0
        6       1996        166        15460        4.6        16.3      0.951      4.1            0
        6       1996        167        28990        2.2        19.6      0.966      3.1            0
        6       1996        168        15080        4.9        16.6      1.067      2.6            0
        6       1996        169        27290        9.4        24.6      1.284      3.6            0
        6       1996        170        21240       10.9        18.4      1.174      5.1            0
        6       1996        171         8880        7.5        13.3      1.092      4.6          2.4
        6       1996        172        12890        5.6        13.4      0.963      4.1          0.8
        6       1996        173        11180        5.6        14.8      1.066      5.1          0.8
        6       1996        174        10620        6.6        14.9      1.117      4.1          0.3
        6       1996        175         7970        8.7        12.5      1.094      4.1          0.4
        6       1996        176         7740          8        14.2      1.129      3.6          0.1
        6       1996        177         5500       10.2        13.5      1.198      2.1            0
        6       1996        178        13440       10.2        19.9      1.351      2.1            0
        6       1996        179        11830        5.8        16.2      1.147      3.1          0.2
        6       1996        180        13680        6.8        20.3      1.245      3.6          0.7
        6       1996        181         7750       11.3        15.1      1.333      5.1          9.1
        6       1996        182         6980       10.8        15.2      1.331      4.6          0.1
        6       1996        183        13050       10.2        17.7      1.291      4.8          4.7
        6       1996        184        14340        8.6        17.3      1.256        4          1.4
        6       1996        185        15200        8.5        18.9      1.242      4.9          2.1
        6       1996        186        15400       12.7        19.3      1.433      6.9            7
        6       1996        187        14040       10.3        18.7      1.321      4.3            0
        6       1996        188        12290        8.9        16.8      1.318      2.6          4.3
        6       1996        189        17100        6.1          20      1.235      2.5            0
        6       1996        190        16110        5.2        16.9      1.113      4.9          0.7
        6       1996        191        20180       10.9        17.7      1.227      4.7          1.7
        6       1996        192        15010         11        17.4      1.343      4.3            0
        6       1996        193        19250         10          24      1.616      3.7            0
        6       1996        194        14670       11.6          22      1.669      2.7            0
        6       1996        195         9550       13.7        21.2      1.756      4.3          1.2
        6       1996        196        16470       10.8        23.3      1.603      4.2            0
        6       1996        197        23160        9.1        20.1      1.171      3.7            0
        6       1996        198        16020        9.8        18.1      1.155      4.8            0
        6       1996        199        24390        9.9        19.8      1.237      4.2            0
        6       1996        200         9280        8.4        16.1      1.093      4.5            0
        6       1996        201        25070        4.8        22.4      1.160      2.7            0
        6       1996        202        26550        7.8        24.9      1.163      2.6            0
        6       1996        203        26050       12.6        26.9      1.253      2.3            0
        6       1996        204        22300       10.9        29.2      1.343      2.5            0
        6       1996        205        16810       11.5        29.1      1.636      3.5          8.8
        6       1996        206         8420       13.9        18.4      1.673      4.5          2.8
        6       1996        207        10740       13.5        18.6      1.594      4.9            0
        6       1996        208        17930       11.7        23.2      1.528        3            0
        6       1996        209         6920        8.1        19.9      1.463      2.6          1.2
        6       1996        210        17120        6.1        20.6      1.200      1.8            0
        6       1996        211        14640       12.1        23.2      1.567      3.3            0
        6       1996        212         8870       10.9        20.9      1.596      2.8            0
        6       1996        213         8160       15.1        20.5      1.834      3.8          1.9
        6       1996        214        11950       10.9        21.8      1.553        4            0
        6       1996        215        21480        7.8        22.1      1.294      3.8            0
        6       1996        216        20110        5.8        21.9      1.223      2.4            0
        6       1996        217        25330        4.8        23.2      1.204      2.4            0
        6       1996        218        23530       11.3          25      1.317      4.3            0
        6       1996        219        16270       11.9        24.9      1.317        5            0
        6       1996        220        12470         12        19.8      1.510        4          3.3
        6       1996        221        16960       10.5        23.4      1.501      2.7            0
        6       1996        222        19510       12.5        29.8      1.577        3            0
        6       1996        223         8630       17.2        27.2      2.113        3          3.5
        6       1996        224        11700       15.3        23.1      2.019      2.5         12.5
        6       1996        225        18490       13.3        26.2      1.912      3.4          1.7
        6       1996        226        11310       16.1        22.1      1.880        4            0
        6       1996        227        15030       14.2        22.6      1.761      3.5            0
        6       1996        228         7940       14.9          20      1.737      4.4          1.9
        6       1996        229         8600       15.2        19.7      1.642      2.4            0
        6       1996        230        10230       14.1        21.1      1.619      1.4            0
        6       1996        231        21420       12.3        27.2      1.692      2.9            0
        6       1996        232        21020       14.4        29.2      1.714      3.4            0
        6       1996        233        21470       14.9        31.7      1.546      4.5            0
        6       1996        234        14010       14.1        25.7      1.818      2.6          2.3
        6       1996        235        14450       14.6        24.5      1.867      1.7            0
        6       1996        236        15160       15.1        27.4      1.996        4          2.6
        6       1996        237        16110       12.2        23.2      1.610      4.9          0.7
        6       1996        238        14680       12.1        21.8      1.593      5.4            0
        6       1996        239        19020        8.9          22      1.334      3.1            0
        6       1996        240        14060        8.1        22.7      1.414      2.6         24.3
        6       1996        241         2840       12.5        16.7      1.583      2.8         28.8
        6       1996        242         2430       12.5        13.8      1.459      5.5          6.7
        6       1996        243        11970       13.2        19.9      1.680      5.1          3.9
        6       1996        244        15230        7.5        18.1      1.187      4.8          1.1
        6       1996        245        12080        7.5          18      1.282      3.2          2.3
        6       1996        246        17270        6.1        20.3      1.232      1.5            0
        6       1996        247        18840        6.6        20.5      1.274        2            0
        6       1996        248         8670       10.4        18.5      1.380      2.8          0.3
        6       1996        249        19480          8        18.8      1.233      3.8            0
        6       1996        250        15200        6.6        19.5      1.235      2.9            0
        6       1996        251        13000          3        17.7      0.993      2.2            0
        6       1996        252        11890        3.6        18.1      1.074      2.4          0.2
        6       1996        253        16530        6.8        20.2      1.285      1.9            0
        6       1996        254         7680        9.3        17.2      1.323      3.7          2.1
        6       1996        255         7630        8.9        15.8      1.182      3.7          2.2
        6       1996        256        11390        8.6          16      1.178      6.4         11.8
        6       1996        257         8780        8.7        16.2      1.244      5.8         10.8
        6       1996        258         5620        7.5        15.5      1.249      2.3          4.9
        6       1996        259        12460        5.7        17.1      1.151        2            0
        6       1996        260        14990        6.2        17.4      1.154      1.9            0
        6       1996        261        16270        4.7        16.4      1.005      4.1            0
        6       1996        262        11440        8.1          15      1.032      5.8            0
        6       1996        263        14720        6.3        14.3      1.001      6.5            0
        6       1996        264        14960        6.2        14.8      0.978        7            0
        6       1996        265        11200          6          15      0.929      6.1            0
        6       1996        266         4080          9        12.1      1.005      6.2          1.5
        6       1996        267         7790        7.8        14.4      1.066      3.3            0
        6       1996        268         7480        5.6        14.2      1.058      1.6            0
        6       1996        269         9560        4.3        16.2      1.141        1            0
        6       1996        270        11360        6.6        19.5      1.264        3          0.2
        6       1996        271         6180        9.9          17      1.413      5.1          9.1
        6       1996        272         7390        8.8        17.1      1.369      4.7          0.8
        6       1996        273         1790       11.4        16.4      1.499      9.3           15
        6       1996        274         8050        9.7        17.6      1.357      4.4          4.7
        6       1996        275         5810        5.6        13.7      1.132        2          5.1
        6       1996        276         8870        3.9        14.9      1.069      2.1          1.3
        6       1996        277         7960        5.2        16.2      1.101      5.7            0
        6       1996        278         9430        6.3        14.6      1.047      5.7            1
        6       1996        279         4480        3.3          12      1.004      2.8          5.9
        6       1996        280        10920          2        15.2      1.005      2.1            0
        6       1996        281        11290        5.3        15.9      1.106      2.6            0
        6       1996        282         3540          7        13.8      1.152      1.5            0
        6       1996        283         1960        6.8          12      1.148      1.3          0.8
        6       1996        284         7830        5.2        14.4      1.039      1.8            0
        6       1996        285         6090        7.8          15      1.215      2.6            0
        6       1996        286         2040        5.2        12.3      1.068      2.8            0
        6       1996        287         9300        5.9          18      1.272      2.6            0
        6       1996        288         7500        7.2          21      1.334      2.9            0
        6       1996        289         4970        7.4        16.9      1.315      2.8            0
        6       1996        290         3330        2.6        12.7      1.004      1.1            0
        6       1996        291         6970        2.1        14.4      1.024      1.3            0
        6       1996        292         7410        1.5        13.1      0.933        4          1.9
        6       1996        293         7730        6.7        15.1      1.165      4.8          1.6
        6       1996        294         1300        5.9        13.5      1.193      3.4          8.2
        6       1996        295         2940          6        14.5      1.165      5.2          4.5
        6       1996        296         7270        3.4        14.9      1.052        2            0
        6       1996        297         7810        4.4        14.7      1.068      2.7            0
        6       1996        298         8020        3.8        12.9      0.999      4.5            0
        6       1996        299         5190        4.7        13.1      1.013      3.6            0
        6       1996        300         5050        7.4        13.7      1.163      4.7            0
        6       1996        301          820        6.6        14.7      1.195      7.6          9.9
        6       1996        302         1740       11.2        14.6      1.308      8.4          4.1
        6       1996        303         4440          8        12.2      1.024      9.5          6.3
        6       1996        304         2730        6.5        11.3      0.981      5.4          1.8
        6       1996        305         1210        7.4        10.1      1.036      6.9          3.5
        6       1996        306         2590        7.9        12.8      1.184      5.6          1.4
        6       1996        307          490        9.6        14.7      1.329      9.2          4.8
        6       1996        308          560       13.6        14.7      1.492       10          1.7
        6       1996        309         1000       11.3        13.8      1.335      8.8          3.7
        6       1996        310         2500        5.3        11.3      0.964      8.1         11.4
        6       1996        311         3050        7.4        13.2      1.037     11.6         12.4
        6       1996        312         3280        3.9        10.2      0.851        5          1.4
        6       1996        313         5240        1.3         9.7      0.778      4.2            0
        6       1996        314         5310        2.8        10.8      0.884        6          0.2
        6       1996        315         1240       -0.6           7      0.771      3.5          9.2
        6       1996        316         2370        4.8         8.4      0.929      4.7            6
        6       1996        317         1650        5.7         9.8      1.011      3.8          2.2
        6       1996        318         2850        0.3         8.3      0.751      3.8          2.7
        6       1996        319         4850         -4         7.6      0.663      1.3            0
        6       1996        320         5660       -4.9         4.6      0.587      1.8            0
        6       1996        321         3410       -3.2         4.6      0.628      1.4            0
        6       1996        322          920        0.2         3.1      0.676      4.4            0
        6       1996        323          620        2.4         5.2      0.787      2.3          5.5
        6       1996        324         4280        0.8         7.2      0.751      4.3          2.3
        6       1996        325         1040        2.2         6.6      0.795      4.1          5.1
        6       1996        326         2940        1.6         7.3      0.734      5.2          5.8
        6       1996        327         3350        1.4         6.7      0.731      7.3          5.2
        6       1996        328         1380       -1.1         3.9      0.652      4.5          5.3
        6       1996        329         1410       -1.6         2.5      0.630      4.9            0
        6       1996        330          400        0.3         4.4      0.722      4.8         19.9
        6       1996        331          820        0.3         3.7      0.672      3.8            0
        6       1996        332         2870       -0.7         3.8      0.652      2.5            0
        6       1996        333         2000       -0.6         4.4      0.654      2.7          0.7
        6       1996        334          690       -0.7           4      0.682      5.8          7.1
        6       1996        335         1540          1           6      0.727      4.3            4
        6       1996        336         1440       -0.5         7.7      0.724      5.4          2.1
        6       1996        337         1050        4.6         6.7      0.812      6.3          7.8
        6       1996        338          570        2.3         7.9      0.816      7.3          6.1
        6       1996        339         2830        3.2           8      0.792        7            0
        6       1996        340         1340        2.9         6.8      0.803      2.1            0
        6       1996        341         2270        1.4         7.1      0.819      1.4            0
        6       1996        342          730        1.7         4.9      0.784      2.8            0
        6       1996        343         1160       -1.7         1.7      0.628      2.3            0
        6       1996        344          360       -1.1        -0.4      0.586      3.5            0
        6       1996        345          320       -0.9        -0.3      0.570      3.3            0
        6       1996        346          250       -1.3        -0.8      0.574      2.2            0
        6       1996        347          480       -2.1        -0.2      0.560      3.8          0.1
        6       1996        348         1690       -4.4         4.4      0.558      2.5          1.4
        6       1996        349         2470       -4.7         3.1      0.546      5.2            0
        6       1996        350         2110        2.5         8.5      0.829      6.3            0
        6       1996        351          430        1.5         5.6      0.797      2.3          0.1
        6       1996        352          680       -1.8         4.6      0.690        1            0
        6       1996        353          650        1.6         4.9      0.781      2.1          4.1
        6       1996        354          500       -0.5         4.3      0.687      7.6         13.8
        6       1996        355         1710       -4.4        -0.4      0.412      8.5          0.8
        6       1996        356         3440       -5.9        -2.2      0.348      5.5            0
        6       1996        357         3400       -9.1        -0.8      0.308      3.4            0
        6       1996        358         2980       -6.7        -0.4      0.377      6.7            0
        6       1996        359         5230         -6        -1.7      0.423      2.8            0
        6       1996        360         2930       -7.1        -1.1      0.416      3.5            0
        6       1996        361         5080      -10.9        -1.7      0.380      1.5            0
        6       1996        362         1810       -8.7        -3.8      0.331      3.8            0
        6       1996        363         4560      -12.9        -6.4      0.262      3.1            0
        6       1996        364         1520       -9.9         1.2      0.430      3.8          1.1
        6       1996        365         1050         -8        -0.1      0.413      6.6          0.1
        6       1996        366         3170      -13.5        -7.6      0.202      5.8            0
