* Country: Netherlands
* Station: Eelde
* Year: 1977
*  Source: Weather data and coordinates from
*  Eelde (KNMI)
*  Author: J. W. Steenhuizen PRI Wageningen
*  Longitude: 235.030 Amersfoortse coordinates
*  Latitude: 571.460
*  Elevation: 4.0 m.
*  Comments: For internal use only
*  Columns:
*  ========
*  station number
*  year
*  day
*  irradiation (kJ m-2 d-1)
*  minimum temperature (degrees Celsius)
*  maximum temperature (degrees Celsius)
*  vapour pressure (kPa)
*  mean wind speed (m s-1)
*  precipitation (mm d-1)
*--------------------------------------------------------------------------*
    6.35 53.08 4.0 0.00 0.00
        6       1977          1         1240        1.5         8.4         0.810         5.5        2.2
        6       1977          2         1920        0.6         5.1         0.650         3.5          0
        6       1977          3          460        2.2         5.1         0.740         5.5        1.9
        6       1977          4         1380       -0.8         4.1         0.650           2          0
        6       1977          5         2290       -1.7         0.9         0.560         4.5        1.4
        6       1977          6          510       -0.4         2.2         0.630         3.5        4.2
        6       1977          7         1600         -1         6.9         0.710         5.5        0.1
        6       1977          8         1530       -0.9         6.4         0.750           5        1.1
        6       1977          9          560          2         5.6         0.800         5.5        6.1
        6       1977         10          930        0.3         3.6         0.660         3.5        5.1
        6       1977         11          720          0         2.4         0.620         3.5        1.2
        6       1977         12         1270       -2.6         0.3         0.520         2.5          0
        6       1977         13         2070       -2.5         0.4         0.470         5.5          0
        6       1977         14         2110       -0.2         2.4         0.580           7        2.7
        6       1977         15          610        0.5         2.7         0.630         3.5        3.4
        6       1977         16          670        0.4         2.6         0.640           3        1.2
        6       1977         17         3860       -2.7         3.9         0.570           1          0
        6       1977         18         1270         -2         0.1         0.550         3.5          0
        6       1977         19         1260       -3.2        -0.9         0.450           4        1.1
        6       1977         20         1790       -3.7        -0.4         0.510         2.5          0
        6       1977         21          820       -2.2         2.7         0.590         4.5        1.2
        6       1977         22         2100          2         7.2         0.800         3.5        5.1
        6       1977         23          620        2.3         6.6         0.820         2.5        4.6
        6       1977         24         1160        3.9         5.8         0.830         1.5        0.1
        6       1977         25          680        4.4        11.8         1.000         6.5        6.6
        6       1977         26         1350        4.9        11.3         0.830        12.5        3.9
        6       1977         27         1840        1.4         6.5         0.760         5.5        1.8
        6       1977         28         1690        0.8         7.7         0.760         5.5        3.8
        6       1977         29         5180         -4         4.8         0.500         5.5          0
        6       1977         30         5210       -4.3         3.9         0.510         1.5          0
        6       1977         31         5130       -3.5         3.3         0.500           3          0
        6       1977         32         6170       -4.2         1.7         0.460           3          0
        6       1977         33         1440       -4.9           1         0.520         4.5        0.2
        6       1977         34         3500       -2.4           5         0.540           7        3.7
        6       1977         35         4810        1.1         6.7         0.720         5.5          0
        6       1977         36         1870        1.6         8.3         0.810           5        4.2
        6       1977         37         1980          4         8.1         0.840           6        0.7
        6       1977         38         2200        3.9           9         0.950          10        8.5
        6       1977         39         1170        3.4         6.5         0.800           8        1.5
        6       1977         40         5440        0.3         6.8         0.680         2.5          0
        6       1977         41         1180        0.4         5.8         0.710         4.5        9.9
        6       1977         42         2890        5.4         8.6         0.860         6.5        0.5
        6       1977         43         2940        1.2         7.5         0.820           4          0
        6       1977         44         3240          2         7.6         0.780         1.5          0
        6       1977         45         4340        1.5         7.1         0.760         2.5          0
        6       1977         46         2210        1.2         4.7         0.680         3.5          0
        6       1977         47         1730        0.6         4.4         0.690           2          0
        6       1977         48         6800        0.4         8.1         0.730         3.5          3
        6       1977         49         2770        4.7         8.8         0.870           7        9.2
        6       1977         50         4430        5.3           8         0.770          10        3.3
        6       1977         51         1180        3.3         9.2         0.760         8.5        3.1
        6       1977         52         3460        3.4         8.1         0.830         3.5        8.5
        6       1977         53         5150        4.3         9.9         0.840           4        5.3
        6       1977         54         2130        0.9         7.7         0.860           2        5.8
        6       1977         55         3540        2.1         9.2         0.890           2        1.3
        6       1977         56         1910        0.4         6.3         0.750           4        5.3
        6       1977         57         7880       -1.4         3.4         0.480         4.5        0.6
        6       1977         58        10750       -5.3         4.7         0.480           2          0
        6       1977         59         7480         -5         3.5         0.510         3.5          0
        6       1977         60         8430        0.9           6         0.540         3.5          0
        6       1977         61         2070          3           9         0.890         5.5          0
        6       1977         62         6020        5.8        10.9         0.940           9          2
        6       1977         63         6190        5.9         9.8         0.860          11          1
        6       1977         64         6250        5.7         9.8         0.810         9.5          0
        6       1977         65        11510        0.7        11.2         0.720         3.5          0
        6       1977         66         7910        2.7        11.9         0.760           5          0
        6       1977         67         7640          4        11.9         0.960         6.5          0
        6       1977         68        11470          3        16.9         0.910           4          2
        6       1977         69        11650        6.7        13.2         0.860           6          0
        6       1977         70         4900        5.9        13.9         1.040           4        4.7
        6       1977         71         8400          1        11.5         0.870         3.5          0
        6       1977         72         8110       -0.6        11.8         0.770         1.5          0
        6       1977         73         6550          4        10.7         0.830           7        3.3
        6       1977         74         9560        2.1        11.4         0.820         5.5        3.9
        6       1977         75         7970        6.9        15.6         0.930         5.5          2
        6       1977         76         8830        6.3        13.3         0.980           5        2.5
        6       1977         77         8820        4.5        12.1         0.900         3.5          1
        6       1977         78         6550        3.6        11.4         0.880         3.5          3
        6       1977         79        12300       -0.7        11.5         0.820           3          0
        6       1977         80         7190        3.5         8.7         0.770           5          0
        6       1977         81         2780        3.8           6         0.770         4.5        0.4
        6       1977         82         2480        4.7         7.5         0.880         5.5          0
        6       1977         83         7970        6.2        14.3         1.070         3.5          0
        6       1977         84         3360       -0.1         7.7         0.800         3.5        0.1
        6       1977         85        10790       -0.6        10.1         0.720         2.5          0
        6       1977         86         4300        0.8         4.6         0.690           4        6.3
        6       1977         87        11460         -2         3.9         0.520         6.5        1.9
        6       1977         88        14060       -4.5           5         0.400           2          0
        6       1977         89        18640       -4.6         4.4         0.380         3.5          0
        6       1977         90        17980       -5.1         4.8         0.410         5.5        0.4
        6       1977         91         3040        2.4        10.4         0.940           9       17.4
        6       1977         92         3150        1.4         7.4         0.720         9.5          1
        6       1977         93         4490        0.1         5.8         0.690           3        1.1
        6       1977         94        10820          0         8.5         0.680         4.5        0.6
        6       1977         95         4760        0.9         8.5         0.840         6.5          0
        6       1977         96         5050       -0.3           7         0.760         6.5        4.4
        6       1977         97        12590       -0.6         6.9         0.640           4        2.5
        6       1977         98        16630       -3.2         5.5         0.550         4.5        0.1
        6       1977         99        17290       -4.3         5.5         0.480           4          0
        6       1977        100        13850       -5.7         6.1         0.500           3        1.4
        6       1977        101         8860       -2.7         6.7         0.660           4          1
        6       1977        102         4490          0          10         0.860           5        0.6
        6       1977        103        12780        2.9        10.5         0.860         8.5        7.6
        6       1977        104        15040        1.5         9.2         0.730           7        1.7
        6       1977        105        13360        1.4         8.9         0.710         7.5        4.2
        6       1977        106        13760        0.1         9.8         0.670           5        0.1
        6       1977        107         8910        0.4         9.9         0.720         4.5        0.9
        6       1977        108        17460       -2.6         8.5         0.530           4          0
        6       1977        109        15630       -2.8         7.7         0.600           3        0.1
        6       1977        110        20760       -3.2        12.6         0.650         5.5          0
        6       1977        111         3290        7.3        11.8         1.170           8        5.9
        6       1977        112         4630        9.1        12.7         1.160          11        4.9
        6       1977        113         9280        5.8        13.4         1.050         8.5        4.9
        6       1977        114        13250        2.3        10.3         0.810           9        7.2
        6       1977        115        15140        1.3        12.8         0.940         4.5          0
        6       1977        116         6510        6.5          16         1.190         7.5        1.9
        6       1977        117        15500        2.7          11         0.830         6.5          1
        6       1977        118        18310        1.7        14.1         0.760           5          0
        6       1977        119        16090        6.3        13.9         0.940         5.5        3.2
        6       1977        120        14490        3.4          15         0.930           3        1.1
        6       1977        121         3080        6.3         7.7         0.980           4          8
        6       1977        122        20790        3.6        15.8         1.010         4.5          0
        6       1977        123        16540        8.4        19.5         1.250         3.5          0
        6       1977        124        18660        8.7        20.5         1.440           4          0
        6       1977        125         2330        8.3        10.4         1.120         5.5       17.4
        6       1977        126        17260        3.6        14.1         0.960           5        0.1
        6       1977        127        21930        3.3        15.4         0.900           3        0.9
        6       1977        128        15130        3.5        14.4         0.990           2        0.5
        6       1977        129        12980        3.8        15.1         1.010         2.5        0.1
        6       1977        130         5860        7.6        14.5         1.190           5        1.1
        6       1977        131        10540        8.8        15.3         1.260           6        0.6
        6       1977        132         8750        6.7        13.9         1.120         5.5       17.8
        6       1977        133         9980        5.9        12.8         1.040           3       15.3
        6       1977        134        16430        3.1        10.8         0.850           4        4.5
        6       1977        135        21820        0.8        13.8         0.800           3          0
        6       1977        136        15430        4.9        13.9         0.830           6          0
        6       1977        137        22250          7        15.8         0.980         5.5          0
        6       1977        138        25850        6.1        19.2         1.040           5          0
        6       1977        139        27530        4.7        17.3         0.800           6          0
        6       1977        140        19100        6.8        15.2         0.810           9          0
        6       1977        141        18640        4.7        16.9         0.870         6.5          0
        6       1977        142        26790        2.5        18.7         0.960         2.5          0
        6       1977        143        27080        2.3          20         1.080           3          0
        6       1977        144        28220        6.2        21.1         1.000         3.5          0
        6       1977        145        27190        6.6        22.9         1.150         4.5          0
        6       1977        146        28980        6.3        18.1         0.790           6          0
        6       1977        147        28350        6.7        19.6         1.020           4          0
        6       1977        148        28620          3        19.7         0.970           2          0
        6       1977        149        19730          3        15.4         0.950           5          0
        6       1977        150        15720        3.4        13.7         0.840         4.5        0.3
        6       1977        151        28630        0.7        15.7         0.730         3.5          0
        6       1977        152        15210        0.6        14.8         0.900         3.5          0
        6       1977        153        18510        9.4        17.2         1.150           4          0
        6       1977        154         8110        7.2        13.4         1.190         5.5        3.2
        6       1977        155        12160        3.4        14.9         1.120         5.5          0
        6       1977        156         8370        2.8        14.8         1.070         5.5        2.4
        6       1977        157        15940          3        16.1         1.010         4.5       10.2
        6       1977        158        12560        7.2        14.1         1.140           7          3
        6       1977        159        22330        6.8        17.3         1.040         4.5          0
        6       1977        160        11810       10.2        20.4         1.510           4        0.6
        6       1977        161        15170       10.2        24.1         1.620           4        7.5
        6       1977        162        23110        8.8        22.1         1.270           3          0
        6       1977        163        25240       10.8          24         1.480         3.5          0
        6       1977        164        25440       13.1        29.4         1.980         3.5          0
        6       1977        165        17410         15        24.3         1.980           4        0.5
        6       1977        166        23330       14.4        26.4         1.780         4.5          0
        6       1977        167        15390       12.4        18.3         1.540           5        0.4
        6       1977        168         5690       11.7        15.7         1.480           3          0
        6       1977        169         5440       11.5        15.5         1.520           2          0
        6       1977        170         4680         11          16         1.460         3.5          0
        6       1977        171        12540        9.9        16.3         1.110           4          0
        6       1977        172        17320       10.5        20.8         1.310           3          0
        6       1977        173        22430        9.6        19.5         1.290           3          0
        6       1977        174        13850        7.3        18.3         1.320         2.5          0
        6       1977        175        16320        8.1        16.6         1.280           2          0
        6       1977        176        12970        7.2          19         1.320           4        0.1
        6       1977        177        19800        9.9        18.4         1.210           4        0.1
        6       1977        178        19650        7.7        19.7         1.180         5.5          4
        6       1977        179        11970       11.2        17.4         1.440           4        0.1
        6       1977        180        16240        6.9        18.1         1.270           3        0.8
        6       1977        181        17260        6.5        19.4         1.270         3.5          0
        6       1977        182         5010       11.9        15.7         1.530           6        6.2
        6       1977        183        29680       10.7        22.1         1.290           2        0.3
        6       1977        184        23640       10.5        26.1         1.670           2          0
        6       1977        185        28150         10        25.1         1.490           3          0
        6       1977        186        23950         12        24.6         1.630           4          0
        6       1977        187        27620       12.7        27.1         1.700           4          0
        6       1977        188        25080       14.9          24         1.700         4.5          0
        6       1977        189        16240       12.5        21.3         1.690           4          0
        6       1977        190        12230       12.2        22.7         1.760           3          0
        6       1977        191        27870       10.9        22.4         1.580         3.5          0
        6       1977        192        19840         14        22.6         1.510         2.5          0
        6       1977        193        12810       11.2        20.1         1.520           3          0
        6       1977        194        12670       10.8        19.7         1.310         4.5          0
        6       1977        195        11540        8.7        16.1         1.140         5.5        2.3
        6       1977        196        14000        5.8        17.8         1.140         4.5        0.4
        6       1977        197        17880        4.1        19.5         1.150           5          0
        6       1977        198        20370        9.6        20.9         1.260         5.5          0
        6       1977        199        13860       11.6        19.6         1.460           7       23.9
        6       1977        200        17070       11.9        19.2         1.430           6        2.3
        6       1977        201        17660       11.3        19.1         1.370         6.5        1.3
        6       1977        202        16810        9.3        18.7         1.300         4.5          0
        6       1977        203        13630        8.9        20.1         1.450           4          0
        6       1977        204         4830       14.9          21         1.970           5        0.9
        6       1977        205         7420       11.1        18.3         1.520         7.5        3.6
        6       1977        206        14700        9.4        18.9         1.360         3.5        5.8
        6       1977        207        13600        8.4        17.8         1.410         5.5        7.7
        6       1977        208        10480         10        18.4         1.430         3.5        5.2
        6       1977        209         9900         10        17.6         1.370           2          0
        6       1977        210        12320       12.4          19         1.460           5        1.2
        6       1977        211        23410       13.3        22.6         1.570         5.5          0
        6       1977        212        12980       12.2        18.3         1.370         5.5          0
        6       1977        213        11800        9.2        17.9         1.310           4          0
        6       1977        214        11390        8.1        20.4         1.620         2.5          0
        6       1977        215         9880       12.4        21.4         1.670         1.5        0.8
        6       1977        216        20730       10.9        22.9         1.520           2          0
        6       1977        217        20620        9.1        23.2         1.530           5          0
        6       1977        218         6050       11.2          17         1.460         3.5        1.9
        6       1977        219        16770       11.1        23.9         1.730           2        1.9
        6       1977        220         8920       11.8        21.4         1.680         2.5        2.6
        6       1977        221        10830       11.5        20.5         1.600         3.5        4.4
        6       1977        222         8770         12        17.7         1.600           4        0.5
        6       1977        223        12680       12.3        19.5         1.680         3.5        1.2
        6       1977        224         2800       14.6        17.7         1.830           4       23.8
        6       1977        225        11060       14.5        21.9         1.700           4          0
        6       1977        226        12930       14.1        21.9         1.770         2.5          0
        6       1977        227        16660       14.2        22.7         1.630         3.5          0
        6       1977        228        20670       11.9        21.2         1.310           5          0
        6       1977        229         2200       12.3        14.9         1.460         4.5        9.3
        6       1977        230         1750       12.5        14.9         1.500         3.5        6.6
        6       1977        231         9330       12.9        20.6         1.630           2        7.3
        6       1977        232         6030         13        17.3         1.600           2         13
        6       1977        233         4380       13.3        16.4         1.560         4.5        1.8
        6       1977        234         5460       12.8        16.3         1.450         5.5        0.7
        6       1977        235        14880        9.7        20.3         1.350           2        0.1
        6       1977        236        19260        7.2        21.7         1.320         2.5        0.5
        6       1977        237        13670       13.8        21.4         1.630           5        1.4
        6       1977        238        14080       10.8        20.9         1.620         3.5        4.7
        6       1977        239        15770        8.5        22.3         1.440         1.5          0
        6       1977        240        18070        6.9        18.3         1.190           3          0
        6       1977        241        22130        4.2          21         1.120         1.5          0
        6       1977        242        14320        8.4          23         1.560         1.5          0
        6       1977        243        12100       11.9        21.8         1.590         2.5          0
        6       1977        244        12060         10        25.1         1.650         1.5        0.4
        6       1977        245         9710       12.2        21.9         1.610         3.5          0
        6       1977        246        13540        7.6        19.7         1.430           3          1
        6       1977        247        19970        4.4        19.2         1.010         1.5          0
        6       1977        248         5890          8        17.9         1.470           4        0.1
        6       1977        249         6390       14.5        19.5         1.880           7        3.7
        6       1977        250        11070        8.8        17.7         1.290           2        0.2
        6       1977        251        11910        7.7        16.8         1.120         1.5          0
        6       1977        252        14140        4.9        15.7         1.020           4        2.5
        6       1977        253         2830        6.8        16.3         1.430           6       10.5
        6       1977        254         6920       16.3        19.3         1.810         7.5        0.1
        6       1977        255        13140        8.7          17         1.330           6        0.1
        6       1977        256        14810        5.1          16         0.980           3          0
        6       1977        257        13150        5.9        17.7         1.290           6          0
        6       1977        258         6810        9.5        16.8         1.310           6        0.3
        6       1977        259        13670        7.9        15.4         1.030           5        1.5
        6       1977        260        10950        4.1        14.8         0.960         2.5        0.3
        6       1977        261        16720        3.1        14.3         0.890           2          0
        6       1977        262         4410        2.2        12.7         0.940         1.5          0
        6       1977        263        11020        2.5        15.9         1.140           2          0
        6       1977        264         6730        5.2        15.3         1.180           1          0
        6       1977        265         4460        6.4        15.2         1.320         1.5          0
        6       1977        266         7790        7.6        17.5         1.340         1.5          0
        6       1977        267        12310        6.7        17.4         1.040           4          0
        6       1977        268        12710        6.2        18.8         0.990         4.5          0
        6       1977        269        11680        6.6        19.6         1.200         2.5          0
        6       1977        270        10500          6        19.4         1.140         2.5          0
        6       1977        271         4400        7.8        18.5         1.430         5.5        1.4
        6       1977        272         5670        9.2        15.6         1.360           7          0
        6       1977        273         2890       12.6        15.9         1.500        10.5       12.1
        6       1977        274         7230        7.4        13.7         1.050           9       16.9
        6       1977        275         4960        6.5        11.5         1.050           6       16.5
        6       1977        276        11480        5.5        13.8         1.020         4.5        1.3
        6       1977        277         2910        9.2        13.9         1.350         8.5        8.1
        6       1977        278         9360        9.4          15         1.230         4.5        0.2
        6       1977        279         4650       10.6        17.2         1.540           3        1.3
        6       1977        280         6150       13.5        20.7         1.710         2.5          0
        6       1977        281         3300       11.9        17.3         1.470         2.5        2.9
        6       1977        282         8900        9.9        17.5         1.360         4.5          0
        6       1977        283         6530        8.1        16.1         1.320           4        5.3
        6       1977        284         9500        4.2        14.9         1.020         2.5          0
        6       1977        285         9820        4.5        16.5         1.190           4        0.1
        6       1977        286         7460        4.5        15.4         1.170           2        0.2
        6       1977        287         3600        4.1         9.5         1.030         1.5        0.1
        6       1977        288         2850        6.3        11.3         1.090           3          0
        6       1977        289         4140        4.4         9.2         0.990           2          0
        6       1977        290         3060        5.1         9.5         1.010         1.5        0.4
        6       1977        291         6010        3.5          12         0.960         2.5        0.1
        6       1977        292         8390        3.4        18.1         1.180         2.5          0
        6       1977        293         7280        9.8        19.4         1.310           3          0
        6       1977        294         5710        7.8        19.2         1.290         3.5          0
        6       1977        295         4720         12        19.4         1.660           3        0.5
        6       1977        296         2770        9.9        15.8         1.460           4        0.1
        6       1977        297         7280        7.8        16.1         1.200           4          0
        6       1977        298         4450        5.5        15.9         1.310         2.5        0.3
        6       1977        299         4600        5.1        13.9         1.110           2          0
        6       1977        300         1540        6.6        10.1         1.100           2        0.1
        6       1977        301         3620        5.8        13.4         1.150         2.5          0
        6       1977        302         3230        6.4        12.2         1.210         2.5          0
        6       1977        303         5950        5.1        13.1         1.040           4          0
        6       1977        304         2440        8.4        15.1         1.250           7        3.4
        6       1977        305         7200        5.4        12.3         0.980           5        0.5
        6       1977        306          810          6        11.2         1.060           7        8.7
        6       1977        307         4320        7.8        13.7         1.120           6        1.3
        6       1977        308         6800        4.9        11.9         0.910           6        4.1
        6       1977        309         2100        4.8          11         1.070           5        0.5
        6       1977        310         2790        7.4        11.9         1.150         5.5        3.3
        6       1977        311         4180        7.7        12.7         1.120           6          0
        6       1977        312         2530        8.6        12.4         1.210           7        1.9
        6       1977        313         1190        9.9        12.6         1.240           6        6.3
        6       1977        314         4160       11.8        16.6         1.440         7.5        0.1
        6       1977        315         1410       11.6        14.4         1.320           9        1.2
        6       1977        316         5040        4.5        14.5         0.860          12        5.3
        6       1977        317         3880        4.2           9         0.800         7.5        4.3
        6       1977        318         1000        3.5         9.8         0.920        10.5       21.1
        6       1977        319         4800        4.6         7.7         0.820          11       11.4
        6       1977        320         4120          3           9         0.820         5.5        4.3
        6       1977        321         2630        0.5         7.4         0.770           3        2.3
        6       1977        322         3010       -0.2         8.1         0.720           4        4.7
        6       1977        323         1680        1.5         6.9         0.840           8        2.8
        6       1977        324          510        2.1         6.4         0.820         9.5        2.6
        6       1977        325          880        0.3         3.4         0.680         2.5        7.5
        6       1977        326         2430        0.4         5.9         0.720           5        5.4
        6       1977        327         2040        0.4         7.9         0.840         6.5        9.1
        6       1977        328         1670        0.9         6.9         0.800           8       12.2
        6       1977        329         1580        2.1         6.2         0.770         5.5        5.4
        6       1977        330         3850       -1.8         4.8         0.600         3.5          1
        6       1977        331         3300       -2.8         2.2         0.480         2.5          0
        6       1977        332         4820       -4.6         3.1         0.500           1          0
        6       1977        333         1320        0.1         3.5         0.670         2.5        0.6
        6       1977        334         3080        0.7         8.7         0.800           2        1.2
        6       1977        335         2590          1         3.9         0.690         2.5          0
        6       1977        336         1780       -3.6         4.5         0.610           1          0
        6       1977        337         1010       -4.2         2.3         0.590           2          0
        6       1977        338         3810       -2.1         2.2         0.590         4.5          0
        6       1977        339         1610       -5.1        -2.1         0.450           4          0
        6       1977        340         1830       -5.5        -1.6         0.440         5.5          0
        6       1977        341          480         -3         4.6         0.570           5        0.1
        6       1977        342          630        0.9         7.3         0.780           5        4.2
        6       1977        343         1580        0.5         3.3         0.700         3.5          0
        6       1977        344          430        1.8         4.7         0.730         5.5          0
        6       1977        345          310        2.9         8.3         0.930         5.5        9.1
        6       1977        346         1430        6.7         9.3         1.080         4.5          0
        6       1977        347          930        5.5         8.4         0.980           4          0
        6       1977        348          600        6.8         8.8         1.050         4.5          1
        6       1977        349          860        6.4         7.6         0.990         2.5          0
        6       1977        350          520          0         8.1         0.930         1.5          0
        6       1977        351          270       -0.7         5.4         0.780         3.5        0.1
        6       1977        352         1640        2.3         7.5         0.830           4        0.8
        6       1977        353          710          5         7.7         0.930           2          0
        6       1977        354         1760        0.9         6.3         0.800         1.5          0
        6       1977        355         2390        0.1         3.7         0.660         4.5          0
        6       1977        356          570        0.2         7.7         0.840           4        0.1
        6       1977        357          980        4.9        14.5         1.100         7.5        1.2
        6       1977        358         1180        7.3        15.4         1.100        14.5        2.9
        6       1977        359          890        4.3         8.3         0.960           7          1
        6       1977        360         1170        5.8         7.8         0.960           6        1.5
        6       1977        361          650        2.4         7.5         0.830         6.5        7.3
        6       1977        362          910        2.9         5.3         0.790           8        7.2
        6       1977        363          960        2.6         6.2         0.800           7        3.8
        6       1977        364         2280        1.2         6.2         0.700          10        5.1
        6       1977        365         2020        2.6           6         0.750         7.5        4.4
