*-------------------------------------------------------------------------*
*   Country: Netherlands
*   Station: Eelde/Marwijksoord
*      Year: 1999
*    Source: Weather data and coordinates from
*            Eelde (Airport)  data Meteoconsult/DACOM
* Precipitation Marwijksoord
*    Author: J. W. Steenhuizen PRI Wageningen
* Longitude: 235.030 Amersfoortse coordinates
*  Latitude: 571.460
* Elevation: 4.0 m.
*  Comments: For internal use only
*  Columns:
*  ========
*  station number
*  year
*  day
*  irradiation (kJ m-2 d-1)
*  minimum temperature (degrees Celsius)
*  maximum temperature (degrees Celsius)
*  vapour pressure (kPa)
*  mean wind speed (m s-1)
*  precipitation (mm d-1)
*--------------------------------------------------------------------------*
   6.35 53.08 4.0 0.00 0.00
      6       1999             1         1550         3.5           7.7        0.746        1.9          0.0
      6       1999             2         1060         4.3           8.5        0.855        3.1          0.0
      6       1999             3         1060         4.7           5.6        0.846        2.6          0.0
      6       1999             4          360         2.5          12.3        0.978        4.1          3.2
      6       1999             5         2190         7.9          13.5        1.158        3.8          3.6
      6       1999             6         3220         8.3          14.5        1.011        3.9          1.2
      6       1999             7         1440         5.9           7.4        0.929        2.6          0.2
      6       1999             8          420         4.9           6.2        0.852        3.4         11.8
      6       1999             9         2090         1.7           3.4        0.631        1.7          0.0
      6       1999            10         1580        -5.5           0.5        0.483        0.9          0.0
      6       1999            11         5550        -5.3           0.7        0.469        1.7          0.0
      6       1999            12         3370        -2.4           1.5        0.555        2.5          0.8
      6       1999            13         2110        -0.5           3.4        0.665        2.4          0.2
      6       1999            14         1980         1.7           6.3        0.724        4.1          8.6
      6       1999            15          850         4.2           9.2        0.883        4.9         27.0
      6       1999            16          620         7.3           9.9        1.050        3.9         21.6
      6       1999            17         1880         4.4           7.1        0.864        2.8          0.0
      6       1999            18         3980         1.8           6.5        0.764        3.0          0.0
      6       1999            19         1330         4.9           9.9        0.926        4.4          1.6
      6       1999            20         1940         8.5          11.8        1.116        3.3          0.0
      6       1999            21         1030         7.3           9.0        1.073        1.5          0.0
      6       1999            22         2890         0.6           6.1        0.776        1.1          0.0
      6       1999            23         1530        -1.8           4.7        0.678        1.8          0.0
      6       1999            24         3030         4.6           8.4        0.929        3.2          0.2
      6       1999            25          570         5.2          12.0        1.028        5.1         17.8
      6       1999            26         2570         3.3           7.4        0.822        3.0          1.4
      6       1999            27         3770         3.3           7.6        0.837        2.1          0.0
      6       1999            28         1080         2.2           4.4        0.720        2.0          0.0
      6       1999            29         5900        -0.7           0.5        0.467        1.4          0.0
      6       1999            30         6410        -6.3           3.5        0.474        1.2          0.0
      6       1999            31         2820        -3.5           5.5        0.591        1.3          0.0
      6       1999            32         1330         2.9           7.4        0.864        2.6          0.0
      6       1999            33         1210         5.2           6.2        0.906        2.1          0.0
      6       1999            34          980         4.2           7.6        0.900        2.8          0.0
      6       1999            35         1640         7.1          10.4        0.982        5.0          0.0
      6       1999            36         4940         0.5           6.8        0.642        5.6         26.8
      6       1999            37         5120         1.4           5.4        0.701        3.0          6.6
      6       1999            38         4780         0.2           1.8        0.637        2.4          9.4
      6       1999            39         7870        -4.2           2.3        0.553        2.1          0.0
      6       1999            40         3770        -6.1          -2.0        0.452        1.8          0.0
      6       1999            41         3960        -2.5           1.8        0.583        2.1          0.0
      6       1999            42         8010        -4.4           1.3        0.518        1.1          0.0
      6       1999            43         8200       -12.6           1.3        0.365        0.5          0.0
      6       1999            44         9220       -13.5          -0.3        0.328        0.6          0.0
      6       1999            45         4180       -13.2          -1.7        0.328        1.7          0.0
      6       1999            46         4140        -1.7           1.6        0.608        2.9          0.0
      6       1999            47         4910         1.3           5.9        0.743        4.1          0.0
      6       1999            48         6020        -0.7           3.7        0.612        4.1          0.0
      6       1999            49         4830        -0.6           5.6        0.651        2.1          0.0
      6       1999            50         1220         3.2           9.6        0.951        2.9          0.0
      6       1999            51         6220         1.4           7.6        0.783        2.4          0.0
      6       1999            52         2980         3.7           6.6        0.802        3.6          0.0
      6       1999            53         4580         1.1           5.0        0.707        3.6          0.0
      6       1999            54         7960         1.2           6.5        0.708        3.1          0.0
      6       1999            55         7920         0.6           6.2        0.701        2.0          0.0
      6       1999            56         5000        -3.4           5.5        0.600        3.1          0.0
      6       1999            57         1220         4.4           7.8        0.932        3.7          0.0
      6       1999            58         1190         4.9           6.8        0.907        2.9          0.0
      6       1999            59         7990         3.8           9.1        0.839        4.7          0.0
      6       1999            60          960         6.8          10.6        1.102        3.4          0.0
      6       1999            61         1680         1.9           9.9        0.919        2.7          0.0
      6       1999            62         5710         7.0          10.3        0.953        4.4          0.0
      6       1999            63         4950         4.8           8.9        0.882        2.0          0.0
      6       1999            64         5370         0.7           9.4        0.805        0.9          0.0
      6       1999            65         3180         2.6           6.4        0.808        2.2          0.0
      6       1999            66         3860         3.5           5.7        0.755        3.7          0.0
      6       1999            67         2970         2.9           5.0        0.761        1.9          0.0
      6       1999            68         3460         2.3           5.5        0.743        2.5          0.0
      6       1999            69         1770         3.0           5.1        0.767        1.1          0.0
      6       1999            70         5230         2.5           5.4        0.713        1.8          0.0
      6       1999            71        11520        -0.1          10.6        0.745        2.5          0.0
      6       1999            72         9450         3.3          16.6        1.064        1.5          0.8
      6       1999            73         8510         5.5          12.5        1.056        1.3          4.4
      6       1999            74        12210         0.1          12.5        0.859        0.8          0.0
      6       1999            75        10220         0.6          10.1        0.768        1.3          1.2
      6       1999            76         8480         3.3          10.9        0.877        1.2          0.0
      6       1999            77         6430         5.8          11.8        0.962        1.9          0.0
      6       1999            78         7020         2.9           8.3        0.782        2.9          2.0
      6       1999            79         3670         1.6           7.1        0.775        2.3          1.0
      6       1999            80         3190         3.9           7.3        0.864        2.7          0.0
      6       1999            81         3910         5.1           6.2        0.794        3.0          1.6
      6       1999            82        11180         3.1           8.5        0.793        2.7          0.8
      6       1999            83         4030         2.9          10.4        0.870        2.9          0.0
      6       1999            84        13240         6.2          16.4        1.058        1.6          0.0
      6       1999            85         7380         9.9          13.0        1.203        2.3          1.0
      6       1999            86        12540         3.2          11.6        0.885        1.5          0.2
      6       1999            87        14320         0.5          11.4        0.782        1.0          0.0
      6       1999            88        17050         2.5          14.8        0.773        2.0          0.0
      6       1999            89        10080         8.3          15.3        1.121        1.8          0.6
      6       1999            90        13710        10.0          18.7        1.439        1.2         13.2
      6       1999            91        16610         7.4          19.6        1.052        2.3          0.0
      6       1999            92        16780         7.2          21.1        0.936        2.2          2.4
      6       1999            93        10850         5.3          18.0        1.178        1.3          2.2
      6       1999            94         7350         9.4          12.8        1.281        2.1          0.0
      6       1999            95         4450         7.3          13.9        1.239        2.9          0.0
      6       1999            96         4490        10.5          14.2        1.363        3.7          0.8
      6       1999            97         9420         8.9          12.4        1.167        3.0          0.8
      6       1999            98         6340         7.1           9.6        0.966        2.5          4.4
      6       1999            99         4270         6.7          12.2        1.124        2.4          3.0
      6       1999           100         4640         9.0          12.5        1.239        3.2          8.4
      6       1999           101        11220         4.1          11.0        0.884        2.8          0.2
      6       1999           102         7410         5.9          10.9        1.003        3.1          0.0
      6       1999           103        10550         4.9           8.8        0.882        3.1          2.0
      6       1999           104        10310         0.2           5.9        0.730        1.4          0.0
      6       1999           105        13280        -2.2           8.6        0.622        2.1          0.0
      6       1999           106        17410         1.5          12.3        0.806        2.1          0.0
      6       1999           107        16550         4.2          11.0        0.856        2.0          1.8
      6       1999           108        20860         0.1          10.3        0.699        2.4          2.0
      6       1999           109        20930        -2.2          11.2        0.615        1.3          0.0
      6       1999           110        20970         0.6          14.9        0.675        2.8          0.0
      6       1999           111        14250         7.0          17.3        1.133        2.1          0.0
      6       1999           112        10350         9.0          14.2        1.188        2.8          0.0
      6       1999           113        19350         5.9          17.8        1.083        1.6          0.0
      6       1999           114        14310         8.3          18.7        1.238        1.5          0.0
      6       1999           115        15590         5.3          17.5        1.091        1.3          0.0
      6       1999           116        10070         8.7          15.6        1.260        2.6          0.0
      6       1999           117        22310         7.5          16.4        1.146        3.0          0.0
      6       1999           118        22090         6.9          15.6        1.147        2.4          0.0
      6       1999           119        24250         6.3          12.8        0.965        2.3          0.0
      6       1999           120        20970         0.0          15.8        0.831        1.3          0.0
      6       1999           121        15130         4.4          12.8        0.916        1.4          0.0
      6       1999           122        19370         0.6          13.4        0.821        1.3          7.4
      6       1999           123        24420         3.3          14.9        0.878        3.5          1.8
      6       1999           124        20850         4.1          17.7        0.834        6.6          0.6
      6       1999           125        18600         7.5          18.6        0.706        7.9          0.0
      6       1999           126         5160         8.0          11.8        0.988        5.3          0.0
      6       1999           127        15170         9.4          19.1        1.429        2.8          0.0
      6       1999           128        16210        12.6          17.4        1.415        6.1          5.0
      6       1999           129        16530        11.2          19.0        1.407        4.7          3.0
      6       1999           130        10930         8.7          19.2        1.370        3.3          7.0
      6       1999           131        17770         8.5          18.0        1.263        4.2          0.0
      6       1999           132        13190         8.9          16.6        1.252        4.9          0.0
      6       1999           133        14860         9.8          16.4        1.266        4.8          0.0
      6       1999           134         9690         8.0          14.9        1.203        3.6          0.0
      6       1999           135        21440         1.9          13.4        0.838        4.4          0.0
      6       1999           136        18560         1.6          13.8        0.819        2.6          0.0
      6       1999           137        25930         3.7          17.3        0.812        5.8          0.0
      6       1999           138        27370         8.3          21.2        0.788        7.6          0.0
      6       1999           139        23620         9.9          23.3        1.076        4.0          0.0
      6       1999           140         8840        11.6          20.3        1.540        2.8          0.0
      6       1999           141        22450         7.9          21.0        1.300        4.4          0.0
      6       1999           142        24350        10.7          15.9        1.054        5.4          0.0
      6       1999           143        13570         8.2          19.6        1.238        6.2          0.0
      6       1999           144         7020        12.2          15.9        1.363        5.1          0.0
      6       1999           145        22460        10.6          17.5        1.154        4.3          0.0
      6       1999           146        23530         3.4          20.2        0.982        3.4          0.0
      6       1999           147        27740         5.2          25.5        1.186        2.9          0.0
      6       1999           148        21690        13.6          22.6        1.537        4.8          0.0
      6       1999           149        27180        10.9          27.5        1.602        3.2          1.4
      6       1999           150        12630        13.9          18.1        1.545        4.8          1.8
      6       1999           151        20270        10.5          17.9        1.327        3.8          1.2
      6       1999           152        26450         3.8          21.6        1.130        2.4          6.4
      6       1999           153        17570         7.4          26.1        1.544        4.4          4.6
      6       1999           154        15910        13.3          21.4        1.466        6.5          5.6
      6       1999           155        13130        11.8          17.9        1.435        6.2          0.0
      6       1999           156        12430        11.6          15.9        1.321        4.4          1.8
      6       1999           157        18200         9.9          18.0        1.322        5.7          0.0
      6       1999           158        17980         6.8          20.4        1.323        3.5          1.2
      6       1999           159        14210        10.8          16.7        1.305        5.5          0.5
      6       1999           160        19100         9.6          17.6        1.246        6.2          0.0
      6       1999           161        13400        10.5          15.9        1.274        4.5          0.0
      6       1999           162        10650         9.8          15.5        1.361        2.8          0.0
      6       1999           163        14240         7.3          17.3        1.216        2.4          0.0
      6       1999           164        27210         6.7          21.9        1.320        3.5          0.0
      6       1999           165        25180         9.2          22.6        1.409        3.3          0.0
      6       1999           166        22690         6.3          21.9        1.255        2.4          0.0
      6       1999           167        20440         7.3          22.9        1.253        1.9          8.2
      6       1999           168        19070         9.4          24.4        1.559        4.3          0.6
      6       1999           169        26110         7.7          17.9        1.049        4.0          2.0
      6       1999           170        29030         3.6          22.4        1.018        2.8          0.0
      6       1999           171         8070        13.2          16.5        1.469        5.0          0.0
      6       1999           172        22210         8.0          17.1        1.148        4.0          0.0
      6       1999           173        23380         6.0          16.7        1.074        3.5          0.0
      6       1999           174        17150         6.7          17.8        1.083        2.4         11.2
      6       1999           175        23470         9.0          18.3        1.156        2.4          3.0
      6       1999           176        19690         3.2          17.4        0.964        2.7          0.6
      6       1999           177        29810         3.7          22.5        1.070        2.7          2.2
      6       1999           178        15870        10.3          23.4        1.612        4.0          1.2
      6       1999           179        18790        13.0          19.2        1.537        5.1          1.0
      6       1999           180         8260        12.3          19.6        1.667        5.1          1.0
      6       1999           181        13410        15.7          21.0        1.814        3.4          0.0
      6       1999           182        14080         9.3          19.8        1.457        3.7         32.6
      6       1999           183         8590        15.0          19.8        1.808        2.9          0.0
      6       1999           184        16580        12.7          26.9        1.986        3.6          4.6
      6       1999           185        17250        13.5          23.3        1.756        3.7          0.0
      6       1999           186         5660        16.6          19.4        1.981        3.3          0.0
      6       1999           187        19030        11.5          21.3        1.622        2.5          0.0
      6       1999           188        16340        11.3          23.5        1.788        2.1          0.0
      6       1999           189        22810        14.8          22.7        1.752        3.3          0.0
      6       1999           190        27440        10.0          25.6        1.447        4.0          3.4
      6       1999           191        26860        11.9          26.7        1.612        4.7          1.4
      6       1999           192        28580        15.1          28.3        1.817        4.9          0.0
      6       1999           193        24600        16.1          28.6        2.106        4.0          0.0
      6       1999           194        16690        16.4          27.9        2.267        2.9          0.0
      6       1999           195        17980        13.0          20.4        1.558        5.1          0.0
      6       1999           196        18800        12.2          21.6        1.463        4.6          4.4
      6       1999           197        20930         8.6          22.9        1.342        4.7          1.0
      6       1999           198        13690        12.3          23.2        1.747        4.3          1.2
      6       1999           199        23710        10.7          28.2        1.785        2.7          9.2
      6       1999           200        19360        15.0          29.7        2.133        3.0          1.2
      6       1999           201        15380        15.7          25.2        1.971        5.5          0.0
      6       1999           202        18340        16.1          21.7        1.725        6.6          0.0
      6       1999           203         5290        12.4          16.0        1.522        6.0          0.0
      6       1999           204        12350        12.3          18.3        1.425        4.6          0.0
      6       1999           205        24300        13.7          24.9        1.835        4.1          0.0
      6       1999           206        18780        13.6          24.9        1.874        3.2          0.0
      6       1999           207        18280        11.1          18.7        1.270        3.6          0.0
      6       1999           208        21970        10.7          20.0        1.238        3.7          0.0
      6       1999           209        26740         9.2          23.9        1.468        4.4          1.0
      6       1999           210        25050        11.2          26.3        1.449        3.9          0.0
      6       1999           211        24440        13.7          28.3        1.542        3.1          0.0
      6       1999           212        22820        15.1          30.1        1.535        3.5          0.0
      6       1999           213        23280        13.6          30.8        1.472        3.5          2.0
      6       1999           214        23030        15.1          31.3        1.450        3.8          0.0
      6       1999           215        23010        15.6          30.7        1.361        3.8         12.2
      6       1999           216        18160        14.7          30.0        1.809        2.5          0.8
      6       1999           217         9490        17.2          23.5        1.983        3.4          0.2
      6       1999           218        21590        14.4          27.6        2.089        2.9          2.2
      6       1999           219         4470        15.6          20.7        2.020        3.3          0.0
      6       1999           220        13460        13.3          24.1        1.962        2.5          0.0
      6       1999           221        14340        14.8          22.5        1.913        3.9          0.0
      6       1999           222         9110        12.9          20.6        1.697        3.1          4.6
      6       1999           223        10170        12.4          18.4        1.312        3.5          6.0
      6       1999           224        10610        12.0          19.3        1.457        2.7          0.0
      6       1999           225        16060         7.8          20.4        1.351        2.9          0.2
      6       1999           226         8640        12.4          19.8        1.665        5.2          4.4
      6       1999           227        15730        10.6          18.8        1.471        5.3          8.2
      6       1999           228        14050        10.5          19.3        1.423        2.8          5.2
      6       1999           229        13140         6.7          17.8        1.269        2.3          0.0
      6       1999           230         9860        11.6          20.0        1.651        4.5          0.0
      6       1999           231        10940        12.0          17.7        1.570        6.9          0.0
      6       1999           232        10060        13.9          18.7        1.649        4.7          0.0
      6       1999           233        10800        12.1          17.4        1.376        3.6          0.0
      6       1999           234         9910        11.5          17.2        1.340        2.4          5.0
      6       1999           235        10370        12.2          17.8        1.398        2.2          0.0
      6       1999           236        20190         7.4          21.1        1.251        4.2          0.0
      6       1999           237        12230        14.2          24.3        1.607        4.4          0.0
      6       1999           238        12160        19.1          24.2        2.199        4.2          0.0
      6       1999           239        13290        13.9          21.7        1.813        3.9          0.0
      6       1999           240        15290        10.6          22.6        1.605        2.1          0.0
      6       1999           241        17720         8.5          23.5        1.527        0.8          0.0
      6       1999           242        14100        10.5          22.8        1.629        3.6          0.0
      6       1999           243        14650         9.3          22.0        1.529        3.7          0.0
      6       1999           244         7270         9.4          18.7        1.507        1.3          0.0
      6       1999           245        15770        13.9          24.3        1.879        1.9          0.0
      6       1999           246        19360        10.4          24.7        1.484        2.8          0.0
      6       1999           247        13620        11.2          25.2        1.672        3.2          0.0
      6       1999           248        18160        10.4          27.2        1.454        3.2          0.0
      6       1999           249        15930        11.9          26.8        1.751        2.2          0.0
      6       1999           250        14160        13.1          24.1        1.821        3.9          0.0
      6       1999           251        15380        15.2          24.3        1.864        3.3          0.0
      6       1999           252        13850        13.1          25.3        1.846        3.5          0.0
      6       1999           253        15160        11.7          23.5        1.670        3.3          0.0
      6       1999           254        16400        15.2          30.1        1.842        3.3         11.2
      6       1999           255        15660        14.3          30.5        1.950        2.5          9.0
      6       1999           256        14600        13.9          30.1        2.220        2.5          8.8
      6       1999           257         9920        16.5          22.6        2.046        3.0          0.0
      6       1999           258        10630        11.9          24.1        1.898        2.6          0.0
      6       1999           259         8820        12.3          19.5        1.517        4.3          0.0
      6       1999           260         5430        13.0          18.5        1.628        3.3          1.6
      6       1999           261        11370        11.0          19.2        1.579        2.6          0.4
      6       1999           262        10870        11.5          23.4        1.694        4.2          1.4
      6       1999           263         7160        16.6          23.0        2.009        4.0          9.4
      6       1999           264        10750        12.8          21.0        1.521        3.8          0.2
      6       1999           265         7860        12.1          20.1        1.628        3.1          0.2
      6       1999           266         8080        15.7          21.6        1.870        4.1          4.0
      6       1999           267        10690        14.6          21.0        1.732        5.7          0.2
      6       1999           268         9050        12.6          19.8        1.675        4.7          7.2
      6       1999           269         9210        12.1          18.9        1.584        5.1          1.4
      6       1999           270         4010        11.5          16.2        1.472        5.6          8.6
      6       1999           271         7920        13.2          17.9        1.554        6.1          3.2
      6       1999           272         7020        12.3          19.6        1.631        6.3          5.2
      6       1999           273         4760        13.6          17.4        1.620        5.5          2.2
      6       1999           274         8400        10.7          15.4        1.277        7.3          2.8
      6       1999           275         4080        12.0          16.8        1.443        7.7          0.0
      6       1999           276         6110         8.5          13.8        1.193        6.7          0.2
      6       1999           277         9860         6.5          15.4        1.151        4.0          1.8
      6       1999           278         9790         5.6          14.7        1.066        3.8          0.8
      6       1999           279         7400         4.2          14.0        1.017        3.5          0.0
      6       1999           280         7540         7.1          14.7        1.121        5.5          0.6
      6       1999           281         2290         9.9          14.8        1.377        4.6          0.0
      6       1999           282         3240        11.3          15.7        1.454        5.2          0.0
      6       1999           283         3100        11.8          16.5        1.485        5.8          0.0
      6       1999           284         9870        12.2          15.7        1.306        4.2          0.0
      6       1999           285         8070         5.3          15.8        1.070        3.1          0.0
      6       1999           286         7880         3.9          15.2        1.036        2.6          0.0
      6       1999           287         3630         6.4          14.6        1.104        3.1          0.0
      6       1999           288         5320        10.1          14.9        1.261        2.2          0.0
      6       1999           289        10360         1.0          12.2        0.818        3.4          0.0
      6       1999           290         9820         2.3          11.1        0.785        4.2          3.0
      6       1999           291         9260        -0.3          10.6        0.740        4.4          0.2
      6       1999           292         7920         2.2           9.9        0.750        5.3          1.4
      6       1999           293         9320         2.2           8.7        0.630        7.4          0.2
      6       1999           294         4490         0.4           6.7        0.638        7.0          0.8
      6       1999           295         3850         5.3          12.8        1.013        4.0          0.0
      6       1999           296         7150        10.0          17.8        1.397        4.2          0.4
      6       1999           297         2970         9.4          13.6        1.207        4.6          0.4
      6       1999           298         5180         9.3          16.3        1.300        5.6          0.2
      6       1999           299         2380        10.8          13.8        1.316        6.4          0.0
      6       1999           300         5090        10.8          14.8        1.315        5.3          2.2
      6       1999           301         2410         9.6          13.9        1.296        4.4          0.0
      6       1999           302         4720         3.5          14.0        1.083        2.4          0.0
      6       1999           303         5070         7.8          16.6        1.236        4.2          0.0
      6       1999           304         5250        10.6          13.9        1.212        7.2          0.0
      6       1999           305         4430         8.8          15.1        1.132        7.1          0.0
      6       1999           306         2740        10.8          13.8        1.244        4.6          7.7
      6       1999           307         6330         2.5          13.6        0.958        3.4          1.4
      6       1999           308         5010         9.4          13.4        1.118        3.2          0.8
      6       1999           309         4870         2.1          11.4        0.817        5.9          2.6
      6       1999           310         1260         8.7           9.2        1.029        9.1          2.0
      6       1999           311         4330         7.7          13.0        1.143        4.2          0.0
      6       1999           312         2540         4.1          11.1        1.012        1.9          0.0
      6       1999           313         2860         8.6          12.0        1.152        3.7          0.6
      6       1999           314         4870         6.6          10.4        0.976        4.9          0.0
      6       1999           315         5840         3.4           9.7        0.884        2.7          0.0
      6       1999           316         5030        -2.8           6.9        0.694        0.8          0.0
      6       1999           317         1490        -3.6           9.9        0.750        2.9          5.4
      6       1999           318         3650         9.0          10.5        0.990        4.1          6.2
      6       1999           319         5780        -3.6           5.6        0.558        1.7          4.4
      6       1999           320         3230        -2.8           2.4        0.524        3.7          0.0
      6       1999           321         3500         1.0           6.7        0.756        4.4          2.3
      6       1999           322         1520         0.5           2.2        0.653        3.9          5.1
      6       1999           323         3730        -1.3           5.0        0.628        4.5          0.0
      6       1999           324         2630         1.4           4.6        0.644        4.9          0.0
      6       1999           325         2270         0.5           3.8        0.670        3.0          0.0
      6       1999           326          590         1.7           5.2        0.774        3.2          0.0
      6       1999           327         2200         4.4           9.3        0.961        2.6          0.0
      6       1999           328          650         3.7           9.9        0.968        4.9          0.0
      6       1999           329          340         8.4           9.5        1.098        6.7          1.2
      6       1999           330         1630         7.0          10.3        0.975        7.1          0.0
      6       1999           331         1580         4.7           9.1        0.925        5.3          0.0
      6       1999           332         1810         4.5          10.6        0.894        7.6          1.8
      6       1999           333          210         7.1           8.9        0.965        4.7          4.0
      6       1999           334         1650         4.7           8.8        0.876        8.2          0.0
      6       1999           335         2980         8.4          10.5        0.946        8.5          0.0
      6       1999           336         2090         5.6           7.7        0.811        8.1          0.0
      6       1999           337          210         4.9           9.2        0.864       11.6          0.0
      6       1999           338         2920         2.2           5.8        0.691        6.8          0.0
      6       1999           339         3080         1.0           6.7        0.660        4.3          0.0
      6       1999           340          310        -0.4           9.6        0.797        9.9          0.0
      6       1999           341         1950         9.4          10.6        1.105        8.4          0.0
      6       1999           342         1850         4.6           8.1        0.843        8.2          8.8
      6       1999           343         2160         7.1           8.5        0.878        9.4          0.6
      6       1999           344         2640         5.6           8.0        0.899        6.4          0.0
      6       1999           345          290         3.2          11.0        0.938        8.2          0.0
      6       1999           346          530         8.5           9.0        1.038        6.2          0.0
      6       1999           347         1110         1.3           5.8        0.709        5.2          0.0
      6       1999           348          730         2.1           3.4        0.714        4.1          0.0
      6       1999           349         2170         0.6           2.0        0.610        3.2          0.2
      6       1999           350         1170        -6.6           1.1        0.489        3.3          0.5
      6       1999           351          260         2.2           7.8        0.802        9.0          6.4
      6       1999           352         2690        -1.8           4.0        0.588        4.1          0.4
      6       1999           353         3310        -3.2           1.8        0.557        3.6          6.9
      6       1999           354         2590        -3.1           3.7        0.555        3.3          0.5
      6       1999           355         1820        -0.4           1.9        0.606        3.1          0.0
      6       1999           356         2420        -2.3           2.3        0.470        5.9          1.6
      6       1999           357         2140         1.4           7.4        0.769        7.2          3.7
      6       1999           358          330         3.4           9.1        0.875       10.0         11.9
      6       1999           359         1730         3.4          10.0        0.814       10.8         10.5
      6       1999           360         1260         1.4           6.0        0.732        5.3          4.5
      6       1999           361         2610        -2.0           6.7        0.680        3.7          0.0
      6       1999           362         2180        -2.0           4.2        0.648        2.1          5.8
      6       1999           363         1500        -1.7           5.2        0.672        2.9          2.0
      6       1999           364         1860        -0.5           3.9        0.663        4.0          0.0
      6       1999           365          350         2.9           3.9        0.764        2.4          0.0
