* Country: Netherlands
* Station: Eelde
* Year: 1979
*  Source: Weather data and coordinates from
*  Eelde (KNMI)
*  Author: J. W. Steenhuizen PRI Wageningen
*  Longitude: 235.030 Amersfoortse coordinates
*  Latitude: 571.460
*  Elevation: 4.0 m.
*  Comments: For internal use only
*  Columns:
*  ========
*  station number
*  year
*  day
*  irradiation (kJ m-2 d-1)
*  minimum temperature (degrees Celsius)
*  maximum temperature (degrees Celsius)
*  vapour pressure (kPa)
*  mean wind speed (m s-1)
*  precipitation (mm d-1)
*--------------------------------------------------------------------------*
   6.35 53.08 4.0 0.00 0.00
      6         1979         1          1240        -18.7         -6       0.240        1.5           2.8
      6         1979         2           840        -19.9       -7.6       0.200        1.5           0.3
      6         1979         3          2070        -10.5       -2.6       0.410        2.5           3.5
      6         1979         4          5610        -21.5       -5.2       0.170        0.5             0
      6         1979         5          2620          -22      -10.8       0.140        1.5             0
      6         1979         6          3510        -17.4       -7.4       0.220          2             0
      6         1979         7          1550           -8        1.6       0.480          8           5.4
      6         1979         8           630          0.8        1.5       0.640          5           0.5
      6         1979         9           710         -0.8        1.3       0.620        3.5           2.3
      6         1979        10           840           -1        1.8       0.590          7           4.7
      6         1979        11           930          0.3        1.5       0.630          3           1.2
      6         1979        12          1290            0        1.4       0.630        6.5           5.7
      6         1979        13          3930         -0.7          2       0.570          6           3.6
      6         1979        14          4590           -6        2.7       0.500        3.5             0
      6         1979        15          4090           -6        0.2       0.450        1.5             0
      6         1979        16          2010         -7.9         -4       0.400        1.5             0
      6         1979        17          1820         -8.7       -0.7       0.440        1.5             0
      6         1979        18          2880         -5.2       -0.9       0.450          6             0
      6         1979        19          2250         -3.7       -2.4       0.420        7.5             0
      6         1979        20          2270           -4       -2.3       0.420          7             0
      6         1979        21          1450           -6       -3.6       0.390          5             0
      6         1979        22          4830        -11.5         -6       0.280          3             0
      6         1979        23          1240         -7.9       -3.3       0.390        3.5           7.1
      6         1979        24          3540           -4        1.1       0.520          4           0.8
      6         1979        25          1510         -0.6        1.5       0.570          8           2.1
      6         1979        26          3250         -7.3        0.8       0.540          4          17.2
      6         1979        27          3700        -10.2       -1.5       0.440        1.5           0.2
      6         1979        28          3200          -14       -5.9       0.300        0.5             0
      6         1979        29          1890          -11        1.3       0.500        2.5           0.5
      6         1979        30          1680          0.2        2.1       0.640          2           1.5
      6         1979        31          3230         -0.1        2.6       0.620        5.5           0.3
      6         1979        32          2340          0.6        2.9       0.630          6           5.7
      6         1979        33          5450         -1.8        2.7       0.540          4           5.1
      6         1979        34          2070         -0.4        2.7       0.570        8.5           0.3
      6         1979        35          2660         -1.7        2.2       0.610          2           0.3
      6         1979        36          3490         -4.4        0.6       0.490          2           0.1
      6         1979        37          4740         -5.5       -1.4       0.470          1             0
      6         1979        38          3110         -4.6          0       0.510          3           0.8
      6         1979        39          7050         -6.3        2.7       0.480        4.5             0
      6         1979        40          6360         -9.9          1       0.430          1             0
      6         1979        41         10720         -7.5       -1.7       0.380        2.5             0
      6         1979        42          5760         -8.6         -1       0.310          6             0
      6         1979        43          1460           -3       -0.6       0.460        6.5           2.4
      6         1979        44           860           -2          0       0.540        5.5           8.7
      6         1979        45          3660         -6.7       -1.9       0.400       10.5          10.4
      6         1979        46          2900         -5.2       -4.2       0.410        7.5           0.1
      6         1979        47          5240         -6.6       -4.5       0.370        5.5             0
      6         1979        48          4150         -8.4       -5.4       0.300          6           0.4
      6         1979        49          2420           -8       -3.5       0.360        1.5             0
      6         1979        50          2200         -3.5       -0.4       0.490        1.5             0
      6         1979        51          3280         -6.1       -0.6       0.510        2.5             0
      6         1979        52          8840         -8.7       -0.5       0.380          2             0
      6         1979        53          2100         -8.4        0.4       0.490          2             0
      6         1979        54          7990         -0.3          3       0.650          5           0.6
      6         1979        55          8410         -3.9        2.1       0.550          4             0
      6         1979        56          5130         -4.4       -0.9       0.490          2             0
      6         1979        57          6270         -1.4        1.2       0.560          6             0
      6         1979        58          2790         -0.3        1.6       0.600        5.5             0
      6         1979        59         10720         -1.4        5.5       0.470        5.5             0
      6         1979        60          9580          0.1        3.8       0.620        6.5             0
      6         1979        61          1630          1.2        6.1       0.760        7.5           1.3
      6         1979        62          3710          5.8        9.4       0.990        9.5           2.8
      6         1979        63          7350          0.8        8.1       0.740        5.5           6.7
      6         1979        64         11370          0.1        8.7       0.600        4.5             0
      6         1979        65         11030         -0.6        7.6       0.630        4.5             0
      6         1979        66          8170            1        7.6       0.690        8.5           3.1
      6         1979        67          7100          1.2        8.5       0.700        6.5             0
      6         1979        68          1190            2        7.5       0.770        9.5          11.8
      6         1979        69         12380          0.7        6.6       0.540        6.5           0.1
      6         1979        70          2060          0.8        8.9       0.820        5.5           8.4
      6         1979        71         11880          2.5          8       0.680         10             0
      6         1979        72          5060          0.9        7.3       0.710        5.5             0
      6         1979        73          7170         -1.2        4.8       0.580          5             0
      6         1979        74          1950            0        1.5       0.580        8.5           6.9
      6         1979        75          1290          0.4        1.1       0.620        3.5          12.5
      6         1979        76          8370          0.7        6.1       0.670        2.5           0.5
      6         1979        77          3760         -0.8        2.3       0.610        4.5             0
      6         1979        78          4620         -1.4        1.2       0.480        2.5             0
      6         1979        79         12510         -1.2        9.8       0.660          3           1.5
      6         1979        80          7010          0.7       10.2       0.750        5.5           1.9
      6         1979        81         11080          0.6        8.4       0.640        7.5           2.6
      6         1979        82         10110         -1.4        6.6       0.600          5           0.1
      6         1979        83         17140         -3.1        7.5       0.510          3             0
      6         1979        84          2930          1.9       12.6       0.960          7           4.4
      6         1979        85          8510          4.6       11.3       0.850        9.5           3.7
      6         1979        86          9220          4.8        9.7       0.820        7.5           2.1
      6         1979        87          5320          2.7        9.5       0.820          6           1.9
      6         1979        88          6410          0.6        7.1       0.720          4           0.7
      6         1979        89          2430          2.8          4       0.720          8           1.1
      6         1979        90          6070          1.7        6.6       0.690          4             0
      6         1979        91          5440          2.8        8.4       0.800          3             0
      6         1979        92         12400          0.5          9       0.690          5           0.6
      6         1979        93          3160         -1.6        3.6       0.650        2.5           6.8
      6         1979        94          4900           -3        4.5       0.630          2           1.4
      6         1979        95          8420         -0.8        6.5       0.700          2             0
      6         1979        96          9600          0.3          9       0.700        3.5             0
      6         1979        97         11810         -1.9        8.9       0.720        2.5             0
      6         1979        98         10070          1.7         10       0.700        3.5             0
      6         1979        99         14090          3.4       13.3       0.760          6             0
      6         1979       100         18060            3       18.9       0.850        5.5             0
      6         1979       101         19760          5.2       18.4       0.790          6             0
      6         1979       102         10090          5.7       16.2       0.960        3.5           1.2
      6         1979       103         18210          6.5       16.5       0.970        4.5             0
      6         1979       104         19830          5.5       19.5       0.970          3             0
      6         1979       105         19800          3.7       20.7       0.950        2.5             0
      6         1979       106          3390          4.9       12.8       0.860          6          12.8
      6         1979       107          4370          3.5        6.4       0.750        5.5           0.2
      6         1979       108          6770         -1.4        6.9       0.630        2.5             0
      6         1979       109         21950           -3       11.4       0.630          2             0
      6         1979       110          5420          6.2         10       1.000        4.5          11.7
      6         1979       111         15080          5.8         13       0.890          6           4.7
      6         1979       112         11250          3.5       10.1       0.840          5           0.7
      6         1979       113          6430            6       12.1       1.020        5.5           7.2
      6         1979       114          4220          5.8        8.9       0.970        4.5           9.9
      6         1979       115         11590            3       10.2       0.830        3.5           1.7
      6         1979       116         11040          3.3       10.2       0.810          3             3
      6         1979       117          9790          4.1        9.4       0.810        4.5           0.1
      6         1979       118          5550          1.7        7.8       0.860          4           0.4
      6         1979       119         10670          5.2       10.7       0.950          7           6.1
      6         1979       120         16340          1.1        8.8       0.720         10           6.5
      6         1979       121         15110          1.5        9.1       0.700          4           6.1
      6         1979       122          9060          0.8        6.2       0.700          8          13.7
      6         1979       123         10840          0.6          8       0.730        4.5           8.6
      6         1979       124         16220         -0.8        8.1       0.630        2.5             0
      6         1979       125         16620         -1.8          9       0.600          2           6.2
      6         1979       126          9100          0.1        6.9       0.690          3           0.8
      6         1979       127         12200         -1.1       11.2       0.710          5           0.1
      6         1979       128         24020          6.2       16.1       0.850        4.5             0
      6         1979       129         23540          4.5         17       0.920        4.5             0
      6         1979       130         23560          5.2       11.2       0.720        3.5             0
      6         1979       131          2690          5.5       11.4       1.060          4           8.4
      6         1979       132          6400          7.7       11.6       1.080          3             0
      6         1979       133         24040          7.6       20.3       1.280          2             0
      6         1979       134         25130           10       22.5       1.510        3.5             0
      6         1979       135         24420          8.2       26.1       1.500          3             0
      6         1979       136         24950         11.5       26.4       1.410        4.5           0.5
      6         1979       137         10130          9.6       15.6       1.230          5           2.7
      6         1979       138         19470            6       15.8       1.010        4.5           0.2
      6         1979       139         24780          5.6       15.3       0.930        4.5             0
      6         1979       140          7470          5.1       16.8       1.280          5           4.7
      6         1979       141         15110         10.5       17.8       1.130        6.5           0.3
      6         1979       142         18570           10       17.5       1.140          5           0.4
      6         1979       143         14360          9.6         19       1.210          4           3.6
      6         1979       144          8280          5.2       13.1       1.050        1.5           3.8
      6         1979       145         16720          5.3       14.6       0.990          5           0.6
      6         1979       146         19540          5.2       20.3       1.210        5.5           2.8
      6         1979       147          8490          7.2       13.9       1.180        2.5          13.2
      6         1979       148         22570          6.5       19.1       1.130          4             0
      6         1979       149          8520         13.6       20.4       1.750        2.5           2.6
      6         1979       150         14300         14.6       23.1       1.990          3           0.3
      6         1979       151         24030           14       27.1       1.900        2.5             0
      6         1979       152         11030           12       16.5       1.470          5          13.7
      6         1979       153         23680         11.1       22.4       1.750          4             0
      6         1979       154         24990         16.4       28.9       1.980        4.5             0
      6         1979       155         18170         16.1       28.5       2.050        3.5           5.7
      6         1979       156         12220         15.3       22.1       1.850          3           0.4
      6         1979       157         10010         11.5         18       1.480          3             0
      6         1979       158         12730         11.2       18.9       1.330          2           6.9
      6         1979       159         15860          8.5         18       1.230        3.5           1.5
      6         1979       160         21210          7.6       19.4       1.220        4.5             0
      6         1979       161         23610            7       16.1       1.020          3             0
      6         1979       162          6270          7.9       16.9       1.420        3.5           5.9
      6         1979       163          5420          6.7       14.3       1.280          3           0.2
      6         1979       164          8480          6.4       14.7       1.250        1.5           3.7
      6         1979       165          4350          9.4       14.5       1.390        5.5          24.5
      6         1979       166         20590          7.6         16       1.040          4           2.3
      6         1979       167         28390          6.5         18       1.120        3.5             0
      6         1979       168         14560          8.7       16.2       1.160          4             0
      6         1979       169         26810          7.5       20.3       1.260        3.5             0
      6         1979       170         16910          8.2       19.3       1.360          2             0
      6         1979       171         20540         11.9       20.5       1.450        2.5             0
      6         1979       172         24280         12.2       27.1       1.770          2             5
      6         1979       173         10650          9.3       17.4       1.460        3.5           2.3
      6         1979       174         18670          9.3       20.6       1.370          2             0
      6         1979       175         10300         11.2       19.4       1.520        4.5           2.2
      6         1979       176         14690         10.2       17.6       1.240        5.5           7.3
      6         1979       177         17630         10.3       19.6       1.400        3.5           0.1
      6         1979       178         22410          9.1       20.2       1.310          3             0
      6         1979       179         26320          6.7       21.9       1.240          4             0
      6         1979       180         17250         11.5       19.5       1.340        5.5           2.2
      6         1979       181         14270          8.4       16.7       1.130        5.5           0.8
      6         1979       182         23170          8.4       15.6       1.020        5.5           1.2
      6         1979       183         14030          5.4       17.1       1.240        3.5           0.6
      6         1979       184         15030          8.3       18.7       1.370          3             0
      6         1979       185          7620          9.6         15       1.270        3.5             0
      6         1979       186         15510          9.7       20.2       1.350        2.5             0
      6         1979       187         19840         11.8       20.2       1.450          4             0
      6         1979       188         12360         12.7       20.4       1.600        4.5           1.3
      6         1979       189         14080           12       18.1       1.320        5.5           3.8
      6         1979       190         13030         13.3       18.5       1.510          6           3.1
      6         1979       191         15780          8.5       18.4       1.270        3.5             0
      6         1979       192         28270          7.4       20.3       1.250        2.5             0
      6         1979       193         28690          8.4       21.2       1.340        3.5             0
      6         1979       194         26360          9.2       21.2       1.460        3.5             0
      6         1979       195         18090          7.7       22.4       1.440        2.5             0
      6         1979       196         19780          9.4       19.3       1.310        3.5             0
      6         1979       197          4880          9.7       14.6       1.440          3           7.1
      6         1979       198          7660         14.1         20       1.760          3           1.2
      6         1979       199          6410         10.6       19.2       1.730          5           5.1
      6         1979       200         10030         10.8       17.2       1.360          6           0.5
      6         1979       201         17300         10.5       17.1       1.220        6.5           0.3
      6         1979       202          7880         10.4         16       1.320        4.5          10.1
      6         1979       203         12420          8.6       16.2       1.230        6.5           4.5
      6         1979       204         12850         10.7       18.1       1.410          4          10.6
      6         1979       205         12490          7.9         17       1.340        3.5           3.6
      6         1979       206          8290         10.6       18.7       1.590          2          21.9
      6         1979       207         19330         12.3         21       1.670          3             0
      6         1979       208         12690         11.7       22.1       1.700          1             0
      6         1979       209         21720         12.2       25.9       1.870        1.5             0
      6         1979       210          9040           16       21.3       1.950          5           2.7
      6         1979       211         17300           13       21.2       1.720          5           8.5
      6         1979       212          9870         13.4       21.1       1.700        4.5           0.8
      6         1979       213         10580           12       19.9       1.580        5.5             8
      6         1979       214         16910         12.4       20.5       1.610        6.5           0.6
      6         1979       215          7010           12       18.7       1.600          3           5.7
      6         1979       216         17000            9         19       1.370          3             0
      6         1979       217         23550          5.9       21.6       1.260        1.5             0
      6         1979       218         17390         10.6         24       1.620          2             0
      6         1979       219         14140         15.2       24.5       1.820          2           2.6
      6         1979       220          9810         10.9       20.2       1.620        4.5           2.6
      6         1979       221          9090          9.3         18       1.390          4          11.5
      6         1979       222         18260          8.3       18.1       1.360        4.5          10.3
      6         1979       223         10320            8       17.6       1.400          2           0.4
      6         1979       224         14740         12.3       21.2       1.540        1.5             0
      6         1979       225         11040         13.5         24       1.910        2.5             2
      6         1979       226         16300         15.6       26.5       1.860          6             0
      6         1979       227         17750         11.3         21       1.420        4.5             0
      6         1979       228          6470         12.3       16.5       1.480        1.5           3.6
      6         1979       229         12360         11.8       20.8       1.470          4             0
      6         1979       230         18540          9.2         22       1.620          3             0
      6         1979       231         15400         13.3       21.8       1.780        3.5             0
      6         1979       232          9840         12.7       19.8       1.600          3             0
      6         1979       233          7580          7.8       17.6       1.420        4.5           1.5
      6         1979       234         11260          6.9       18.3       1.240        3.5           3.9
      6         1979       235         14260          7.3       18.9       1.230        3.5           5.8
      6         1979       236         12690          9.2       16.8       1.290          3           1.5
      6         1979       237         12630          7.5       17.9       1.250        1.5           2.7
      6         1979       238         13670          7.2         18       1.320          3           0.2
      6         1979       239         10290          9.3       16.2       1.270        5.5           1.3
      6         1979       240          7440          9.9       16.1       1.200        4.5           0.5
      6         1979       241         18840          7.8       22.1       1.350        2.5             0
      6         1979       242         18710          8.5         26       1.510        1.5             0
      6         1979       243         17120         10.9       25.2       1.580        1.5             0
      6         1979       244         14510         10.4       26.7       1.780          2             0
      6         1979       245          8490         12.6       23.9       1.860          4           0.5
      6         1979       246          6440         11.3       16.5       1.490          5           6.8
      6         1979       247         13920          9.4       19.3       1.360        3.5           0.2
      6         1979       248         16690          8.3         22       1.400          2             0
      6         1979       249         17940           10         24       1.420          3             0
      6         1979       250         12490          9.7         23       1.540        2.5             0
      6         1979       251         11960          7.4       23.9       1.610          1             0
      6         1979       252         14680          9.3       20.9       1.530        2.5             0
      6         1979       253         12670          8.6       19.9       1.470          2             0
      6         1979       254         11230         11.2       20.3       1.560        5.5             0
      6         1979       255          7140         10.4       19.4       1.580        2.5             0
      6         1979       256          8110          5.6       16.4       1.210        5.5             0
      6         1979       257          8270          4.5       16.6       1.050        5.5           3.5
      6         1979       258         14000          3.4       13.3       0.930          5           3.5
      6         1979       259         13940          2.3       15.3       0.930          4             0
      6         1979       260          8270          8.1       17.1       1.330        6.5             0
      6         1979       261          3160         13.4       18.6       1.680          8           4.9
      6         1979       262          1990         15.9       17.1       1.850          6          16.6
      6         1979       263          6530          8.7       17.3       1.440        5.5           1.6
      6         1979       264         14220          3.8       15.4       0.960        4.5           0.5
      6         1979       265         13640          2.2       14.7       0.890          2             0
      6         1979       266         12160          3.3       15.2       0.980        1.5             0
      6         1979       267          7410          4.6       14.8       1.130          3           2.1
      6         1979       268         12960          1.7         16       1.020          3             0
      6         1979       269          3040         11.4       16.6       1.640          6           0.5
      6         1979       270          5200          4.7       16.3       1.330          4           4.3
      6         1979       271          9940          3.4       15.8       0.970          1             0
      6         1979       272         14050          1.2       15.5       0.940          1             0
      6         1979       273         13630            3       14.3       0.950        2.5             0
      6         1979       274         12270          4.2       16.5       0.970        3.5             0
      6         1979       275         12260          4.3         14       0.780        4.5             0
      6         1979       276          6860          5.3       13.8       0.830          4             0
      6         1979       277          7310          7.6       17.9       1.300          3             0
      6         1979       278          1600          9.4       12.6       1.270        3.5           4.5
      6         1979       279          5150          7.5       13.3       1.090          4             0
      6         1979       280          5810            6       16.5       1.190        2.5             0
      6         1979       281          8740          7.3       20.5       1.410        1.5             0
      6         1979       282          9440         10.5       23.2       1.600        2.5             0
      6         1979       283          8120         11.8       23.4       1.620          3             0
      6         1979       284          5300         12.9       20.5       1.670          2             0
      6         1979       285          2640          7.9       16.6       1.480        1.5          10.4
      6         1979       286          3410          8.9       16.5       1.450        2.5           0.5
      6         1979       287          3330          7.6       15.2       1.360        4.5           1.5
      6         1979       288          1090          8.1       12.1       1.290          2          10.5
      6         1979       289          3940          6.8       14.7       1.270          3           1.7
      6         1979       290          5660          6.5       13.8       1.090        2.5             0
      6         1979       291          6790          4.5       13.1       1.100        6.5           4.1
      6         1979       292          5940          3.8       14.4       1.180          5           0.7
      6         1979       293          7740          4.8       14.5       1.110        2.5             0
      6         1979       294          7430          1.5       13.7       0.870          2             0
      6         1979       295          9020          0.3       10.6       0.720          3             0
      6         1979       296          8700          1.5        8.4       0.720          4             0
      6         1979       297          6070          0.7        9.5       0.670        4.5             0
      6         1979       298          7700          0.9       10.1       0.670        5.5             0
      6         1979       299          8520          0.4        9.3       0.480          6             0
      6         1979       300          7710           -1          6       0.500        4.5             0
      6         1979       301          6420           -1        5.6       0.540        3.5             0
      6         1979       302          1160          0.3        2.9       0.660        1.5           3.5
      6         1979       303          4670          1.8        8.8       0.840        1.5             0
      6         1979       304           890          6.1       10.8       1.080          5           6.3
      6         1979       305          3730          2.2       11.9       1.010        3.5           1.1
      6         1979       306          5980          0.1       11.1       0.790          3           0.8
      6         1979       307          1980         -1.5        8.1       0.840          4           2.1
      6         1979       308           850          7.1       12.6       1.160          7            20
      6         1979       309          4240          4.2        9.1       0.910          5           1.8
      6         1979       310          3170          3.3       10.2       0.860          7          13.3
      6         1979       311          4600          0.9        8.8       0.810        3.5             9
      6         1979       312          4720          3.9        9.3       0.880        5.5             2
      6         1979       313          3230            2        7.1       0.800        4.5           5.2
      6         1979       314          2700          0.7        5.9       0.720        3.5           4.1
      6         1979       315          5750          1.8        7.7       0.780          6           0.7
      6         1979       316           770         -0.8        7.1       0.820          6          10.2
      6         1979       317          5030         -1.3        7.7       0.670        2.5           2.6
      6         1979       318          1690         -1.8        4.5       0.650          3           1.2
      6         1979       319          5000         -0.6        7.1       0.710          4             0
      6         1979       320          1670         -3.9        2.5       0.600          3             0
      6         1979       321          1090          0.8          3       0.680        3.5             0
      6         1979       322           560          1.1        3.8       0.710        4.5             3
      6         1979       323          2020          0.9        6.8       0.800          2             0
      6         1979       324          2400         -0.1        5.4       0.740        1.5             0
      6         1979       325          4700         -1.5        7.7       0.730        1.5             0
      6         1979       326          3810         -0.1        6.9       0.760        4.5             0
      6         1979       327           600          3.6        5.2       0.790        5.5           0.4
      6         1979       328          4250          1.4        8.1       0.780        3.5           0.7
      6         1979       329          1990            1          6       0.790          7           0.1
      6         1979       330           580          4.7       11.7       0.970        9.5             4
      6         1979       331          2600          2.3        8.2       0.880        2.5             0
      6         1979       332          1200          7.2       10.8       1.130          7             0
      6         1979       333          3160          5.1       10.9       0.850        5.5             0
      6         1979       334           780          3.7       11.5       1.040          8           1.8
      6         1979       335          1770          7.3       11.3       1.120        8.5             0
      6         1979       336           690            9       12.1       1.180          8             0
      6         1979       337          1510          5.8         12       1.120          7             0
      6         1979       338          2740          5.9       10.4       1.080          7             0
      6         1979       339           620          3.3       12.2       1.050        9.5           5.1
      6         1979       340          1610          2.1        8.3       0.900        3.5             0
      6         1979       341          1160          8.1       10.5       1.130        4.5          10.6
      6         1979       342           640          8.3       11.2       1.220          6           4.2
      6         1979       343          1320          7.3       10.8       1.130          6           9.3
      6         1979       344          1350          5.8       11.5       0.990         10           4.9
      6         1979       345          1770          3.1        9.4       0.930        5.5           7.6
      6         1979       346          3420         -1.5        3.4       0.540        2.5             0
      6         1979       347           380         -0.3        7.6       0.830        4.5           7.2
      6         1979       348           630          4.6        8.9       0.870          8           8.1
      6         1979       349           990          4.9        9.5       0.910        8.5          12.6
      6         1979       350           600          2.5        6.9       0.850          7             6
      6         1979       351           990          4.1        7.9       0.760       11.5           4.2
      6         1979       352           490          1.5        7.2       0.820          8           8.1
      6         1979       353          2560         -1.1        5.3       0.670        2.5             1
      6         1979       354          3430         -2.4        4.8       0.600          2           6.8
      6         1979       355          1920         -2.9       -0.7       0.490        3.5             0
      6         1979       356           510         -2.8        0.5       0.570          6             0
      6         1979       357           290          0.3        2.8       0.630          4           1.5
      6         1979       358          1130          0.8        3.2       0.680          4           3.1
      6         1979       359           740         -0.6        3.5       0.660          3           1.3
      6         1979       360           780         -1.3        0.2       0.580          5             0
      6         1979       361          1070         -0.7        4.3       0.580          8             1
      6         1979       362           350          2.2        5.3       0.810          7          15.2
      6         1979       363           430            1        3.5       0.690        4.5           3.5
      6         1979       364           960          0.4        3.7       0.680        4.5           4.3
      6         1979       365          2230          0.8        4.9       0.680        5.5           4.3
