* Country: Netherlands
* Station: Eelde
* Year: 1969
*  Source: Weather data and coordinates from
*  Eelde (KNMI)
*  Author: J. W. Steenhuizen PRI Wageningen
*  Longitude: 235.030 Amersfoortse coordinates
*  Latitude: 571.460
*  Elevation: 4.0 m.
*  Comments: For internal use only
*  Columns:
*  ========
*  station number
*  year
*  day
*  irradiation (kJ m-2 d-1)
*  minimum temperature (degrees Celsius)
*  maximum temperature (degrees Celsius)
*  vapour pressure (kPa)
*  mean wind speed (m s-1)
*  precipitation (mm d-1)
*--------------------------------------------------------------------------*
   6.35 53.08 4.0 0.00 0.00
       6       1969         1        1256       -7.1        5.4      0.690      5.6        5.3
       6       1969         2        1465        3.9        7.3      0.840      7.1        1.7
       6       1969         3         879       -0.4        4.6      0.630      1.6          0
       6       1969         4        1130       -1.4       -0.1      0.520      3.3          0
       6       1969         5        2345       -2.1        0.9      0.530      3.4          0
       6       1969         6         461       -2.2       -0.4      0.520      3.6        0.2
       6       1969         7        3224       -2.9        0.9      0.490      5.4          0
       6       1969         8         628       -0.7        1.4      0.580      3.1          5
       6       1969         9        1047       -0.8        1.5      0.610      1.6          0
       6       1969        10        1800       -1.7        1.1      0.570      4.3          0
       6       1969        11         628       -1.0        2.6      0.610      4.2        0.9
       6       1969        12        2470        0.8        3.7      0.660      3.7        0.5
       6       1969        13        1130        2.4        8.9      0.830      6.3          2
       6       1969        14        3433       -0.1        8.8      0.750      4.4          0
       6       1969        15        1005        0.1        5.4      0.690        4        1.3
       6       1969        16        2261        2.9        7.0      0.710      6.1        0.1
       6       1969        17        1800        1.4        4.3      0.640      6.5          0
       6       1969        18        1340        1.6        6.6      0.770      7.2        7.8
       6       1969        19         670        4.4        6.2      0.830      5.2        5.5
       6       1969        20        1800       -0.1        5.2      0.720      3.8          0
       6       1969        21        1717        2.6        6.5      0.730      5.9          2
       6       1969        22        1172        5.7        9.7      0.980      6.6        1.4
       6       1969        23        2219        3.6        6.5      0.840      4.7          0
       6       1969        24        1340        2.0        6.8      0.800      3.8        0.2
       6       1969        25        1633        6.8        8.9      1.050      3.6        0.5
       6       1969        26        1968        4.6        9.7      0.980      3.4          0
       6       1969        27         879        3.1        7.4      0.840      4.9        0.1
       6       1969        28        1926        4.6        9.4      0.900      5.5        2.4
       6       1969        29        2345        4.6        7.0      0.840      6.9        4.7
       6       1969        30         712        2.0        7.2      0.790      7.9        0.2
       6       1969        31        4271        0.6        6.7      0.690     10.1        2.4
       6       1969        32        5108        0.7        6.1      0.660      6.3        0.2
       6       1969        33        3098        0.2        5.0      0.670     11.5        8.4
       6       1969        34        4773       -0.7        4.3      0.560      5.4        1.9
       6       1969        35        4103       -3.7        4.2      0.570        2          0
       6       1969        36        2512        1.1        6.9      0.790      1.8        2.7
       6       1969        37        1340        0.8        4.1      0.700      5.7        1.8
       6       1969        38        3433       -2.3        3.1      0.580      5.1        4.3
       6       1969        39        4940       -4.4        2.8      0.490      6.6        0.9
       6       1969        40        7327       -4.8        1.1      0.520      4.6        4.2
       6       1969        41        6155       -5.4        2.4      0.510      3.1        2.2
       6       1969        42        6406      -10.7       -2.0      0.410        4        0.5
       6       1969        43        6029       -6.2       -2.9      0.390      6.7        0.5
       6       1969        44        7201      -12.4       -2.5      0.330        3          0
       6       1969        45        8499      -17.8       -3.6      0.250      1.4        0.1
       6       1969        46        8541      -12.2       -3.7      0.300      5.5          0
       6       1969        47        2931       -3.7        0.1      0.430      8.8        2.2
       6       1969        48        2386       -3.4       -0.7      0.500      3.6        4.9
       6       1969        49        2554       -8.6       -0.7      0.430      3.5        0.4
       6       1969        50        4103      -10.6       -3.0      0.350      6.9          0
       6       1969        51        1842       -4.3        3.3      0.530      5.6        7.3
       6       1969        52        4773        2.1        4.3      0.710      4.2        3.7
       6       1969        53        8374       -0.6        7.6      0.650      3.7        0.1
       6       1969        54        3475       -0.2        2.9      0.630      5.4          0
       6       1969        55        1968       -0.3        1.5      0.580      6.1          0
       6       1969        56        1758       -1.7        0.7      0.540        5        0.2
       6       1969        57        4145       -2.4       -0.5      0.500      4.4        0.7
       6       1969        58        1884       -1.9        0.5      0.560      2.3        0.8
       6       1969        59        3768       -1.5        2.1      0.560      4.6          0
       6       1969        60        2763       -1.6        0.3      0.490      5.5          0
       6       1969        61        6866       -0.3        4.2      0.530      5.7          0
       6       1969        62        8039       -2.5        2.3      0.450      5.7          0
       6       1969        63       11597       -5.5        2.9      0.410      5.2          0
       6       1969        64       12100       -5.5        4.2      0.390        4          0
       6       1969        65       12853       -6.0        6.4      0.470      1.7          0
       6       1969        66        9127       -2.9        6.5      0.560      1.8          0
       6       1969        67       11221       -1.3        8.8      0.560      6.8          0
       6       1969        68       10969       -3.6        6.2      0.550      6.2          0
       6       1969        69        9923       -3.5        5.9      0.500      1.5          0
       6       1969        70       11723       -3.5        6.0      0.510      3.7          0
       6       1969        71        5903       -3.5        4.1      0.490      4.5          0
       6       1969        72        1047       -0.4        0.6      0.570      7.6       18.7
       6       1969        73        1800       -0.4        1.8      0.610      7.5        9.7
       6       1969        74        2931       -1.0        0.0      0.500        9        2.1
       6       1969        75        3140       -3.6       -1.0      0.420      9.7          0
       6       1969        76        4312       -4.5       -2.1      0.400     10.2          1
       6       1969        77        5359       -4.0       -0.7      0.430      8.9        0.1
       6       1969        78       10048       -2.5        2.8      0.480      7.1          0
       6       1969        79       13691       -2.1        5.6      0.460      5.9          0
       6       1969        80       16538       -2.4        6.3      0.460      6.5          0
       6       1969        81       13775       -1.6        5.4      0.450        7          0
       6       1969        82       13942       -2.0        4.5      0.520      6.8          0
       6       1969        83       10006       -0.7        5.4      0.560      5.2          0
       6       1969        84       12644       -0.9        3.8      0.520      5.7          0
       6       1969        85        6657       -1.6        4.2      0.490      6.2          0
       6       1969        86       17333       -2.7        4.8      0.480      5.1          0
       6       1969        87       10383       -4.4        6.3      0.550      3.2        0.1
       6       1969        88        9630       -4.4        7.4      0.580      3.6        0.2
       6       1969        89        2219        2.6        7.2      0.830      7.2        7.7
       6       1969        90        4689        0.7        7.1      0.770      5.1       14.9
       6       1969        91        9127        1.3        6.2      0.630      7.1        0.1
       6       1969        92       10090       -1.5        6.8      0.650      4.9          0
       6       1969        93       15868       -0.5        9.3      0.630      3.4          0
       6       1969        94       15324       -3.8       11.5      0.650      2.3          0
       6       1969        95       19008        0.8       12.2      0.700      5.5          0
       6       1969        96       19050        0.9       15.5      0.780        6          0
       6       1969        97       18422        3.1       20.5      0.780      3.9          0
       6       1969        98       17626        5.3       21.4      0.830      4.2          0
       6       1969        99       17082        4.6       22.7      0.850      2.3          0
       6       1969       100       12393        3.0       18.5      0.960        6        2.3
       6       1969       101        3894        3.4       10.0      0.980      4.4        9.8
       6       1969       102        7159        2.7        9.9      0.820     11.5          5
       6       1969       103       14821        1.0        6.9      0.600      8.1        1.8
       6       1969       104       14110       -0.2        7.8      0.580      6.7        0.3
       6       1969       105        6113        2.1       10.2      0.820      5.6       11.5
       6       1969       106       13565        2.6        7.9      0.680      8.6        0.7
       6       1969       107       14989        0.8        7.6      0.620      7.3        0.6
       6       1969       108       15868       -0.4        6.2      0.570      5.9        3.5
       6       1969       109        8918       -8.1        5.9      0.530      1.9        3.3
       6       1969       110       16873       -2.3        8.2      0.540      2.3        0.2
       6       1969       111       16580       -0.4       14.2      0.780      7.5        2.4
       6       1969       112       14235        5.5       13.2      0.920      5.1        6.8
       6       1969       113       14068        3.3       11.1      0.850      5.1          0
       6       1969       114       11807        5.5       13.0      0.980      4.3        6.7
       6       1969       115       15826        6.5       14.5      0.970      7.3          0
       6       1969       116        7704        6.1       16.8      1.160      4.9        2.2
       6       1969       117       15701        4.6       17.7      0.890      5.9          0
       6       1969       118       19845        1.8       15.1      0.800      4.3          0
       6       1969       119       15742        0.9       11.7      0.730        4          0
       6       1969       120       15994       -1.5       12.6      0.730      2.4          0
       6       1969       121        4899        4.9       10.6      0.890      5.4        1.5
       6       1969       122        9965        5.6       15.8      1.120      4.7        0.1
       6       1969       123        9085        8.4       18.7      1.300      4.1        2.3
       6       1969       124        7285        8.3       14.5      1.270      2.6        0.2
       6       1969       125        7285        9.0       12.9      1.160      2.7          0
       6       1969       126        6573        8.8       14.0      1.180      4.5        0.4
       6       1969       127       16789        5.4       14.6      0.960        5          0
       6       1969       128        8625        4.8       15.1      1.120      2.2        8.9
       6       1969       129       20013        3.8       16.8      0.950      3.4        0.4
       6       1969       130       13272        3.6       16.1      1.110      4.7        3.8
       6       1969       131        9881       12.1       17.1      1.410      5.6        2.4
       6       1969       132       14235        9.0       22.6      1.460      3.4          0
       6       1969       133       20013       13.1       28.5      1.730      3.9          0
       6       1969       134       18380       12.1       21.5      1.560      5.2        7.4
       6       1969       135       12393       11.4       17.2      1.370      6.2        2.5
       6       1969       136       16203        6.9       14.9      1.060      7.4        0.7
       6       1969       137       14110        4.8       15.8      1.060      6.5        3.6
       6       1969       138       10844        0.9       10.1      0.880      4.9       11.4
       6       1969       139        9169        0.1        8.4      0.860      5.8       11.7
       6       1969       140        7034        6.1       11.0      0.900      6.4        1.6
       6       1969       141       11807        1.4       13.3      0.900      2.4        1.7
       6       1969       142       23990        3.3       12.8      0.800      2.8          0
       6       1969       143       26586        2.5       16.5      0.910      3.6          0
       6       1969       144       23781        7.5       20.4      1.020        6          0
       6       1969       145       16119       10.4       20.6      1.180      4.2          0
       6       1969       146       10593        6.5       17.6      1.150      4.5        0.4
       6       1969       147       26293        5.7       20.2      1.060      2.2        0.1
       6       1969       148       13188       11.6       18.0      1.280      3.3        3.2
       6       1969       149       20725        8.2       16.8      1.130      3.4        9.7
       6       1969       150       11304        7.8       15.7      1.190      2.4        8.9
       6       1969       151       10006        8.7       15.6      1.200      2.6        5.3
       6       1969       152        6238        8.6       12.6      1.070      1.6        0.2
       6       1969       153       18589        7.2       14.2      1.050      3.4        1.7
       6       1969       154        6908        7.5       10.9      0.980      4.8        6.2
       6       1969       155       17920        6.1       13.6      0.930      6.4        2.1
       6       1969       156       19678        7.9       15.2      1.030      5.5        1.2
       6       1969       157       22232        6.6       14.7      0.940      5.2          0
       6       1969       158       18924        8.5       17.0      1.090      5.9          0
       6       1969       159       28680        8.0       20.2      1.070      4.4          0
       6       1969       160       25791        7.8       19.0      1.240      3.6          0
       6       1969       161       28387        9.4       22.4      1.200      4.3          0
       6       1969       162       27884       12.1       21.9      1.240      4.5          0
       6       1969       163       28721        7.6       21.0      1.130        3          0
       6       1969       164       25581       10.3       26.7      1.520      3.2          0
       6       1969       165       13523       13.2       24.4      1.640      2.3          0
       6       1969       166       16747       11.6       26.5      1.630      1.3          0
       6       1969       167       19636       11.5       27.4      1.620      2.6       37.3
       6       1969       168       21436       12.4       20.8      1.350      3.9        7.3
       6       1969       169       15407       11.7       22.9      1.460      2.9        3.4
       6       1969       170       20390        9.4       20.7      1.330      4.1        0.1
       6       1969       171       23614        7.5       21.3      1.170      3.4        0.1
       6       1969       172       17794       11.5       19.8      1.300      2.5          2
       6       1969       173       22232       10.8       20.7      1.260      3.4          0
       6       1969       174       17417       12.0       24.0      1.680      4.2          0
       6       1969       175       11472       13.9       20.6      1.740      3.7        1.4
       6       1969       176       15031       12.5       19.5      1.410      2.7          0
       6       1969       177        4815       10.4       16.5      1.500        4        1.4
       6       1969       178        9295        6.4       17.2      1.300      3.7        1.2
       6       1969       179       23446        4.5       18.7      1.150      4.4          0
       6       1969       180       10006        7.3       17.0      1.310        4        0.4
       6       1969       181       17040        9.8       21.9      1.340      2.8          0
       6       1969       182       16663        7.9       21.9      1.450      2.7          0
       6       1969       183       16412       13.2       23.0      1.720      4.2          0
       6       1969       184        5234       13.4       17.7      1.600      2.8        0.3
       6       1969       185       27800        9.4       21.3      1.380      3.2          0
       6       1969       186       20934        9.6       21.1      1.430      4.6          0
       6       1969       187       10634        8.6       19.2      1.280      2.9        0.9
       6       1969       188        7159       10.8       18.9      1.390      6.3       10.3
       6       1969       189       16873        8.9       16.6      1.190      4.3        5.2
       6       1969       190       20432        9.2       17.2      1.120      3.7        4.6
       6       1969       191       11891        7.8       16.9      1.140      3.6        0.6
       6       1969       192        8960        9.7       16.1      1.310      5.6        4.9
       6       1969       193       20808       10.0       19.5      1.390      4.5          0
       6       1969       194       15072       14.0       20.0      1.560        5          0
       6       1969       195       17543       12.5       21.9      1.570        2          0
       6       1969       196       27842       10.4       25.2      1.690      2.3        0.2
       6       1969       197       25037       13.7       29.5      1.960      3.4          0
       6       1969       198       20306       10.7       21.7      1.620      4.3          0
       6       1969       199       19552        7.8       20.9      1.310      1.9          0
       6       1969       200       20390        9.0       22.4      1.440      4.6          0
       6       1969       201       19469       11.1       22.6      1.570      4.6          0
       6       1969       202       17752       10.5       24.2      1.710      3.7          0
       6       1969       203       21143       13.3       24.4      1.880      3.2          0
       6       1969       204       20850       17.2       29.4      2.230      1.7          0
       6       1969       205       17040       17.9       29.4      2.110      3.5        1.2
       6       1969       206       20641       14.6       22.0      1.610      4.5          0
       6       1969       207        9211       13.1       24.6      1.920      1.4        0.5
       6       1969       208       17878       16.3       26.6      1.970      1.5        0.1
       6       1969       209       17920       15.3       28.1      2.140      1.6        0.2
       6       1969       210       21646       17.1       34.3      2.140      4.2          0
       6       1969       211        3936       16.9       19.4      1.900      3.6        0.4
       6       1969       212       13272       16.7       25.3      2.020      2.5        0.1
       6       1969       213       21101       16.8       29.7      1.920        3          0
       6       1969       214       20976       17.1       30.8      1.770      3.5          0
       6       1969       215       11179       15.4       21.9      1.890      1.9        3.7
       6       1969       216       21771       12.5       27.9      1.760      1.1        0.2
       6       1969       217       14068       14.6       28.1      1.820      1.7        9.1
       6       1969       218       17626       11.4       22.1      1.670      3.1        0.1
       6       1969       219       22776        9.5       22.5      1.490      2.4          0
       6       1969       220       21855       10.7       26.5      1.570      2.5          0
       6       1969       221       20725       14.5       29.9      1.570      2.8          0
       6       1969       222       23530       13.0       28.6      1.320      3.6          0
       6       1969       223       24158       11.8       25.2      1.010      4.4          0
       6       1969       224       21185       11.3       26.8      1.080      5.1          0
       6       1969       225        9337       11.0       20.8      1.600      1.2       12.1
       6       1969       226       20473        9.0       23.6      1.480      2.2        0.1
       6       1969       227        4187       15.6       20.9      1.670      2.7        2.7
       6       1969       228        3182       15.5       18.4      1.810      3.3       29.1
       6       1969       229       14612       13.6       22.8      1.800      3.8          1
       6       1969       230       14235       12.9       22.1      1.670      2.6        0.1
       6       1969       231        9253       11.6       22.8      1.820      2.9        3.8
       6       1969       232       11597        9.8       19.8      1.590      2.7         10
       6       1969       233       12184       10.9       17.3      1.330      4.9        5.7
       6       1969       234       11137       10.4       17.0      1.340      4.7       17.1
       6       1969       235       15366        9.4       17.5      1.280      5.7       11.5
       6       1969       236       12812       10.7       19.3      1.440      5.1        8.7
       6       1969       237        8164       11.7       16.8      1.390      5.3       10.5
       6       1969       238        8415        9.7       14.4      1.280      3.1        7.1
       6       1969       239       11597        8.2       18.3      1.320      4.8          9
       6       1969       240       13565       10.7       18.4      1.350      4.4       15.2
       6       1969       241       17417       12.0       18.8      1.420      3.2          1
       6       1969       242       12560       12.4       19.2      1.390      5.2        0.1
       6       1969       243       10509       10.9       19.2      1.480      2.5        0.3
       6       1969       244        9295       12.7       16.9      1.290      2.8        0.1
       6       1969       245       12728        7.7       18.2      1.270      2.4        0.3
       6       1969       246        9085        9.2       17.7      1.350      2.4        0.2
       6       1969       247       11597        7.9       18.1      1.180      1.9          0
       6       1969       248       12728        6.7       18.0      1.240      1.4          0
       6       1969       249        7746        6.7       18.5      1.350      2.1          0
       6       1969       250       15952       10.2       18.5      1.210      2.8          0
       6       1969       251       17250        8.9       21.2      1.370      2.7          0
       6       1969       252       15324       10.3       24.9      1.500      1.9          0
       6       1969       253        9881       10.9       21.3      1.600      3.3          0
       6       1969       254       14947       11.3       23.2      1.550      3.8        0.1
       6       1969       255       14989       13.1       26.9      1.630      2.9          0
       6       1969       256       15575       12.7       26.9      1.640        2          0
       6       1969       257       13942       12.8       27.8      1.650      1.4          0
       6       1969       258       13691       14.4       24.9      1.730        3          0
       6       1969       259        5945       14.4       21.8      1.890      1.3        5.1
       6       1969       260        7285       12.9       20.9      1.590      3.9        0.2
       6       1969       261       16454        7.9       17.9      0.970      5.5          0
       6       1969       262       16329        3.8       16.6      0.890      3.2          0
       6       1969       263       11849        4.8       16.4      1.050      2.9          0
       6       1969       264        3349       10.4       17.2      1.570      5.6        1.6
       6       1969       265       13607        5.4       17.9      1.200      7.3        0.1
       6       1969       266        9546        3.8       17.2      1.130      3.1          0
       6       1969       267       13230        6.3       19.9      1.130      2.2          0
       6       1969       268        8457        8.4       19.0      1.360      3.4          0
       6       1969       269        9211       10.7       18.0      1.330        6        0.2
       6       1969       270       10006        3.4       15.6      1.060      6.5        3.3
       6       1969       271       13984        1.2       14.8      0.820      4.5        0.1
       6       1969       272       11221        6.5       15.1      0.950      4.1        2.4
       6       1969       273       14444        4.6       13.8      0.810      2.7        0.9
       6       1969       274       10593        5.0       12.2      0.820      6.5        3.7
       6       1969       275        4312        5.4       13.7      1.090      4.6        5.2
       6       1969       276        8332        7.5       17.1      1.300      4.4        1.2
       6       1969       277        9337        6.5       18.6      1.390      2.3          0
       6       1969       278        9169        6.7       18.6      1.350      2.3        0.1
       6       1969       279        9211        7.6       19.0      1.350      2.2        0.1
       6       1969       280        7327       10.4       20.3      1.540      3.2        0.1
       6       1969       281        7997       13.0       21.2      1.540      3.8          0
       6       1969       282       10718       10.3       23.9      1.570      1.9          0
       6       1969       283       10258        7.4       22.1      1.420      1.6        0.1
       6       1969       284        6448        5.7       17.9      1.270      2.8        0.1
       6       1969       285        3140        9.3       15.1      1.240        3          0
       6       1969       286        1298        6.1       10.6      1.120      2.2        0.3
       6       1969       287        8457        6.3       18.8      1.220      2.8        0.1
       6       1969       288        8709        7.3       17.5      1.280        3        0.1
       6       1969       289        8709        5.1       17.6      1.120      0.7        0.2
       6       1969       290        8709        3.4       18.9      1.140      1.7        0.2
       6       1969       291        5024        5.6       14.6      1.090      3.3        0.2
       6       1969       292        3349        4.1        9.9      0.990      1.9        0.3
       6       1969       293        5485        2.7       16.7      1.040      0.2        0.4
       6       1969       294        4899        8.6       17.6      1.380      1.1        0.3
       6       1969       295        1172        9.8       12.0      1.270      1.9        0.6
       6       1969       296        1549        9.1       14.8      1.370      1.6        1.1
       6       1969       297        4145        8.1       14.1      1.150      5.2       13.6
       6       1969       298        5401        5.4       13.9      1.120      4.8        1.4
       6       1969       299        6071        6.0       14.7      1.160      4.5        0.1
       6       1969       300        6071        4.9       15.4      1.260      4.8        0.1
       6       1969       301        4312        8.2       15.9      1.270      3.7          0
       6       1969       302        5150        6.1       12.8      0.990      6.7        1.8
       6       1969       303        4229        6.2       11.8      0.950      6.3        9.1
       6       1969       304        3726        8.5       14.6      1.170      6.1        0.5
       6       1969       305        1717        9.5       12.3      1.030      7.9          0
       6       1969       306        1172        9.1       14.9      1.320      9.9        0.5
       6       1969       307         837       13.3       15.3      1.330       13        2.4
       6       1969       308         795        1.3       14.0      0.960      8.7         14
       6       1969       309        5234        1.6       10.9      0.700      5.5        7.7
       6       1969       310        4480        0.8        7.4      0.710      5.4          0
       6       1969       311        3098       -1.7        5.5      0.630      4.4        2.6
       6       1969       312        2889        4.6       10.3      0.880      7.2        4.4
       6       1969       313        1675        4.0        9.7      0.850      9.5        8.6
       6       1969       314        4689        4.8       10.1      0.830        9        1.4
       6       1969       315        1089        8.5       13.2      1.170      8.1        0.6
       6       1969       316        2638        5.7       13.6      1.070      8.4       13.4
       6       1969       317        2889        0.5        9.1      0.810      6.3        0.8
       6       1969       318         837       -0.5        7.2      0.760      3.4        4.4
       6       1969       319        3308        2.8        8.9      0.750      8.3        1.1
       6       1969       320        3056        2.6        9.0      0.820      7.1        2.4
       6       1969       321        1758        4.6        9.0      0.790      7.5        1.7
       6       1969       322        2973        2.7        9.5      0.720      9.6        7.9
       6       1969       323        1591        6.3       11.2      0.940      8.8        2.9
       6       1969       324        4145        3.7        8.9      0.770      7.9        0.3
       6       1969       325        1005        2.6        7.1      0.820      3.4        0.6
       6       1969       326         670        4.0        8.3      0.920      1.6        0.2
       6       1969       327        2052        1.7        9.0      0.930      1.6          0
       6       1969       328        3936       -2.6        5.9      0.620      2.9          1
       6       1969       329        1130       -3.0        1.2      0.580      4.1        1.5
       6       1969       330        2093       -4.8        2.5      0.540      2.8          0
       6       1969       331         754       -6.8        5.6      0.640        6        3.6
       6       1969       332        1926       -1.5        6.3      0.680        7        7.6
       6       1969       333        1926       -0.8        5.4      0.650      4.2        3.7
       6       1969       334        3726       -4.9        2.1      0.550      1.7        0.2
       6       1969       335        1047       -2.6        0.4      0.560      5.1        0.8
       6       1969       336        2973        0.4        7.3      0.750      5.2        3.7
       6       1969       337         670       -0.7        6.2      0.740      4.9        7.7
       6       1969       338        3349       -4.3        1.9      0.520      1.7          1
       6       1969       339        2763       -7.4        0.8      0.510      2.7          4
       6       1969       340        1424       -7.1       -1.0      0.480      1.7        0.1
       6       1969       341        2010       -9.1       -1.2      0.430      3.4        1.1
       6       1969       342        2261       -1.2        4.6      0.580      5.5        1.2
       6       1969       343        4145       -4.6        3.2      0.550      1.4          0
       6       1969       344        3308       -7.7       -2.3      0.420      1.7          0
       6       1969       345        1047       -8.8       -4.1      0.380      0.6        0.1
       6       1969       346        1047       -4.1        0.2      0.520      0.7          0
       6       1969       347         419       -0.3        0.3      0.610      1.2        0.1
       6       1969       348        1005       -0.3        0.7      0.590      5.9        0.8
       6       1969       349        1172       -2.1        0.2      0.580      6.1        3.3
       6       1969       350        2763       -4.3       -1.7      0.440      4.6        0.1
       6       1969       351        1633       -9.9       -2.0      0.360      2.3          0
       6       1969       352        1717       -6.3       -1.8      0.410      4.3          0
       6       1969       353        3684       -8.7       -1.8      0.400      2.7          0
       6       1969       354        4103      -12.9       -7.3      0.250      2.8          0
       6       1969       355        1591      -13.9       -2.5      0.290      5.2        0.4
       6       1969       356        1256       -2.6        1.7      0.530      5.1        4.3
       6       1969       357         921       -2.7        0.8      0.550        2        1.4
       6       1969       358        1130       -1.5        1.6      0.620      3.3        0.3
       6       1969       359         963        1.3        2.7      0.680      3.1        0.7
       6       1969       360        1130       -2.3        1.8      0.600      3.4          0
       6       1969       361         754       -5.2       -1.8      0.450      3.9          0
       6       1969       362        1047       -6.9       -4.4      0.380        5          0
       6       1969       363        2889       -9.4       -1.2      0.340      5.4          0
       6       1969       364        2889       -6.6       -0.7      0.420      7.4          0
       6       1969       365        3643      -11.3       -6.5      0.260      6.7          0
