* Country: Netherlands
* Station: Eelde
* Year: 1997
*  Source: Weather data and coordinates from
*  Eelde (KNMI)
*  Author: J. W. Steenhuizen PRI Wageningen
*  Longitude: 235.030 Amersfoortse coordinates
*  Latitude: 571.460
*  Elevation: 4.0 m.
*  Comments: For internal use only
*  Columns:
*  ========
*  station number
*  year
*  day
*  irradiation (kJ m-2 d-1)
*  minimum temperature (degrees Celsius)
*  maximum temperature (degrees Celsius)
*  vapour pressure (kPa) op basis %RH
*  mean wind speed (m s-1)
*  precipitation (mm d-1)
*--------------------------------------------------------------------------*
   6.35 53.08 4.0 0.00 0.00
        6     1997       1        3610    -17.8        -8.8    0.198          3        0
        6     1997       2        3910    -19.6       -11.6    0.188          3        0
        6     1997       3        1880    -12.1        -4.8    0.277        7.7        0
        6     1997       4        1410     -6.6          -3    0.327        8.3        0
        6     1997       5        1460    -10.8        -5.4    0.337          3        0
        6     1997       6        1080     -9.4        -5.1    0.364        3.5        0
        6     1997       7        1410     -6.6          -5    0.401        3.4        0
        6     1997       8        2510     -9.2        -6.4    0.341        3.7        0
        6     1997       9        2180     -9.5        -3.8    0.347          5        0
        6     1997      10        2480     -5.9        -2.3    0.407        3.1        0
        6     1997      11        1590     -6.1        -2.5    0.385          2        0
        6     1997      12        1450     -6.2         1.4    0.490        5.3        0
        6     1997      13        1960      1.3         4.5    0.684          5        0
        6     1997      14        3100        0         5.5    0.550        3.3        0
        6     1997      15        3620     -4.3         2.7    0.502        2.4        0
        6     1997      16        4780     -6.1         4.8    0.535        1.6        0
        6     1997      17        4300     -5.8         5.7    0.498        3.1        0
        6     1997      18         800      2.5         4.4    0.777          4        0
        6     1997      19         910      0.7           3    0.711        2.7      1.4
        6     1997      20        1790      0.4         4.8    0.748        1.7      1.3
        6     1997      21        1620     -0.2         1.7    0.642        2.8        0
        6     1997      22        2580     -0.1         6.7    0.710        4.1        0
        6     1997      23        1000      2.4         6.3    0.825        3.3        0
        6     1997      24        1360      0.5         5.1    0.758        1.5      1.3
        6     1997      25        3140     -0.4         4.5    0.721        1.8      0.1
        6     1997      26        4420     -4.8         2.8    0.544        3.5        0
        6     1997      27        6280     -6.2         1.2    0.492        2.1      0.1
        6     1997      28        4120     -2.6         7.2    0.719        3.3        0
        6     1997      29        1460      1.1         3.8    0.741        2.7        0
        6     1997      30        1170     -0.9         4.8    0.689        2.2        0
        6     1997      31        2080      0.3         4.7    0.666        3.3      0.2
        6     1997      32        5160     -1.9         3.7    0.562        1.8        0
        6     1997      33        4450     -2.1         2.3    0.562        3.6        0
        6     1997      34        2500        0         1.7    0.665        3.8        0
        6     1997      35         620      0.8         6.8    0.764        9.7        6
        6     1997      36        5750     -0.2         6.8    0.725        2.9        0
        6     1997      37        2000      1.1         6.9    0.744        6.5        0
        6     1997      38        2120      1.4         9.2    0.785        6.7      3.9
        6     1997      39        5110     -0.3         5.3    0.680        4.2        0
        6     1997      40        3300      3.1         8.8    0.881        7.6      2.4
        6     1997      41        1970      4.2         8.9    0.861        8.8      6.1
        6     1997      42        4370        3         7.6    0.742        9.3        0
        6     1997      43         680      4.8         9.8    0.992        7.4     18.2
        6     1997      44        1370        4         9.6    0.884          9      5.8
        6     1997      45        5100      0.9         6.4    0.681        6.8        0
        6     1997      46        5460     -0.9         6.9    0.710        3.9      0.2
        6     1997      47        3980      0.5         5.4    0.708          4        0
        6     1997      48        2050      2.2         7.4    0.759        6.3      0.7
        6     1997      49        4310      3.2        10.6    0.871        9.3     11.6
        6     1997      50        5530      2.2         8.1    0.727        9.1      4.5
        6     1997      51        7980      4.6         9.3    0.769       11.5      0.4
        6     1997      52        2680      4.7        10.3    0.866        9.9      4.8
        6     1997      53        2340      4.3        10.1    0.917        6.6        0
        6     1997      54        4810      7.3        12.1    0.987        6.2        0
        6     1997      55        3470      6.9        10.5    0.947        9.6      7.1
        6     1997      56        8100      6.8        11.6    0.922       12.8      6.6
        6     1997      57        3690      4.5         8.5    0.867        6.7      4.1
        6     1997      58        5510      0.6         7.4    0.720        4.5        0
        6     1997      59        9230      5.3        12.6    0.842        7.4      2.8
        6     1997      60        9360      3.1          12    0.859        5.7        0
        6     1997      61        1770      4.2        12.1    0.883        9.2      1.2
        6     1997      62       11090      1.2          10    0.722        4.2        0
        6     1997      63       11410       -4        11.7    0.675        2.9        0
        6     1997      64        5460      3.6        11.6    0.961        3.6        0
        6     1997      65       11980      1.8         9.6    0.779          4        1
        6     1997      66        6250      0.4        12.9    0.838        3.1        0
        6     1997      67        3910      5.9        10.9    0.960        2.7        0
        6     1997      68       10220      1.2        11.9    0.861        3.1        0
        6     1997      69       12620      1.4        17.6    0.963        2.8        0
        6     1997      70        3650      3.2         6.6    0.839        2.5        0
        6     1997      71        9920      3.2        11.8    0.945          4        0
        6     1997      72       11030        6        13.9    1.049        5.9        0
        6     1997      73        1870      6.8         9.5    1.027        5.2      2.5
        6     1997      74        3270      4.9        10.3    0.991        5.2      0.5
        6     1997      75        1940      2.7         9.2    0.899        3.4      8.9
        6     1997      76        3940      1.8           9    0.790        4.2        0
        6     1997      77        2070      0.8         7.9    0.785        4.8      1.7
        6     1997      78        3990      1.8           8    0.764        5.2        0
        6     1997      79        5190      0.9         6.1    0.682        3.3      2.6
        6     1997      80        7330     -1.9         7.7    0.663        4.3      1.2
        6     1997      81        6240     -3.5         7.1    0.590          2        0
        6     1997      82        2530      1.8         5.2    0.705        4.5      1.9
        6     1997      83        6530      0.5         7.7    0.749          3        0
        6     1997      84       10060      2.1         8.2    0.802        2.4      0.7
        6     1997      85        5480      3.6        11.8    0.928        7.8      2.9
        6     1997      86       10720      6.2        11.2    0.850        8.1        0
        6     1997      87        7830      3.2        10.3    0.788       10.9      3.3
        6     1997      88       12180      3.6         9.3    0.809        7.6      1.9
        6     1997      89       12700      1.9        12.9    0.851        4.2        0
        6     1997      90       16620      1.7          14    0.856        4.8        0
        6     1997      91       17890      1.9          16    0.886        3.8        0
        6     1997      92        5060        2          12    0.877        2.8        0
        6     1997      93        6660      1.1          10    0.720        6.8      0.9
        6     1997      94       14230      1.1         8.2    0.655        7.4      0.2
        6     1997      95        2240      1.7        10.5    0.854        8.8        9
        6     1997      96       15680     -3.2         8.2    0.534        4.9        0
        6     1997      97       20100     -4.1         9.6    0.536        1.3        0
        6     1997      98       16970      3.5        14.2    0.653        1.8        0
        6     1997      99       17390      2.8        17.4    0.800        2.3        0
        6     1997     100       17520      2.6        14.6    0.909        3.4        0
        6     1997     101       12440      4.9         8.5    0.729        9.3      0.1
        6     1997     102       12490     -0.6         8.8    0.631        6.4      0.6
        6     1997     103        9660     -2.9         9.3    0.669        3.6        0
        6     1997     104        6540      4.6          10    0.836        6.7        0
        6     1997     105       17800      3.9        10.3    0.709        6.2      0.3
        6     1997     106       17840      0.4        11.8    0.692        2.8        0
        6     1997     107       22220     -2.7        12.5    0.673        2.8        0
        6     1997     108       18390      3.1        11.3    0.811        5.2        0
        6     1997     109       11330      1.6           9    0.632          5      0.3
        6     1997     110       18390     -2.7         8.6    0.514        3.5        0
        6     1997     111       19130     -5.5         9.7    0.534        3.5      0.4
        6     1997     112       13920     -0.6         9.3    0.658        3.7        0
        6     1997     113       20440     -2.1        12.5    0.611        4.5        0
        6     1997     114       15040      3.3        14.1    0.764        8.7        0
        6     1997     115       15220        5        11.6    0.808        3.8        0
        6     1997     116       14040        1        15.9    0.816        3.9        0
        6     1997     117       10130      7.9        15.6    1.124        2.6        0
        6     1997     118        4540      9.5        13.2    1.237        6.2      8.3
        6     1997     119        2080      7.1        10.1    1.068        6.2      5.1
        6     1997     120       10470      5.1        11.9    1.019        4.1        0
        6     1997     121       17900      4.4        17.6    1.122        2.4        0
        6     1997     122       21830      5.8        20.8    1.182        3.8        0
        6     1997     123       14350      4.6        15.5    1.103        3.2        0
        6     1997     124        8650      6.7        17.6    1.234        5.9        6
        6     1997     125        8990     10.7        15.2    1.284        5.6      3.6
        6     1997     126        5750      0.9        11.6    0.817        5.4      9.7
        6     1997     127       17520      0.2         9.5    0.729        4.1      4.9
        6     1997     128       14690      2.9        11.4    0.847        5.7      3.9
        6     1997     129       10170      5.5          13    1.003        4.9      7.6
        6     1997     130       15340      5.5          15    0.998        5.8      0.7
        6     1997     131       11210     10.7        17.1    1.333        5.3      6.5
        6     1997     132       20970      8.1          17    1.100        5.5      0.1
        6     1997     133       21720      5.9        20.3    1.052        2.3        0
        6     1997     134        4090      8.5        14.7    1.231        2.3      4.5
        6     1997     135       20670      6.6          17    1.181        3.7        0
        6     1997     136       22960     11.4        23.5    1.623        5.1        0
        6     1997     137       21210     15.1        27.8    1.996        2.5        0
        6     1997     138       19920     13.6        25.2    1.893        2.9     10.9
        6     1997     139       14660     13.2          21    1.682        2.5      2.4
        6     1997     140       14170     12.4        21.4    1.661          2     10.4
        6     1997     141        6440      9.7        14.5    1.311        1.8     23.9
        6     1997     142        6470      4.5        11.6    0.969        3.7      9.5
        6     1997     143       21840      2.1        13.3    0.817        3.4        0
        6     1997     144       22840      1.2        14.3    0.800          3        0
        6     1997     145       22900      2.9        16.4    0.881        2.3        0
        6     1997     146       12100      2.2          15    0.909        3.8      0.2
        6     1997     147        7840      8.4        11.6    0.947        6.1        0
        6     1997     148       15910      8.4        14.6    1.055        4.2        0
        6     1997     149       22370      6.8        15.7    1.026        4.2        0
        6     1997     150       28070      6.6        19.3    1.042        2.8        0
        6     1997     151       24560      7.9        18.5    0.914        3.7        0
        6     1997     152       28250      6.7        19.4    0.905        7.1        0
        6     1997     153       29250      6.8        20.6    0.958        5.7        0
        6     1997     154       27930      6.5          23    1.086        2.6        0
        6     1997     155       26950        6        21.4    1.242        2.3        0
        6     1997     156       25840        8          27    1.209        3.8        0
        6     1997     157       26350     13.5        28.6    1.283        4.8        0
        6     1997     158       22060       16        30.1    1.846        4.5     10.7
        6     1997     159        5580     12.8        18.8    1.672        2.5      8.2
        6     1997     160       24450      8.3        21.2    1.326        4.1        0
        6     1997     161       29070      6.5        22.3    1.219        3.5        0
        6     1997     162       13980     13.5        25.1    1.711        4.3      1.5
        6     1997     163       15720     13.6        23.3    1.766        3.8        0
        6     1997     164       15600     12.3        22.1    1.692        2.3     22.2
        6     1997     165       14090     11.4        20.2    1.569        3.8      7.8
        6     1997     166       10310        8        15.7    1.158        4.2      2.3
        6     1997     167       22630      6.3        17.1    1.016        2.6        0
        6     1997     168       21500      4.7          17    1.000        3.2        0
        6     1997     169       17950      4.7        17.4    1.000          2        0
        6     1997     170       22510      7.8        21.3    1.072        3.4        0
        6     1997     171       11350       11        18.9    1.391        3.3      3.7
        6     1997     172       16890     10.2          20    1.420        4.5      7.6
        6     1997     173       15180     10.3        17.6    1.337        4.5      3.9
        6     1997     174       12220     10.3        16.8    1.408        5.4      3.8
        6     1997     175       10930      9.5        14.8    1.180          5        3
        6     1997     176       17730        7        18.8    1.081        3.3        0
        6     1997     177        8200     11.1        17.2    1.431        3.8      5.2
        6     1997     178       11320     11.3        19.2    1.582        2.8      3.8
        6     1997     179       21040     10.1        20.6    1.443          4      0.6
        6     1997     180       13730     10.6        23.7    1.650        4.8     20.9
        6     1997     181        9750     12.1        18.3    1.528        5.8      0.3
        6     1997     182       18700     10.2        19.9    1.416        3.5     13.3
        6     1997     183       21360      9.6        22.7    1.446        3.7      0.5
        6     1997     184       22510       11        21.1    1.402        3.6        0
        6     1997     185       17050      9.9        20.8    1.426        1.8        0
        6     1997     186       17920     10.3        20.6    1.468        2.9      0.4
        6     1997     187       14020     12.7        18.4    1.461        3.1      0.2
        6     1997     188       21400     13.2        22.6    1.688        4.4        0
        6     1997     189       14740     14.5        19.8    1.650        3.4        0
        6     1997     190       16590     12.6        20.5    1.536          3        0
        6     1997     191       27150      9.8        24.3    1.454        3.6        0
        6     1997     192       28640     10.7          26    1.454        3.1        0
        6     1997     193       26980     12.8        27.4    1.616        2.9        0
        6     1997     194       23090       13        26.7    1.769        2.2      4.3
        6     1997     195       24230       15        25.2    1.885        2.7        0
        6     1997     196       25340     12.4        23.8    1.511        2.4        0
        6     1997     197       12050       14        22.6    1.810        3.1      2.2
        6     1997     198        6720     14.3        19.6    1.758        2.8     10.2
        6     1997     199       12890     13.9        21.4    1.778        3.8        5
        6     1997     200       26710     14.6        22.8    1.547        4.3        0
        6     1997     201       21790     12.1        23.8    1.497        3.9        0
        6     1997     202        6760     16.1        20.7    1.922        3.2      2.5
        6     1997     203       20820     15.9        26.6    2.020        2.3      0.5
        6     1997     204       19700     13.4        23.2    1.710        2.5        0
        6     1997     205       13190       12        23.3    1.682        2.6      2.5
        6     1997     206        6760       15        18.8    1.735        4.5        2
        6     1997     207       18940       16        22.7    1.737        4.9      1.3
        6     1997     208       10520       12        19.9    1.618        6.1      7.1
        6     1997     209       17630     10.8        22.7    1.555          4      0.5
        6     1997     210       21280     12.1        23.7    1.630        2.8        0
        6     1997     211       12680     12.4        24.1    1.745        2.8      0.7
        6     1997     212       11440     12.3        18.4    1.576        3.8      3.7
        6     1997     213       18420     13.1        22.5    1.659          3      0.6
        6     1997     214       11830     15.2        21.9    1.859        3.4      0.1
        6     1997     215       13240     10.9        21.6    1.525          3        0
        6     1997     216       21510       10        22.1    1.437        3.6        0
        6     1997     217       24280       10        24.8    1.505        3.4        0
        6     1997     218       24170     14.6        26.3    1.696        4.4        0
        6     1997     219       24390     15.8        27.1    1.752        4.5        0
        6     1997     220       23730     15.8        28.4    1.897        3.1        0
        6     1997     221       21710     13.6        30.4    1.861        1.6        0
        6     1997     222       21690     15.1        31.9    1.813        2.6        0
        6     1997     223       23310     16.1        31.8    1.606        4.3        0
        6     1997     224       22500     16.5        32.6    1.751        2.9        0
        6     1997     225       20970     13.9        32.4    1.776        1.8        0
        6     1997     226       15150     16.4        26.4    2.087        4.4        0
        6     1997     227        6590     18.4        21.8    2.020        3.1        0
        6     1997     228       14740     16.8        25.5    2.008        1.9      0.7
        6     1997     229       16100     14.7        29.5    2.050        2.1        0
        6     1997     230       19930     14.3        30.6    1.859        2.2        0
        6     1997     231       17500       12          29    1.701          3        0
        6     1997     232       18630     15.4        28.5    1.906        3.6        0
        6     1997     233       17850     15.5        28.6    1.942        2.3        0
        6     1997     234        3850     17.7        21.5    2.068        2.4      9.9
        6     1997     235       11470     15.9        24.3    2.065        2.3        0
        6     1997     236       16570     18.3        28.9    2.323          3      0.3
        6     1997     237       16780     17.6        31.2    2.523        2.7     10.1
        6     1997     238        7760     16.4        21.4    1.878        2.4        0
        6     1997     239       12520     12.3          25    1.850        2.6      2.9
        6     1997     240        2230     14.2        18.3    1.754        3.1      9.8
        6     1997     241       13820     13.1        19.9    1.621        5.6      0.9
        6     1997     242        7700     11.2        19.3    1.500        3.5      0.5
        6     1997     243       15300     15.5        23.2    1.802          4        0
        6     1997     244       15120     14.8        23.2    1.743        3.4      0.3
        6     1997     245       10980     11.5          21    1.596        2.3     14.1
        6     1997     246       16770      9.7        22.7    1.486        2.3        0
        6     1997     247       11550     13.9          23    1.726        2.9      0.4
        6     1997     248       11370      8.5        20.1    1.336        2.1        0
        6     1997     249       13640     10.5        20.4    1.418          4      0.5
        6     1997     250        9910     12.4        18.9    1.571        4.5      3.6
        6     1997     251        5380       14        17.3    1.504        5.7        0
        6     1997     252       12730     10.8        18.4    1.234        6.3      0.4
        6     1997     253        9350      8.1        17.1    1.075          4        0
        6     1997     254       10790      6.1        18.1    1.123          3        0
        6     1997     255        8820     11.8        19.7    1.496        6.2        7
        6     1997     256       15160      8.1          16    1.092        6.4      1.9
        6     1997     257       12370      7.4          17    1.170        5.4      0.5
        6     1997     258       11410      8.3        17.9    1.224        5.3        0
        6     1997     259       14870      9.8        20.6    1.248        5.2        0
        6     1997     260        8750      5.5          19    1.201          3        0
        6     1997     261        8670      4.1        17.7    1.127        2.2        0
        6     1997     262       14390      4.5        17.1    1.021        2.5        0
        6     1997     263        9380      1.2        14.8    0.884        1.8        0
        6     1997     264       15340      1.8        16.9    0.965        1.6        0
        6     1997     265       15000      1.4          18    1.010        1.3        0
        6     1997     266        5350        2        17.4    1.067        2.2        0
        6     1997     267        6330      7.1          19    1.306        1.3        0
        6     1997     268       13710      4.7        20.5    1.200        2.3        0
        6     1997     269       11870      7.7          19    1.331        2.7        0
        6     1997     270        5620      4.1        14.7    1.035        1.6        0
        6     1997     271       12290        3        19.4    1.187        1.1        0
        6     1997     272        6600      5.4        17.5    1.232        2.2      1.4
        6     1997     273        6440     11.6        17.7    1.461          2      1.1
        6     1997     274        2280     11.6        17.6    1.503        4.3      1.4
        6     1997     275        9500      7.4        15.4    0.984        6.8      0.5
        6     1997     276        5670        6          15    1.087        3.6        0
        6     1997     277        3360     11.4        16.7    1.391        5.7        0
        6     1997     278        2680     12.7        16.6    1.524          4        0
        6     1997     279       10080     11.6        20.7    1.463        2.9        0
        6     1997     280        4110     11.4        20.3    1.591          6      4.9
        6     1997     281        3000     10.7        17.4    1.452        7.3     15.5
        6     1997     282        4310     11.8        18.6    1.512        8.5        4
        6     1997     283        6200      9.8        15.8    1.216        8.7      5.4
        6     1997     284        6250        3        13.9    0.963        4.4      2.1
        6     1997     285        7860      2.9        12.9    0.899        4.7      4.9
        6     1997     286        4720        7          12    1.042          5     18.2
        6     1997     287        6370      6.5          13    1.059        3.6      7.7
        6     1997     288        5260      0.8          12    0.898        2.2      2.1
        6     1997     289        7630     -2.3        10.5    0.710          2        0
        6     1997     290        2470      7.3        13.9    1.179        3.6        0
        6     1997     291        8970      5.3        18.4    1.211        3.4        0
        6     1997     292        8300      5.3        19.3    1.341        1.9        0
        6     1997     293        5250      1.4        12.3    0.755          4        0
        6     1997     294        8750     -2.2         9.7    0.632        2.4        0
        6     1997     295        8490     -1.9        10.9    0.696          2        0
        6     1997     296        4700      5.4          12    0.936        3.5      0.4
        6     1997     297        5990      1.4        10.4    0.754          4      0.7
        6     1997     298        2880        4         9.9    0.883        4.4      1.4
        6     1997     299        2800      4.1         8.9    0.876        2.4      0.9
        6     1997     300        8530     -2.6         6.4    0.560        2.8        0
        6     1997     301        8830     -5.9         6.8    0.539        1.4        0
        6     1997     302        5650     -6.4         6.1    0.507          1        0
        6     1997     303        4790     -2.7         9.4    0.653        1.3        0
        6     1997     304        7400     -3.4        10.5    0.722        2.5        0
        6     1997     305        2410      0.4         3.8    0.710        2.2        0
        6     1997     306        1060        0         5.9    0.766        3.1      0.6
        6     1997     307        4310      0.4           8    0.683        4.2      0.4
        6     1997     308        6620     -1.3         6.2    0.553        5.4        0
        6     1997     309        2520      1.2        12.9    0.947        3.7      1.5
        6     1997     310        2390      7.7        12.8    1.189        3.1      0.6
        6     1997     311         470      9.2        12.7    1.218        7.5      4.1
        6     1997     312        3510      7.2        11.8    1.008        5.7        0
        6     1997     313        5240      6.8        12.1    1.005        6.3      5.3
        6     1997     314        1910      6.5        10.5    0.977        5.5      1.5
        6     1997     315        2830        6        10.5    0.982        5.2      2.7
        6     1997     316        3370     -0.2           9    0.827        1.8        0
        6     1997     317        2370      1.4           9    0.881        3.9        0
        6     1997     318        2890      4.6           8    0.874        4.1        0
        6     1997     319         590      6.9         9.7    1.069        4.4      1.3
        6     1997     320        1970      4.1         9.4    0.938        3.9        0
        6     1997     321        4650      1.8         7.4    0.782        4.6        0
        6     1997     322        4500      0.8         6.6    0.714        6.1        0
        6     1997     323        4690     -1.7         2.9    0.520        6.9        0
        6     1997     324        1740     -2.3         2.9    0.546        5.7      0.4
        6     1997     325        2020      2.7         8.1    0.850        2.8      0.1
        6     1997     326        1500      2.1         4.8    0.754        2.1        0
        6     1997     327        1400     -1.4         3.2    0.661        2.6        0
        6     1997     328         810      1.7         4.2    0.737        3.9        0
        6     1997     329        1180      0.8         3.4    0.676        5.1        0
        6     1997     330        1010      1.2         3.5    0.680          6        0
        6     1997     331         820      2.4         3.7    0.720        5.6        2
        6     1997     332         800      2.3         7.1    0.836          4        3
        6     1997     333         990      7.1        10.2    1.083          4      1.7
        6     1997     334        1230      3.3         9.8    0.926        2.8        1
        6     1997     335        3590       -1         6.7    0.696        2.6      0.3
        6     1997     336        2220       -1         2.1    0.622        3.3        0
        6     1997     337        2010     -2.8         3.5    0.607        2.5      0.4
        6     1997     338        1150     -3.6         2.7    0.570        2.6        0
        6     1997     339        1800     -0.3         5.5    0.706        4.5      0.4
        6     1997     340         290      1.2         8.4    0.833        7.9      8.8
        6     1997     341         930      1.7           8    0.828        5.5      0.2
        6     1997     342         980      1.6         8.3    0.775        6.4      0.5
        6     1997     343        1480      8.1         9.8    1.049        6.9      4.5
        6     1997     344         300      9.3        11.9    1.191        8.8     16.5
        6     1997     345         540      7.5        11.9    1.113        5.6      7.8
        6     1997     346         500      6.5         9.5    1.017          6        9
        6     1997     347        1620      2.4         8.4    0.841        3.8      2.4
        6     1997     348        1530      1.1         6.9    0.728        4.9      0.1
        6     1997     349         760     -1.3         3.5    0.544        7.3        0
        6     1997     350        2600       -8        -1.3    0.368        8.5        0
        6     1997     351        2370     -8.4          -4    0.299        8.8        0
        6     1997     352        1360     -4.5         1.3    0.450        6.7        0
        6     1997     353        1520     -0.2         7.1    0.739        4.6      2.1
        6     1997     354        1920     -0.7         5.9    0.727        2.8        0
        6     1997     355         700        1         3.4    0.701        4.2      0.4
        6     1997     356         520      1.3         2.8    0.701        2.1        0
        6     1997     357         820      1.2         4.5    0.753        2.2        0
        6     1997     358         380      4.5          12    1.065        6.6      8.7
        6     1997     359        1560      8.4        11.8    1.048       11.8        4
        6     1997     360         730      5.9         9.9    0.950       10.4        6
        6     1997     361        2210      4.6         7.7    0.902        4.5        1
        6     1997     362        2100      1.7         6.5    0.795          5      4.1
        6     1997     363        2330      2.7         7.4    0.839        4.5      1.4
        6     1997     364        2160        3         7.3    0.811          5      0.1
        6     1997     365         460      4.7         9.9    0.953        5.7      1.8
