* Country: Netherlands
* Station: Eelde
* Year: 1970
*  Source: Weather data and coordinates from
*  Eelde (KNMI)
*  Author: J. W. Steenhuizen PRI Wageningen
*  Longitude: 235.030 Amersfoortse coordinates
*  Latitude: 571.460
*  Elevation: 4.0 m.
*  Comments: For internal use only
*  Columns:
*  ========
*  station number
*  year
*  day
*  irradiation (kJ m-2 d-1)
*  minimum temperature (degrees Celsius)
*  maximum temperature (degrees Celsius)
*  vapour pressure (kPa)
*  mean wind speed (m s-1)
*  precipitation (mm d-1)
*--------------------------------------------------------------------------*
   6.35 53.08 4.0 0.00 0.00
        6       1970           1          5778          -14.5         -5.3     0.270         3          0
        6       1970           2          1800           -5.9          3.3     0.590       5.7        1.9
        6       1970           3          2470           -3.9          0.2     0.500       5.3        0.4
        6       1970           4          3894           -8.5          1.1     0.430       4.6          0
        6       1970           5          1884           -8.9         -0.5     0.430       1.8        0.2
        6       1970           6          1591           -3.1          0.3     0.540       4.8        1.4
        6       1970           7           963          -10.0         -0.3     0.460       2.1        0.5
        6       1970           8          2931           -5.6         -2.6     0.390       6.8          0
        6       1970           9          1591           -4.2          2.7     0.490       8.7        1.7
        6       1970          10          2010           -1.5            2     0.600       4.5        2.9
        6       1970          11          2135            0.9            7     0.700       3.9        0.1
        6       1970          12          1717           -1.8          4.5     0.670       2.3        2.6
        6       1970          13           167           -2.5          4.6     0.680       2.5          0
        6       1970          14          3684            0.3          5.6     0.660         3          0
        6       1970          15          1256           -0.3          1.5     0.620       3.5        0.2
        6       1970          16           502           -2.2          1.2     0.570       5.5        4.1
        6       1970          17          1256           -4.4         -2.2     0.400       5.5        0.8
        6       1970          18          1424           -5.6         -2.1     0.410       4.6          0
        6       1970          19          2303           -6.7         -4.5     0.400       3.5          0
        6       1970          20          1968           -6.9         -4.7     0.370       4.4          0
        6       1970          21          5317           -9.9         -3.3     0.320       3.6          0
        6       1970          22          2428           -9.4         -2.8     0.360       4.4        0.1
        6       1970          23          2763           -3.1          0.5     0.500         5        0.2
        6       1970          24          1717           -0.7          0.7     0.570       3.9        0.1
        6       1970          25           879            0.4          5.7     0.740       3.4        8.3
        6       1970          26          1675            1.5          5.8     0.780         2        0.2
        6       1970          27          1172            0.4          3.5     0.700       1.5        0.7
        6       1970          28          2638           -0.7          1.2     0.600       1.5          0
        6       1970          29          1926           -1.9          0.7     0.580       3.8          0
        6       1970          30          4522           -4.5         -0.3     0.470       5.8          0
        6       1970          31          5945           -7.6         -1.8     0.320       3.7          0
        6       1970          32          6657          -10.1         -1.9     0.300       4.5          0
        6       1970          33          3601           -7.1          6.8     0.600       6.7        5.4
        6       1970          34          4229            0.9          5.8     0.670      10.1          0
        6       1970          35          3643            0.4          5.6     0.680       5.8        3.4
        6       1970          36          1968           -2.2          2.9     0.600       4.6        4.1
        6       1970          37          6029           -7.3          2.8     0.480       4.5        4.1
        6       1970          38          3349           -5.1          2.1     0.530       7.1        2.5
        6       1970          39          5317            0.8          5.1     0.660       6.9        3.7
        6       1970          40          3308           -0.6          4.9     0.660       5.7        1.3
        6       1970          41          3056           -2.6          1.4     0.600       4.5          3
        6       1970          42          3266           -1.8          1.2     0.580       1.6        1.6
        6       1970          43          2219           -1.4          0.8     0.550         5        0.1
        6       1970          44          5066           -4.3          1.2     0.460       5.3        0.5
        6       1970          45          3349           -7.8         -1.3     0.450       2.7        0.3
        6       1970          46          5359          -11.7          0.3     0.390       2.8        0.6
        6       1970          47          5778           -3.2          0.3     0.510       5.2        1.1
        6       1970          48          6238          -10.6         -2.7     0.360       4.7        3.5
        6       1970          49          8081          -14.2         -2.7     0.350       5.2          0
        6       1970          50          3140          -12.3          2.1     0.470       4.9        2.3
        6       1970          51          4229            0.8          4.6     0.710       9.7       11.4
        6       1970          52          5527            0.4          5.3     0.690       3.7        6.1
        6       1970          53          4773            1.6          9.2     0.890       5.1       22.1
        6       1970          54          5862            2.7          6.9     0.760       5.9        4.5
        6       1970          55          7034            1.1          7.3     0.730       4.4        0.3
        6       1970          56          3308            0.4          3.9     0.680       2.4        0.5
        6       1970          57          1633           -0.3          2.5     0.640       3.5          0
        6       1970          58          3601           -3.3            1     0.470         6        0.2
        6       1970          59         10467           -4.7          0.7     0.440       5.4          0
        6       1970          60          2428           -4.6            5     0.650       5.9        6.3
        6       1970          61          8541           -0.5          4.1     0.610       5.3        2.4
        6       1970          62          7453           -3.5          3.9     0.550       3.4        2.8
        6       1970          63          6866           -3.0          3.9     0.540       3.2        0.2
        6       1970          64          8499           -2.4          2.9     0.490       5.8        0.1
        6       1970          65          9588           -1.6          5.3     0.530       6.4        0.6
        6       1970          66          8122           -3.5          4.6     0.540       4.7        1.1
        6       1970          67          4647           -4.4          1.5     0.510       3.5        0.1
        6       1970          68          6029           -5.8            3     0.530       3.5        2.6
        6       1970          69         12435           -5.4          6.4     0.460       1.5        0.1
        6       1970          70         12519           -3.8          5.3     0.490       4.3        0.1
        6       1970          71         12058           -1.7          8.3     0.550       4.5          0
        6       1970          72          2721           -0.9          1.2     0.580       4.3          0
        6       1970          73          7871           -2.1          1.8     0.490       5.3          0
        6       1970          74          4354           -3.5          5.3     0.660       3.6        1.1
        6       1970          75          6448            1.9          8.1     0.770       4.8        0.3
        6       1970          76          2303            2.9          7.6     0.880       7.8        2.7
        6       1970          77          6699            1.5          7.1     0.750       7.4        4.8
        6       1970          78         10886            1.0          7.7     0.650       8.1        0.7
        6       1970          79          2638            0.5          9.2     0.770       5.7        2.8
        6       1970          80         10341            1.9         11.3     0.860       5.2        1.3
        6       1970          81         10048           -0.5         10.3     0.760       6.5        0.5
        6       1970          82         11849           -2.4          9.1     0.680       3.5        4.3
        6       1970          83          2889            1.6          4.2     0.680       6.5        4.1
        6       1970          84         13942           -3.5          5.6     0.540       4.2          0
        6       1970          85          8834           -4.9          6.7     0.560       5.6        2.5
        6       1970          86          9085           -2.9          3.7     0.560       7.3        4.6
        6       1970          87         13523           -1.5          5.7     0.580       7.6        4.7
        6       1970          88          9588            0.0          6.7     0.620       5.6        1.4
        6       1970          89          3768            4.5          8.8     0.830       8.2        5.9
        6       1970          90          7327            2.9          8.5     0.760       5.4        1.6
        6       1970          91          6196            0.9          4.6     0.650       5.5        2.1
        6       1970          92         14696           -0.9          5.4     0.520       5.8        2.4
        6       1970          93         14570           -2.5          6.7     0.580       4.5        0.1
        6       1970          94         11430           -2.1          5.2     0.580       2.9        1.5
        6       1970          95          8541           -1.0          5.5     0.550       6.9        1.4
        6       1970          96          4145           -0.6          1.7     0.610         3         15
        6       1970          97         11932           -1.4            5     0.560       3.2        0.2
        6       1970          98          8750           -3.3          5.1     0.600         3        2.2
        6       1970          99         13230           -5.7          6.2     0.570       2.1          0
        6       1970         100         10174           -0.2          7.6     0.690       2.9        0.1
        6       1970         101         14905           -1.3          8.6     0.600       3.2          0
        6       1970         102         15156           -2.8         11.2     0.670       3.9          0
        6       1970         103          4019            1.5          7.1     0.760       4.7          6
        6       1970         104          9337            1.1          7.7     0.660       2.9          0
        6       1970         105          8206           -0.2         11.2     0.880       4.4          3
        6       1970         106          4187            8.7         10.9     1.160       6.4       10.4
        6       1970         107          7955            8.7         12.8     1.110         5          0
        6       1970         108          5275            5.5         12.7     1.090       6.1        5.2
        6       1970         109         12644            5.3         13.6     0.890       4.9          0
        6       1970         110         16747            0.8         11.6     0.680       4.7        0.4
        6       1970         111          3684            3.2          9.8     0.950         7        3.9
        6       1970         112          5192            7.5         12.8     1.100       9.3          3
        6       1970         113          5736            8.4         13.2     1.090       9.5        3.2
        6       1970         114         22441            3.8         12.7     0.740       4.3        1.3
        6       1970         115         11262            6.3         13.5     1.030       6.3       13.4
        6       1970         116         11974            2.7           12     0.830       4.7        1.5
        6       1970         117         14654            1.7          9.5     0.760       3.8        1.6
        6       1970         118         17626            2.4           10     0.680       5.9        1.6
        6       1970         119         14821            1.3          6.5     0.690       8.5         14
        6       1970         120         17710            2.5          8.3     0.660       7.5        0.4
        6       1970         121         18841            2.0         10.7     0.720         3          0
        6       1970         122          5820            1.7          9.4     0.890       1.7        1.7
        6       1970         123         11095            6.5         15.3     1.150       2.5        0.2
        6       1970         124         15617            6.6         16.4     1.100       2.4          0
        6       1970         125         23404            6.7         19.4     0.970       4.2          0
        6       1970         126         22818            7.0         22.3     1.100       5.3          0
        6       1970         127         20515           12.1         21.9     1.270       5.4        0.1
        6       1970         128         21604            8.8         23.2     1.260       5.3          0
        6       1970         129         21227           10.7         22.9     1.380       3.1          0
        6       1970         130         18380           10.4         21.8     1.410       4.5          0
        6       1970         131         22860           11.2         21.7     1.280         7          0
        6       1970         132         23111           10.5         17.7     1.130       6.4          0
        6       1970         133         19510            8.7         17.4     1.170       4.5          0
        6       1970         134         25539            7.8         18.6     1.040       4.6          0
        6       1970         135         20180            8.6         19.7     1.160       4.1          0
        6       1970         136         22525            8.6         19.1     1.160       4.2          0
        6       1970         137         20725            8.5         19.6     1.050         4        2.1
        6       1970         138         21813            8.0         17.4     1.100         3          0
        6       1970         139         10928            7.1         18.2     1.210       5.4        0.9
        6       1970         140         13816            3.2         14.8     0.970       4.6        0.9
        6       1970         141         13942            6.8           13     0.980       6.7          2
        6       1970         142         16957            6.1         11.2     0.830       7.1          2
        6       1970         143         12142            4.7         13.6     0.860       3.5          0
        6       1970         144         17752            3.7         18.3     1.040       2.1          0
        6       1970         145         18715            8.4         20.9     1.190         4          0
        6       1970         146         15533            5.6         16.3     1.100       5.5        4.1
        6       1970         147          7494            8.3           11     0.980       5.2          0
        6       1970         148         16245            7.4         16.3     1.040       2.2          0
        6       1970         149         17836            6.7         19.7     1.130       2.7        0.6
        6       1970         150         11556           10.5         15.7     1.190       4.4        0.6
        6       1970         151         12058            8.5         15.2     1.180       4.9        0.5
        6       1970         152         20432            4.3         13.9     0.980       6.2        1.3
        6       1970         153         29015            2.2           16     0.780       3.8          0
        6       1970         154         21646            7.5           19     1.080       3.3          0
        6       1970         155         25749            8.0         19.8     0.970       5.7          0
        6       1970         156         26879            7.1         22.1     1.310         5          0
        6       1970         157         26796           12.2         26.1     1.530       4.1          0
        6       1970         158         27130           13.8           27     1.510       4.5          0
        6       1970         159         26000           14.6         28.3     1.560         4          0
        6       1970         160         25037           15.5         28.3     1.600       4.5          0
        6       1970         161         27005           15.6           27     1.700       4.1          0
        6       1970         162         28261           12.2         25.6     1.520       4.1          0
        6       1970         163         29391            9.9         18.3     1.140       5.9          0
        6       1970         164         17082            5.0         15.9     0.950       4.4          0
        6       1970         165          9253           10.6         14.4     0.980       2.8          0
        6       1970         166         11807            9.0         15.8     1.030       2.1          0
        6       1970         167         22567            8.8         18.8     1.150       2.8          0
        6       1970         168         27340           11.5         27.3     1.220       5.2          0
        6       1970         169         29894           10.7         25.3     1.010       5.1          0
        6       1970         170         27256           11.8         27.5     1.170       3.1          0
        6       1970         171         22064           10.9         28.5     1.370       2.5          0
        6       1970         172         25581            9.7         27.2     1.390       2.3          0
        6       1970         173         15784           13.8         27.7     1.650       2.9        8.2
        6       1970         174         15575           11.1         25.7     1.540       3.1       19.7
        6       1970         175         14026           10.1         22.1     1.490       5.1        1.8
        6       1970         176         19008           10.0         20.2     1.380       5.3          0
        6       1970         177         28303            7.9         23.6     1.230       2.6          0
        6       1970         178         22358           11.7         29.5     1.700       2.9          0
        6       1970         179         16915           13.4         21.7     1.600       3.5        0.4
        6       1970         180          9295            9.9         17.4     1.370       3.9        5.7
        6       1970         181         11221            9.2         17.2     1.230         4        8.2
        6       1970         182          5945           10.0           16     1.240       5.5        7.1
        6       1970         183         17208            9.5         16.4     1.210       6.7        4.1
        6       1970         184         15533           11.1         16.2     1.260       6.6        3.8
        6       1970         185         12895           10.6         17.3     1.280       4.5        0.6
        6       1970         186         19259            8.9         20.2     1.390       4.6          0
        6       1970         187         14361            8.6           23     1.670       3.4          0
        6       1970         188         25749           14.0         28.4     1.980       2.7          0
        6       1970         189         22692           15.6         30.2     1.920       3.8         12
        6       1970         190         20348           13.1           24     1.770       4.7        3.4
        6       1970         191         20055            9.0         19.8     1.190         4          0
        6       1970         192         14696            8.0         19.3     1.310       4.5        0.3
        6       1970         193         16245            7.9         19.2     1.430       5.1          0
        6       1970         194         25707           10.7         22.9     1.580       5.2        0.2
        6       1970         195          6615            9.3         15.3     1.360       4.2       18.3
        6       1970         196         17417            9.3         17.7     1.260       7.1        8.2
        6       1970         197         12142           11.7         15.6     1.070       6.8          0
        6       1970         198         15575            9.4         16.9     1.070       3.6          0
        6       1970         199         12937            7.0         20.3     1.360       3.6          0
        6       1970         200          5485           11.3         17.1     1.520       3.6        3.3
        6       1970         201          3894            8.6         13.5     1.280       3.4       19.5
        6       1970         202         19259            6.7         17.2     1.130       5.6        0.4
        6       1970         203         20767            6.6         18.2     1.110       4.2          0
        6       1970         204         17920            6.1         19.3     1.210       2.8        0.1
        6       1970         205         13984           12.3         21.5     1.630         4        3.3
        6       1970         206          8332           11.8         17.1     1.430       6.6        9.1
        6       1970         207         11472           11.2         16.2     1.280       5.7        4.3
        6       1970         208         10928           11.2         19.5     1.540       3.5        5.7
        6       1970         209         10509           15.3         22.3     1.790       5.8        0.4
        6       1970         210         13440           10.4           21     1.570       2.5        1.1
        6       1970         211         18589            8.9           23     1.520         2        0.1
        6       1970         212         21311           11.8         26.1     1.590       2.1          0
        6       1970         213         22232           12.5         23.8     1.740       3.4          0
        6       1970         214         22860           14.7         26.7     1.870       3.7          0
        6       1970         215         19552           15.5         25.4     1.870         4          0
        6       1970         216         16329           14.8         22.1     1.690       3.8          0
        6       1970         217         22106           11.3         24.6     1.720       2.9          0
        6       1970         218         16915           13.1         25.1     1.760       3.5          0
        6       1970         219         18171           14.9         24.6     1.780       3.8          0
        6       1970         220          7159           14.7         17.8     1.630       4.5       28.9
        6       1970         221         14277           11.5         22.4     1.560       2.4          0
        6       1970         222          5024           10.8         17.7     1.650       5.3        2.2
        6       1970         223         17836           10.0         18.3     1.240         4          0
        6       1970         224         19259            8.6         20.9     1.260       2.5          0
        6       1970         225         22818            9.0           25     1.320       3.1          0
        6       1970         226         15449            8.6         21.1     1.410       4.2        0.3
        6       1970         227         13775            6.1         21.1     1.190       2.2          0
        6       1970         228          7076           11.6         19.1     1.410       4.5        1.6
        6       1970         229         10634           10.2         16.8     1.300         6        3.2
        6       1970         230         17543            9.6         18.6     1.180       4.1          0
        6       1970         231         14110           10.1         22.4     1.420       2.7        0.4
        6       1970         232         11053           12.8         21.2     1.530       3.7        0.9
        6       1970         233         17836            9.7         21.7     1.350       2.4          0
        6       1970         234          5108           13.3         15.5     1.510         1         12
        6       1970         235         15114           12.9         22.6     1.580       3.2          0
        6       1970         236         19804           13.1           22     1.570       3.2          0
        6       1970         237         19092            7.8         20.8     1.290       1.8          0
        6       1970         238         19762            8.5         22.3     1.280         2          0
        6       1970         239         16077            5.6         22.3     1.240       1.9          0
        6       1970         240         19552            5.9         23.1     1.290       2.5          0
        6       1970         241         17961           10.3           25     1.440         3          0
        6       1970         242         16873            7.7         23.9     1.520       2.5          0
        6       1970         243         15617            6.7         24.2     1.450       4.4        0.1
        6       1970         244         15407            8.3           19     1.250         6        0.2
        6       1970         245         15868            6.4         19.4     1.100         4        0.1
        6       1970         246          9755           10.1           20     1.400       5.6        1.3
        6       1970         247          9923            9.8           17     1.230       5.8          0
        6       1970         248         12937           11.7         18.6     1.230       7.7          0
        6       1970         249         11765            8.6         16.8     1.120       5.4          0
        6       1970         250         17878            3.8         19.9     1.050         3          0
        6       1970         251          9211            9.7         22.3     1.450       6.4        2.2
        6       1970         252          7243           13.2         19.3     1.500       6.9        4.2
        6       1970         253          6280           11.4         15.5     1.270       6.2          0
        6       1970         254          7243            9.9         15.9     1.250       5.8        1.8
        6       1970         255         10132            9.2         17.9     1.300       5.3        9.6
        6       1970         256         10760            9.9           15     1.130       6.8        8.6
        6       1970         257         15114           11.0         16.9     1.240       6.6        7.8
        6       1970         258         10425           11.4         20.6     1.590       4.2        5.1
        6       1970         259          4564            8.0         15.2     1.280         6       65.8
        6       1970         260          7746            7.4         17.7     1.330       5.4        0.8
        6       1970         261         14528            7.6         19.9     1.340       3.4          0
        6       1970         262         12184            5.9         22.5     1.310       1.5          0
        6       1970         263         10593           10.7         20.9     1.560       2.4        0.1
        6       1970         264          5527            8.2         17.1     1.370       3.8          0
        6       1970         265         14277            2.8         16.4     0.960       2.2          0
        6       1970         266         11388            3.1         15.9     0.940       2.2          0
        6       1970         267          9253            1.8         14.8     0.990       1.9        0.1
        6       1970         268          8081            6.2         19.2     1.460       2.6        0.2
        6       1970         269          7494            9.2         17.3     1.390       3.1          0
        6       1970         270         11053            6.7           20     1.280       3.4          0
        6       1970         271         12016            6.4         19.6     1.110       3.9          0
        6       1970         272         13356            4.8         20.1     1.120       3.7        0.1
        6       1970         273          3852            8.3         15.2     1.340       4.5        6.2
        6       1970         274          8625            8.5         15.2     1.130       5.1       11.5
        6       1970         275          8960            6.3         14.9     1.070       8.7       11.8
        6       1970         276          9127            8.2           15     1.060       9.2          6
        6       1970         277          5862            7.9         14.4     1.150       5.3        4.4
        6       1970         278          2554           12.9         15.5     1.420       7.2          0
        6       1970         279          4061           11.2         15.5     1.340         5        2.2
        6       1970         280          4145            8.4           14     1.210       3.5          0
        6       1970         281          5527            3.4         13.9     1.070       2.6        0.2
        6       1970         282          9797            1.8         15.9     1.020         2        0.1
        6       1970         283          7243            6.9         16.9     1.280       2.4          0
        6       1970         284          3894           10.2         14.1     1.380       4.1        0.2
        6       1970         285          4605           10.0           15     1.320       3.9          0
        6       1970         286          2596            9.3         14.3     1.350       2.3        0.1
        6       1970         287          4312            7.0         13.1     1.080       3.6        0.1
        6       1970         288         10090            3.2         12.3     0.800       3.2          0
        6       1970         289          9295            1.5         13.5     0.810       2.6          0
        6       1970         290          9672            2.1         15.9     0.910       2.5          0
        6       1970         291          5568            3.1           14     1.100       5.9          0
        6       1970         292          6783            4.2         12.9     1.000       8.7        6.9
        6       1970         293          5108            3.5         10.3     0.880         5        5.2
        6       1970         294          6490            6.3         13.6     0.930       5.2        9.9
        6       1970         295          7118            5.9         12.2     0.870       4.6        1.4
        6       1970         296          6992            5.4         12.4     0.830       1.7        0.4
        6       1970         297          1382            7.2         11.9     1.210       4.8          3
        6       1970         298          1298           10.7         12.3     1.250       8.5        2.4
        6       1970         299          3726            5.2         12.4     1.020       6.5        3.2
        6       1970         300          5610            4.4         10.7     0.840         4        3.6
        6       1970         301          1047            6.8           13     1.130         7        6.6
        6       1970         302          1382            7.3         12.5     1.090       4.8        0.3
        6       1970         303          1005           11.8         14.5     1.410      11.1          4
        6       1970         304          1382            9.6         13.6     1.250       6.5        6.8
        6       1970         305          3098            8.9         13.8     1.040      10.3        0.7
        6       1970         306          1172            7.6         14.1     1.170       3.5       11.1
        6       1970         307          3098            9.2         13.4     1.130       9.3       14.9
        6       1970         308          3308            7.4           12     0.990       6.2          1
        6       1970         309          5568            6.5         11.3     0.910       8.1       10.9
        6       1970         310          3810            2.5          9.7     0.840       3.2        2.8
        6       1970         311          1047           -2.9          3.5     0.670       2.8          0
        6       1970         312          2261           -4.2          9.4     0.660       5.3        2.8
        6       1970         313          3559            5.4           10     0.860       9.4        9.7
        6       1970         314          4605            1.4          9.1     0.770       4.7          1
        6       1970         315          1089            4.9         12.1     1.170       8.2          6
        6       1970         316          1005            5.5           12     1.020       7.1        3.3
        6       1970         317          4857            3.0          8.3     0.760       5.9          6
        6       1970         318          3726            1.3          8.1     0.730       4.9          0
        6       1970         319          3810            1.1          8.1     0.760       2.3          0
        6       1970         320          4689            0.7          8.1     0.700       4.8        1.1
        6       1970         321          1047            2.7          5.6     0.780       3.8        1.8
        6       1970         322          1256            4.2         11.6     1.050       7.1        8.9
        6       1970         323          2847            6.6         14.3     1.090       9.1        1.6
        6       1970         324          4229            2.3          8.7     0.820       5.4        2.3
        6       1970         325          4145            3.0          8.9     0.850       5.8        0.8
        6       1970         326          2345           -1.2          6.3     0.720         2          0
        6       1970         327          3056            2.3          7.4     0.770         5        0.1
        6       1970         328          3768            3.7         11.3     0.690       4.3          0
        6       1970         329          3852            0.6          9.8     0.670       3.3          0
        6       1970         330          2386            2.8          9.8     0.950       3.1          0
        6       1970         331           963            4.2          6.9     0.900       2.8        0.3
        6       1970         332          2847            2.9          7.5     0.820       4.2          0
        6       1970         333           754            6.7         11.8     1.040       3.9        4.1
        6       1970         334          1717            7.1         12.3     0.990         6        0.3
        6       1970         335          1298            6.5          8.3     0.970         5        2.6
        6       1970         336          1591            3.3          8.1     0.900       6.2        1.1
        6       1970         337          2303            0.2           10     0.870       6.3        6.5
        6       1970         338          1047           -1.1            9     0.830       4.4        4.4
        6       1970         339          2721            3.0          9.6     0.870       5.2        2.8
        6       1970         340           963            3.8          8.3     0.850       7.1        3.4
        6       1970         341          1424            0.9          7.8     0.780       4.4        2.3
        6       1970         342          3224           -1.2          8.5     0.720       2.5          0
        6       1970         343           963            3.4          8.9     0.890       3.4          0
        6       1970         344          1968            4.6          9.8     0.990       2.3        0.2
        6       1970         345           377            4.7          7.2     0.840       2.8          0
        6       1970         346          3014           -1.0          4.7     0.630       3.3          0
        6       1970         347           712            1.3          6.7     0.830       4.5          0
        6       1970         348          1591            3.0          7.2     0.760       4.5        0.8
        6       1970         349          2052            2.8          6.6     0.740       2.8          0
        6       1970         350          1382            1.4          5.6     0.630         4          0
        6       1970         351          1172           -2.5          4.2     0.620       5.5        0.8
        6       1970         352          1005            2.7          5.1     0.820         4        0.1
        6       1970         353          1005            4.8          8.7     1.010         4        0.1
        6       1970         354           628            0.7          8.2     0.850       5.7        1.1
        6       1970         355          2470            0.2          4.4     0.600       5.9        8.4
        6       1970         356          3182           -4.2            2     0.530       3.1        1.8
        6       1970         357          1884           -9.4         -2.8     0.390       1.8          0
        6       1970         358          2973           -9.8         -1.1     0.410       2.7        0.5
        6       1970         359          6071           -7.7           -1     0.410       2.2        0.8
        6       1970         360          2093           -8.7         -3.4     0.370       3.5        1.1
        6       1970         361          1130           -8.5         -4.2     0.350       5.2          0
        6       1970         362          1130           -5.0          0.8     0.490       7.4          1
        6       1970         363          1005           -2.0          0.3     0.560       3.3          7
        6       1970         364          3224          -13.2          0.4     0.410       4.6        0.3
        6       1970         365          1549          -10.3         -2.2     0.340       2.1        3.4
