* Country: Netherlands
* Station: Eelde
* Year: 1988
*  Source: Weather data and coordinates from
*  Eelde (KNMI)
*  Author: J. W. Steenhuizen PRI Wageningen
*  Longitude: 235.030 Amersfoortse coordinates
*  Latitude: 571.460
*  Elevation: 4.0 m.
*  Comments: For internal use only
*  Columns:
*  ========
*  station number
*  year
*  day
*  irradiation (kJ m-2 d-1)
*  minimum temperature (degrees Celsius)
*  maximum temperature (degrees Celsius)
*  vapour pressure (kPa)
*  mean wind speed (m s-1)
*  precipitation (mm d-1)
*--------------------------------------------------------------------------*
   6.35 53.08 4.0 0.00 0.00
       6     1988        1     1270      6.9     10.5    0.970    9.5     7.1
       6     1988        2      280      7.6     12.8    1.150   12.5     6.7
       6     1988        3     1530      4.8      8.7    0.900   11.5     6.4
       6     1988        4      790      4.9      8.6    0.870    9.5     4.2
       6     1988        5      520      5.7     10.7    0.990    6.5    15.2
       6     1988        6     1660      6.4      9.7    0.990    8.5    16.7
       6     1988        7      920      3.4      7.5    0.830    8.5     2.5
       6     1988        8     3440      1.9        7    0.750    3.5     0.1
       6     1988        9     1280      1.7      7.2    0.780    6.5       0
       6     1988       10      910        6      8.7    1.040      3     7.9
       6     1988       11     2760      2.3      6.8    0.780      6     6.1
       6     1988       12     1500      1.5      5.1    0.730      5       0
       6     1988       13     2120      0.9      6.8    0.670      6       0
       6     1988       14     1020      0.7      7.2    0.740    3.5       0
       6     1988       15     1280     -1.9      4.9    0.710    2.5       0
       6     1988       16     1090      1.7      3.7    0.720      2       0
       6     1988       17      580      1.8      5.8    0.830      4     0.4
       6     1988       18     1950      1.7        5    0.730    3.5       0
       6     1988       19     2090      2.5      6.1    0.780      4       0
       6     1988       20     1420      4.1      7.3    0.830      5     0.5
       6     1988       21     2120      1.6      6.2    0.780    5.5       0
       6     1988       22      590      0.4      3.2    0.690      5     5.8
       6     1988       23     3600        0      5.4    0.690      4     0.7
       6     1988       24      740        2      9.6    0.910      6     8.6
       6     1988       25      980      5.3      9.3    0.940      7    11.7
       6     1988       26     1050      5.2      7.4    0.920    4.5     2.8
       6     1988       27     2470     -2.4      7.3    0.740      3       0
       6     1988       28      410     -1.3      8.5    0.840      5     6.1
       6     1988       29     3590      5.8     10.8    0.960    6.5     4.4
       6     1988       30     2190      3.5      7.3    0.810      6     1.7
       6     1988       31     1490      2.8      6.5    0.800      6       1
       6     1988       32      940      1.8      8.1    0.800    8.5     9.1
       6     1988       33     1910      1.7      8.3    0.830     11     7.9
       6     1988       34     4840      1.3      7.4    0.780      8     1.3
       6     1988       35     2080      4.3      8.3    0.870    8.5     2.5
       6     1988       36     4480      4.7      8.2    0.830      8     1.9
       6     1988       37     4840      0.2      7.1    0.720    6.5    21.4
       6     1988       38     4380      1.2        8    0.670      8     0.4
       6     1988       39     2290      0.5      5.1    0.700     10    10.8
       6     1988       40     2820      2.4      8.7    0.720    9.5     4.5
       6     1988       41      770      0.9      5.9    0.680   11.5     9.8
       6     1988       42     4280        0      6.4    0.690      6       1
       6     1988       43     4500     -1.4      5.8    0.660      4     1.4
       6     1988       44     7640     -0.7        7    0.640      5       0
       6     1988       45     3540      1.9      8.6    0.580    5.5       0
       6     1988       46     6830        0      9.3    0.580      3       0
       6     1988       47     2550      0.2      6.4    0.690      6     1.2
       6     1988       48     2750      2.2      6.9    0.790    8.5     3.1
       6     1988       49     1920      1.5      6.8    0.850      6     0.9
       6     1988       50     5920      4.2      7.8    0.830      8     0.3
       6     1988       51     5440      2.3        8    0.800      3     0.7
       6     1988       52     2030      2.8      8.1    0.890    4.5     0.1
       6     1988       53     6100      1.2      8.7    0.790    6.5     4.3
       6     1988       54     4510      1.9        6    0.720      7     3.2
       6     1988       55     3940     -0.1      3.1    0.580    5.5     1.8
       6     1988       56     3370     -0.4      1.4    0.600    5.5     1.5
       6     1988       57     2200        0      1.7    0.570    7.5     0.2
       6     1988       58     2050     -1.5      2.2    0.590    4.5       0
       6     1988       59     6580      0.5      6.4    0.690    9.5     7.7
       6     1988       60     6380      0.2      5.5    0.640    8.5       4
       6     1988       61     6950     -1.6      2.5    0.570      5     3.2
       6     1988       62     9090     -3.7      5.6    0.610      4     0.5
       6     1988       63     2330      0.7        4    0.670    7.5     3.6
       6     1988       64    10100     -0.4      6.8    0.610    5.5       0
       6     1988       65     6780     -1.8      3.8    0.610      6     3.8
       6     1988       66     4060        1      6.1    0.760    7.5    10.3
       6     1988       67     9140      0.2        7    0.640    7.5     0.6
       6     1988       68     8740     -2.9      5.1    0.520      3       0
       6     1988       69     5230     -2.4      5.4    0.640      4     0.3
       6     1988       70     4710      2.6      8.8    0.830    4.5     7.5
       6     1988       71     4230      1.4        7    0.800    7.5     1.5
       6     1988       72    10420     -1.1      6.6    0.640      6     0.4
       6     1988       73     4720     -2.2      4.4    0.600      3     4.6
       6     1988       74    11370     -3.1      6.3    0.580    3.5       0
       6     1988       75     1570      0.3        9    0.860    7.5    12.5
       6     1988       76     2740      3.5      7.2    0.840      9     3.2
       6     1988       77    12430     -1.1      6.9    0.560    5.5     0.1
       6     1988       78    13430     -1.9      7.4    0.580    3.5       0
       6     1988       79     2800     -0.1      7.2    0.720      6     3.1
       6     1988       80     4800      6.1     11.7    1.090    5.5     4.9
       6     1988       81     2220      5.7      9.2    1.070    2.5     7.8
       6     1988       82     1520      4.1      7.4    0.890    4.5     2.1
       6     1988       83     5370      3.5       10    0.930    4.5       2
       6     1988       84     6330      3.4      8.7    0.870      7     6.9
       6     1988       85     4510      4.1      8.3    0.880    5.5       1
       6     1988       86     9480      4.1      9.7    0.840      8     5.8
       6     1988       87     6550      2.5      8.7    0.830    7.5     6.1
       6     1988       88     8540     -1.4      9.8    0.810    3.5     3.4
       6     1988       89     5900      5.3      9.2    0.930    3.5     4.2
       6     1988       90     5700      3.3     10.8    0.940    3.5       2
       6     1988       91     5960      3.8      9.6    0.880      4       0
       6     1988       92    12690      1.8       11    0.800    4.5       0
       6     1988       93    15000     -1.3     12.5    0.770    2.5       0
       6     1988       94    10190     -0.7     10.2    0.840      3       0
       6     1988       95     7960      1.9      9.5    0.810      5       0
       6     1988       96     7050      2.4        9    0.850    5.5       0
       6     1988       97    18420      1.6     12.4    0.820      5       0
       6     1988       98    13510      2.8       14    0.960    5.5       0
       6     1988       99     8300      2.3        9    0.810    5.5     0.3
       6     1988      100    12120     -1.7      6.2    0.570      4     1.5
       6     1988      101    12670     -2.4      9.6    0.670    8.5       0
       6     1988      102    11890      2.9     13.2    0.900    5.5       0
       6     1988      103    12980     -0.8     12.9    0.810    3.5       0
       6     1988      104    19600     -1.3      8.8    0.590    5.5       0
       6     1988      105    21060     -3.8       13    0.480      3       0
       6     1988      106    20640      4.5     18.2    0.610      4       0
       6     1988      107     8210      9.1     20.1    1.160    3.5     0.4
       6     1988      108     8030      5.8     15.6    1.290    3.5     0.1
       6     1988      109    19200      3.5     20.4    1.090      2       0
       6     1988      110    14250      9.8     24.4    1.450    2.5       0
       6     1988      111    10010        8     15.9    1.220      7       0
       6     1988      112     9200      5.8     13.3    1.050    6.5       0
       6     1988      113    19870      2.4      9.1    0.600    5.5       0
       6     1988      114    19280     -1.8        8    0.440      5       0
       6     1988      115    24450     -2.4      8.9    0.460      3       0
       6     1988      116    18530     -3.3     10.4    0.600    2.5     0.1
       6     1988      117    19880     -1.8     11.3    0.550      3       0
       6     1988      118    20670        1     13.6    0.540    5.5       0
       6     1988      119     4610      3.8      9.2    0.690    4.5     1.6
       6     1988      120    14850      3.5     14.7    0.880    3.5       0
       6     1988      121    16850      4.7       21    0.920    2.5       0
       6     1988      122    12970      7.1     22.5    1.120    2.5       0
       6     1988      123    18380     10.4     20.7    1.130      4       0
       6     1988      124    11190      8.1     16.7    1.120      4     0.3
       6     1988      125    10610      9.6     14.6    1.160    5.5     6.2
       6     1988      126    15420      8.5     15.9    1.140    5.5       0
       6     1988      127    21770        6     17.7    1.000    2.5       0
       6     1988      128    23760      3.8     20.2    0.970    5.5       0
       6     1988      129     6810     12.4     17.6    0.970    5.5       0
       6     1988      130    17160     12.9     24.3    1.150    3.5       0
       6     1988      131    22780      8.5     21.8    0.880    4.5       0
       6     1988      132    26140      6.8       21    0.800      5       0
       6     1988      133    22780      9.9     24.7    1.040      6       0
       6     1988      134    24660     12.6     24.8    1.000    5.5       0
       6     1988      135    24650     12.2     24.9    1.040      6       0
       6     1988      136    25250      9.4       25    1.030      6       0
       6     1988      137    24350       10       26    1.090    4.5       0
       6     1988      138    18820      4.5     16.6    1.060      5       0
       6     1988      139    16140      1.4       14    0.780    2.5       0
       6     1988      140    12340      0.7     13.8    0.810      3       1
       6     1988      141    13950      1.2     12.9    0.820    4.5     0.5
       6     1988      142    24830        0     15.7    0.690    2.5       0
       6     1988      143    26460      0.7     17.3    0.810    2.5       0
       6     1988      144    27470      5.6     21.4    0.840      4       0
       6     1988      145    18840      9.8     19.2    1.160    3.5     4.1
       6     1988      146    24080      8.6     25.6    1.270    2.5       0
       6     1988      147    19490     14.4     30.2    1.460      4       0
       6     1988      148    13340     12.5     17.6    1.550    4.5       0
       6     1988      149    11330     11.6     19.3    1.520      3       0
       6     1988      150    15790      9.3     21.7    1.260      4     0.4
       6     1988      151    16610      8.6     20.9    1.190      5     1.3
       6     1988      152     9620      9.5     16.1    1.270    6.5    19.7
       6     1988      153    17510      8.5       18    1.250      6     5.8
       6     1988      154    12640      8.2     18.2    1.370    4.5     5.9
       6     1988      155    20420     10.4     18.6    1.230      6     2.5
       6     1988      156    14800      7.2     17.3    1.180      4     1.9
       6     1988      157    17900      6.5     15.9    1.100      4     0.6
       6     1988      158    11280        8     15.2    1.070      4       0
       6     1988      159     3850     11.3     15.3    1.490      3     1.7
       6     1988      160     4110     13.2     16.4    1.630    2.5    20.2
       6     1988      161     2690     13.5     16.3    1.690    2.5     2.2
       6     1988      162    13110     10.6     21.7    1.690      3       0
       6     1988      163     8870     10.1     17.4    1.340      6       0
       6     1988      164    31100      7.6     20.3    0.890      6       0
       6     1988      165    28960        8     22.1    1.050    3.5       0
       6     1988      166    14890      6.2     17.6    1.320      4       0
       6     1988      167    10050     12.5     18.4    1.390    3.5       0
       6     1988      168     9800     11.9     15.8    1.250    2.5       0
       6     1988      169    19410     11.6     19.6    1.420      3       0
       6     1988      170    13080     11.7     16.4    1.220      4       0
       6     1988      171    11620     11.4     16.6    1.190    4.5       0
       6     1988      172    10990     12.4     17.6    1.360      4     0.4
       6     1988      173    20390     11.7     22.6    1.500    2.5       0
       6     1988      174    21030      9.9     17.3    1.280    6.5     2.4
       6     1988      175    12890      9.9     17.2    1.260    5.5       0
       6     1988      176     6880     12.7     16.5    1.400    4.5       0
       6     1988      177     8710     12.7     17.8    1.510    4.5       0
       6     1988      178     9260     12.9     19.8    1.590    3.5       0
       6     1988      179     9350     12.7     19.3    1.660    2.5     0.1
       6     1988      180    14470     12.4     21.7    1.630      3     0.8
       6     1988      181    10790      8.7     18.9    1.510      3       0
       6     1988      182    18710      6.4     24.9    1.700      2     3.6
       6     1988      183    11570     13.5     21.6    1.810      3    16.4
       6     1988      184    18760     10.2     19.4    1.300      4     3.8
       6     1988      185    15660     10.4     18.7    1.410    5.5       8
       6     1988      186    17910     12.9     21.9    1.510      5     0.4
       6     1988      187     6190     11.7     17.3    1.590    2.5      15
       6     1988      188    17880     11.3     20.9    1.500    3.5     3.9
       6     1988      189    18480     12.4     19.8    1.480      4     3.8
       6     1988      190    14960     11.4     18.1    1.430      4     2.2
       6     1988      191    13650     10.6       18    1.380      4     2.2
       6     1988      192    20600     10.1     22.8    1.500      4       0
       6     1988      193    17360       11     20.2    1.540      4     5.2
       6     1988      194    14910     10.4     20.1    1.460      3       0
       6     1988      195     5780      9.5       18    1.510      2     8.5
       6     1988      196    10220     11.2     17.6    1.550      4    16.8
       6     1988      197    10230     12.3     17.8    1.530    5.5     7.3
       6     1988      198    12410     12.3     18.4    1.580      6    14.4
       6     1988      199    10850     12.9     18.9    1.570    2.5     1.1
       6     1988      200     6890     10.8     16.5    1.470    4.5     4.4
       6     1988      201    13560      8.3     19.2    1.450    2.5       0
       6     1988      202     8030     10.6     19.9    1.620    2.5     0.8
       6     1988      203     7310      9.7     19.8    1.610      2     1.5
       6     1988      204     3780     13.6     19.8    1.950    4.5    14.5
       6     1988      205    11890     16.5     26.1    2.240    3.5    21.5
       6     1988      206    12600     12.1     19.5    1.650      5     0.5
       6     1988      207    21570     11.3     21.8    1.450    4.5       0
       6     1988      208     6720       12     17.1    1.590      3     4.2
       6     1988      209    16800      9.4     18.9    1.390    3.5     1.8
       6     1988      210    19240      9.4     20.9    1.400    3.5       0
       6     1988      211    19540     11.3     17.8    1.280      7     0.1
       6     1988      212    19200     10.1     19.3    1.250    5.5       0
       6     1988      213    17510     10.8     19.8    1.390    4.5     1.5
       6     1988      214    17730     11.4     22.4    1.450    2.5       0
       6     1988      215    18930      8.6     19.2    1.260      2       0
       6     1988      216    19300        7       19    1.160    2.5       0
       6     1988      217     9040      8.6     20.4    1.440    4.5       0
       6     1988      218    15730      7.6     21.1    1.480      3       0
       6     1988      219    20970     10.5     25.1    1.700      3       0
       6     1988      220    18590     10.7     24.3    1.770    2.5       0
       6     1988      221    22100     13.5     24.7    1.580      4       0
       6     1988      222    16890     13.1     24.8    1.920    2.5       0
       6     1988      223    16180     15.4       24    1.800    1.5       0
       6     1988      224    12020     12.8     19.2    1.620      4     8.1
       6     1988      225    12450     13.5     21.3    1.520      5       0
       6     1988      226    13710     11.3     19.9    1.440    4.5       0
       6     1988      227    20860     11.5       25    1.600    3.5       0
       6     1988      228    13760      8.7       19    1.430    4.5       0
       6     1988      229    15950      8.5     20.1    1.350      3       0
       6     1988      230    18540      6.9     20.5    1.220      2       0
       6     1988      231    19680        9     24.4    1.450      3       0
       6     1988      232     7560     13.2     21.8    1.650    4.5     1.5
       6     1988      233    13140     11.3     18.5    1.430    5.5     3.5
       6     1988      234     7180     11.8     16.4    1.550      4    15.6
       6     1988      235    11150      9.6     17.8    1.420    4.5     2.2
       6     1988      236    16040      8.6       19    1.340    3.5       0
       6     1988      237     9950     11.1       17    1.460      4     0.5
       6     1988      238    10670     11.6       17    1.390      5    29.6
       6     1988      239    12660      8.2     17.1    1.350      5     7.6
       6     1988      240     5220      6.6     19.8    1.680      3     0.2
       6     1988      241    15020     14.1     25.8    1.990    4.5    21.5
       6     1988      242    15910     10.3     17.6    1.340    4.5     0.4
       6     1988      243    15260     10.7     18.8    1.400    4.5       0
       6     1988      244    14160     10.9     21.1    1.380    3.5     3.7
       6     1988      245     6180     10.3     19.6    1.580    3.5     3.8
       6     1988      246    11140     10.1     17.6    1.370    5.5     1.2
       6     1988      247     9390      9.8     16.8    1.340      4     0.8
       6     1988      248    16340      7.5     18.4    1.240      4     0.2
       6     1988      249     6250      7.5     17.2    1.400    2.5       0
       6     1988      250    17380      7.8       19    1.360    2.5       0
       6     1988      251    16460      6.7     20.8    1.330    1.5       0
       6     1988      252    17130      9.4     21.6    1.240    2.5       0
       6     1988      253    15540       10       24    1.360    1.5       0
       6     1988      254     8730      8.6     18.4    1.510    2.5       0
       6     1988      255     6210      8.3     19.2    1.500    4.5     0.7
       6     1988      256     6990      7.4     15.6    1.220    5.5     4.7
       6     1988      257    11890      9.5     16.6    1.270    5.5    19.3
       6     1988      258    12800        9     16.8    1.290      5     2.3
       6     1988      259     9850      9.3     16.7    1.330    3.5     4.6
       6     1988      260     5130       12     15.1    1.420    4.5     4.5
       6     1988      261     6430     11.9       16    1.420      4     0.5
       6     1988      262     5020     11.2     15.7    1.540    4.5     1.6
       6     1988      263     7020     10.9     15.8    1.430    3.5       0
       6     1988      264     4560     12.1     14.9    1.360      3       0
       6     1988      265     3800      9.8       15    1.310      2       0
       6     1988      266    10880      8.1     19.5    1.410      3       0
       6     1988      267     5750     10.5     16.3    1.290    7.5    15.6
       6     1988      268     8050      7.5     15.3    1.160      8     2.4
       6     1988      269    11160        6       17    1.310    3.5     1.1
       6     1988      270     3230     12.2     17.8    1.630      8     5.3
       6     1988      271     2900     14.4     17.7    1.740      6    10.9
       6     1988      272     6600     11.4     18.2    1.480      8     5.7
       6     1988      273     8050      6.2     13.9    1.100      6     2.4
       6     1988      274    12640      2.7     14.4    0.910    2.5       0
       6     1988      275    10730      1.1     14.8    0.900      1       0
       6     1988      276    11710      3.3     16.3    1.000      2       0
       6     1988      277    10560      4.1     17.4    1.180    1.5       0
       6     1988      278     4010     10.2     14.7    1.300      2       0
       6     1988      279     2710      9.3     14.2    1.270    3.5     4.4
       6     1988      280     2260      7.6     12.2    1.170    5.5    12.3
       6     1988      281     7570      7.3     13.3    1.040     10    10.2
       6     1988      282     7340      8.1     12.1    1.090    9.5     1.9
       6     1988      283     1460     10.3     13.5    1.350    7.5    28.6
       6     1988      284     6860        3     12.5    1.030      5       8
       6     1988      285     7010        1     11.1    0.930      3       0
       6     1988      286     1840        9     11.2    1.200    2.5       0
       6     1988      287     8980        7     15.4    1.150    2.5       0
       6     1988      288     8590      8.3     17.2    1.340    2.5       0
       6     1988      289     1460     10.4     12.4    1.340    3.5       0
       6     1988      290     3020      9.2     11.4    1.140    3.5       0
       6     1988      291     6720      7.1     14.5    1.110      3       0
       6     1988      292     7050      7.1     13.4    1.100    4.5       0
       6     1988      293     2570      7.3     10.7    1.070      5       0
       6     1988      294     3130      7.4     11.3    1.060    3.5     0.2
       6     1988      295     2100      9.8     14.6    1.330      2     0.1
       6     1988      296     2310      8.6     13.7    1.340    1.5       0
       6     1988      297     2710      7.8     12.5    1.230      1       0
       6     1988      298     3530      7.1       13    1.170    1.5     0.4
       6     1988      299     3190      5.1      9.1    0.900    3.5     0.2
       6     1988      300     3190      4.4     12.3    1.010      5       0
       6     1988      301     5320       11       18    1.260      7       0
       6     1988      302     5000      3.8     14.6    1.100      7       0
       6     1988      303     6610      0.7      9.7    0.730      4     1.8
       6     1988      304     4960      1.2      9.1    0.780    2.5     1.9
       6     1988      305     4500      4.2     11.1    0.910      4     1.8
       6     1988      306     3300      4.6     10.8    0.980      6     1.8
       6     1988      307     5770     -0.5      9.7    0.710      4       1
       6     1988      308     7050     -3.8      5.4    0.510    1.5       0
       6     1988      309     7020     -3.3      4.7    0.470    3.5       0
       6     1988      310     5220     -3.9      4.4    0.510      3       0
       6     1988      311     2410     -0.7        7    0.760    2.5       0
       6     1988      312     5790      0.1     10.4    0.770      2       0
       6     1988      313     3780     -0.1      7.6    0.780    4.5       0
       6     1988      314     2060        1      9.2    0.830    4.5     7.6
       6     1988      315     1480      7.7     12.4    1.270      4       0
       6     1988      316     1690     10.6     13.9    1.390    2.5     1.3
       6     1988      317     1040      7.4     10.9    1.140      1     1.7
       6     1988      318     3730      5.6     10.9    0.990      6     0.8
       6     1988      319     1830        5     11.2    1.120    5.5     0.9
       6     1988      320     2720      3.8       12    1.120      4     0.3
       6     1988      321     1740      4.8      9.7    1.030      3       0
       6     1988      322     3580      3.4      8.6    0.920    4.5     0.5
       6     1988      323     1040        6     10.8    1.080      7     5.4
       6     1988      324     2220      0.5      6.4    0.730    3.5     5.1
       6     1988      325     3840       -4      3.4    0.580    2.5     1.3
       6     1988      326     6730     -8.7      4.2    0.440    1.5     1.7
       6     1988      327     1520     -6.3      6.1    0.720      5       6
       6     1988      328     2000      3.6        8    0.880      3     0.7
       6     1988      329     1060        6      8.1    0.910    4.5     0.1
       6     1988      330     1130      5.7      9.3    0.960      4     0.4
       6     1988      331     1290      5.6        8    0.840    3.5     0.9
       6     1988      332     2260      1.6      8.2    0.800      3     0.6
       6     1988      333      400      4.5      9.9    0.900    8.5     2.6
       6     1988      334     2740      0.6      9.9    0.740    6.5     0.2
       6     1988      335      210     -1.6      2.3    0.540    5.5    16.4
       6     1988      336      550     -2.4     -1.6    0.460    5.5     0.1
       6     1988      337      560     -2.6     -1.7    0.470      3     0.2
       6     1988      338      850     -2.6      3.6    0.570      3     2.5
       6     1988      339     1110      3.4        8    0.870      7       5
       6     1988      340     3260      2.7        8    0.770      8     2.3
       6     1988      341     1170      2.1        7    0.760      6     9.1
       6     1988      342     2160      0.8      7.4    0.740      4     0.8
       6     1988      343      420        2      8.3    0.920    5.5     3.3
       6     1988      344     2530      1.3      7.9    0.830    3.5       0
       6     1988      345      910      6.9     10.7    1.130    6.5     1.2
       6     1988      346      590      7.7      9.1    1.010    7.5     0.6
       6     1988      347      900      4.5      8.6    0.840      6     3.1
       6     1988      348      600      3.2      9.1    0.910      5     0.2
       6     1988      349      850      5.5      7.5    0.880    4.5     0.5
       6     1988      350      410      3.8      6.5    0.840      2     4.6
       6     1988      351       60      1.9      6.2    0.810      4     2.6
       6     1988      352     2360      0.7      7.5    0.810      4     1.8
       6     1988      353      290        4      9.1    0.970      8     8.7
       6     1988      354      790      4.7      8.6    0.910      7     7.2
       6     1988      355     1490        1      5.1    0.720    2.5     1.5
       6     1988      356      400      3.8      9.3    1.040    5.5     1.6
       6     1988      357     1030      7.9       10    1.040      9     0.8
       6     1988      358      150      7.9      9.8    1.010     10     1.6
       6     1988      359     2090      2.4      8.8    0.790    8.5       0
       6     1988      360     1230      2.1      9.8    1.000    4.5       0
       6     1988      361     1670      9.2     10.7    1.090      7       0
       6     1988      362     2320      4.5     10.9    0.980    6.5       0
       6     1988      363      430      5.3     10.3    1.040      5     2.9
       6     1988      364      980        6      8.6    0.970    6.5       0
       6     1988      365      320      4.7      7.1    0.920    5.5       0
       6     1988      366      510      6.4      8.3    1.020      3       0
