*-------------------------------------------------------------------------*
*   Country: Netherlands
*   Station: Eelde
*      Year: 2003
*    Source: Weather data and coordinates from
*            Eelde (Airport)
*    Author:
* Longitude: 235.030 Amersfoortse coordinates
*  Latitude: 571.460
* Elevation: 4.0 m.
*  Comments: For internal use only           
*  Columns:
*  ========
*  station number
*  year
*  day
*  irradiation (kJ m-2 d-1)
*  minimum temperature (degrees Celsius)
*  maximum temperature (degrees Celsius)
*  vapour pressure (kPa)
*  mean wind speed (m s-1)
*  precipitation (mm d-1)
*--------------------------------------------------------------------------*
   6.35 53.08 4.0 0.00 0.00
6   2003   1   1303.86   -5.6   7.9   -99.0   3.8   12.4
6   2003   2   1315.22   1.4   6.8   -99.0   3.4   14.3
6   2003   3   1327.56   -0.3   1.8   -99.0   2.9   2.1
6   2003   4   1781.40   -7.0   -0.2   -99.0   4.0   0.0
6   2003   5   1887.57   -6.3   0.5   -99.0   3.8   1.6
6   2003   6   3292.51   -8.3   -0.8   -99.0   5.0   0.2
6   2003   7   2828.45   -10.3   -3.6   -99.0   1.6   1.3
6   2003   8   1858.34   -11.4   -2.8   -99.0   2.5   0.6
6   2003   9   4446.36   -14.3   -6.5   -99.0   2.5   0.0
6   2003   10   4354.17   -10.2   -3.0   -99.0   2.1   0.0
6   2003   11   3468.37   -12.9   0.4   -99.0   2.7   0.0
6   2003   12   2001.39   -0.5   2.9   -99.0   6.2   0.3
6   2003   13   1505.41   2.6   8.0   -99.0   7.0   10.7
6   2003   14   1528.66   6.6   8.2   -99.0   8.3   0.3
6   2003   15   1698.62   5.1   7.3   -99.0   9.4   0.9
6   2003   16   3100.13   3.4   7.4   -99.0   6.5   0.0
6   2003   17   2448.19   1.8   5.9   -99.0   7.3   0.0
6   2003   18   1882.55   2.0   6.2   -99.0   6.2   0.3
6   2003   19   1761.33   1.6   7.1   -99.0   6.3   2.5
6   2003   20   1689.00   5.8   8.7   -99.0   7.1   1.1
6   2003   21   2914.35   5.3   9.3   -99.0   5.1   0.8
6   2003   22   2381.38   5.7   8.9   -99.0   5.4   5.3
6   2003   23   2155.06   1.9   6.6   -99.0   5.8   0.3
6   2003   24   5101.93   -0.5   6.1   -99.0   3.6   0.0
6   2003   25   1849.74   2.9   5.8   -99.0   6.2   4.0
6   2003   26   2437.01   2.7   8.9   -99.0   5.3   4.0
6   2003   27   2368.15   8.0   10.4   -99.0   6.0   2.1
6   2003   28   2354.18   3.3   8.3   -99.0   8.6   3.1
6   2003   29   2855.89   0.9   5.5   -99.0   4.3   6.2
6   2003   30   2557.33   -2.9   2.5   -99.0   5.6   3.3
6   2003   31   6191.75   -8.8   -1.4   -99.0   3.8   0.0
6   2003   32   3485.47   -8.1   -1.5   -99.0   5.7   1.9
6   2003   33   2156.95   -1.5   3.7   -99.0   6.8   4.8
6   2003   34   5316.65   0.2   4.3   -99.0   6.1   4.4
6   2003   35   4347.94   -0.9   3.1   -99.0   5.3   2.7
6   2003   36   4733.03   -0.1   4.0   -99.0   4.1   1.8
6   2003   37   7096.35   -4.8   2.9   -99.0   2.6   0.0
6   2003   38   2378.95   0.9   5.4   -99.0   4.5   0.1
6   2003   39   2426.00   5.2   7.5   -99.0   3.3   0.1
6   2003   40   2473.89   -0.1   7.0   -99.0   3.5   0.3
6   2003   41   6465.75   -2.7   5.2   -99.0   2.1   0.0
6   2003   42   8189.77   -3.7   3.4   -99.0   2.5   0.0
6   2003   43   2622.61   -4.3   -2.3   -99.0   2.8   0.0
6   2003   44   7392.98   -6.2   1.1   -99.0   4.1   0.0
6   2003   45   7644.56   -8.3   4.2   -99.0   4.0   0.0
6   2003   46   2778.58   -1.2   0.3   -99.0   4.3   0.0
6   2003   47   8665.82   -5.9   0.6   -99.0   3.8   0.0
6   2003   48   9229.13   -9.3   1.9   -99.0   2.7   0.0
6   2003   49   2941.43   -7.7   -1.8   -99.0   4.3   0.0
6   2003   50   7254.23   -4.5   1.8   -99.0   5.5   0.0
6   2003   51   5774.53   -4.4   1.5   -99.0   4.4   0.0
6   2003   52   7011.20   -3.9   4.2   -99.0   3.4   0.0
6   2003   53   7424.49   -3.1   4.7   -99.0   4.0   0.0
6   2003   54   10507.42   -3.5   9.5   -99.0   2.6   0.0
6   2003   55   10492.32   -3.2   12.5   -99.0   2.3   0.0
6   2003   56   10794.72   -2.4   9.2   -99.0   3.2   0.0
6   2003   57   11263.45   -3.8   8.9   -99.0   2.6   0.0
6   2003   58   9282.75   -3.3   9.0   -99.0   3.1   0.0
6   2003   59   9905.62   1.8   13.6   -99.0   2.5   0.0
6   2003   60   7609.46   2.6   12.2   -99.0   3.5   0.2
6   2003   61   3653.09   3.0   9.1   -99.0   2.8   5.3
6   2003   62   3972.77   0.4   7.2   -99.0   2.3   0.0
6   2003   63   7756.21   1.8   8.6   -99.0   4.1   0.5
6   2003   64   4018.40   6.4   13.4   -99.0   3.3   0.0
6   2003   65   3908.17   1.7   8.8   -99.0   4.1   1.8
6   2003   66   5221.15   0.4   9.0   -99.0   4.6   0.5
6   2003   67   4668.68   5.0   8.2   -99.0   9.3   22.0
6   2003   68   5104.38   5.9   10.8   -99.0   7.9   1.5
6   2003   69   7016.76   6.1   12.3   -99.0   8.0   0.0
6   2003   70   4236.54   7.0   11.3   -99.0   7.0   2.4
6   2003   71   6362.33   1.7   8.6   -99.0   5.7   0.0
6   2003   72   13817.27   -2.3   9.5   -99.0   2.3   0.0
6   2003   73   14639.15   -3.7   10.5   -99.0   3.8   0.0
6   2003   74   14799.46   -0.8   9.8   -99.0   3.5   0.0
6   2003   75   14959.42   -4.0   12.3   -99.0   1.3   0.0
6   2003   76   8851.93   -1.4   7.9   -99.0   3.6   0.0
6   2003   77   15376.88   -2.8   12.8   -99.0   2.0   0.0
6   2003   78   4778.01   1.1   5.2   -99.0   3.8   0.0
6   2003   79   5750.69   2.4   5.6   -99.0   2.3   0.0
6   2003   80   14739.46   -0.4   9.9   -99.0   4.3   0.0
6   2003   81   16215.36   -2.6   13.1   -99.0   3.1   0.0
6   2003   82   16579.74   -3.1   16.7   -99.0   1.8   0.0
6   2003   83   15598.19   -1.1   20.0   -99.0   4.0   0.0
6   2003   84   15120.85   2.5   16.8   -99.0   2.4   0.0
6   2003   85   16739.41   -0.6   15.5   -99.0   2.5   0.0
6   2003   86   14878.06   2.3   15.6   -99.0   3.1   0.0
6   2003   87   14803.08   2.4   17.7   -99.0   3.3   0.0
6   2003   88   8158.91   3.9   15.8   -99.0   2.5   0.0
6   2003   89   13340.88   2.3   12.9   -99.0   4.2   0.0
6   2003   90   15864.42   1.1   11.4   -99.0   3.3   0.0
6   2003   91   7323.27   0.9   12.1   -99.0   6.3   8.3
6   2003   92   11052.50   3.5   8.9   -99.0   7.5   1.5
6   2003   93   10932.98   -1.0   8.0   -99.0   6.8   0.0
6   2003   94   7449.59   -2.9   10.9   -99.0   4.7   0.1
6   2003   95   11359.85   1.7   9.0   -99.0   7.8   0.0
6   2003   96   19058.47   -3.1   7.6   -99.0   4.6   0.0
6   2003   97   19432.24   -5.4   7.0   -99.0   3.5   0.0
6   2003   98   14070.43   -5.2   7.4   -99.0   2.7   0.0
6   2003   99   15221.54   -4.3   6.8   -99.0   3.3   0.5
6   2003   100   11161.73   -1.5   5.8   -99.0   2.5   2.0
6   2003   101   12771.82   -0.4   10.8   -99.0   3.8   0.0
6   2003   102   21199.81   -2.3   14.1   -99.0   2.2   0.0
6   2003   103   20989.19   1.2   18.1   -99.0   3.7   0.0
6   2003   104   21484.16   5.5   19.7   -99.0   5.9   0.0
6   2003   105   21623.64   6.2   24.3   -99.0   4.8   0.0
6   2003   106   22000.58   8.4   23.5   -99.0   4.5   0.0
6   2003   107   22377.91   5.4   20.9   -99.0   5.0   0.0
6   2003   108   22151.67   3.3   15.5   -99.0   6.1   0.0
6   2003   109   13549.69   4.3   13.6   -99.0   7.5   0.0
6   2003   110   15835.27   4.5   18.1   -99.0   4.0   0.0
6   2003   111   21319.65   5.5   23.4   -99.0   3.7   0.0
6   2003   112   13577.85   5.1   16.0   -99.0   3.8   0.0
6   2003   113   20697.21   3.6   18.8   -99.0   2.9   0.0
6   2003   114   21802.21   2.8   22.2   -99.0   2.6   0.0
6   2003   115   11724.97   11.0   25.0   -99.0   2.9   0.2
6   2003   116   7309.91   8.3   18.0   -99.0   3.7   17.9
6   2003   117   12628.42   7.8   15.6   -99.0   7.5   0.6
6   2003   118   10569.49   8.5   19.9   -99.0   5.0   1.8
6   2003   119   19463.44   9.0   16.3   -99.0   6.9   0.1
6   2003   120   8555.85   7.0   18.2   -99.0   3.1   2.6
6   2003   121   15975.28   7.7   15.0   -99.0   7.5   7.8
6   2003   122   10456.99   7.3   20.4   -99.0   4.4   4.1
6   2003   123   13456.70   9.0   13.1   -99.0   7.8   3.0
6   2003   124   23001.14   9.0   22.3   -99.0   4.3   0.0
6   2003   125   8591.18   11.5   18.0   -99.0   3.0   0.8
6   2003   126   13537.56   5.2   15.2   -99.0   3.3   3.4
6   2003   127   22379.76   4.0   17.5   -99.0   2.6   0.0
6   2003   128   21561.67   3.6   18.8   -99.0   3.0   0.5
6   2003   129   10233.15   5.5   15.4   -99.0   1.0   0.2
6   2003   130   19646.53   5.0   17.5   -99.0   2.8   0.0
6   2003   131   18027.71   6.2   20.2   -99.0   3.7   0.0
6   2003   132   15224.92   9.2   15.9   -99.0   4.5   2.0
6   2003   133   18164.43   5.0   13.7   -99.0   4.2   9.7
6   2003   134   19409.88   5.7   13.6   -99.0   5.1   7.3
6   2003   135   23415.76   2.5   13.8   -99.0   3.0   0.7
6   2003   136   19672.26   0.8   16.5   -99.0   2.5   0.0
6   2003   137   12091.72   9.3   17.6   -99.0   3.5   2.6
6   2003   138   17024.24   11.1   17.2   -99.0   5.2   8.2
6   2003   139   10997.46   9.5   15.3   -99.0   3.8   10.3
6   2003   140   18721.30   8.9   15.0   -99.0   7.0   12.1
6   2003   141   12675.61   9.8   15.7   -99.0   4.2   4.1
6   2003   142   9134.34   10.6   16.7   -99.0   4.7   2.4
6   2003   143   12230.06   11.9   16.4   -99.0   5.5   9.2
6   2003   144   8809.47   9.8   16.0   -99.0   1.8   2.4
6   2003   145   13908.86   9.1   17.2   -99.0   3.3   3.9
6   2003   146   22754.03   5.7   19.9   -99.0   2.1   0.0
6   2003   147   22267.03   4.8   20.6   -99.0   2.2   0.0
6   2003   148   26456.12   8.2   21.2   -99.0   3.1   0.0
6   2003   149   26904.17   10.6   24.6   -99.0   3.3   0.0
6   2003   150   22931.10   13.5   24.4   -99.0   3.9   0.0
6   2003   151   26321.38   10.8   22.2   -99.0   3.6   0.0
6   2003   152   28775.81   10.5   27.2   -99.0   2.8   0.0
6   2003   153   20492.82   15.4   30.6   -99.0   3.8   19.1
6   2003   154   19181.41   15.6   25.2   -99.0   1.8   0.3
6   2003   155   20285.82   16.1   29.4   -99.0   3.8   6.6
6   2003   156   21793.12   9.2   20.6   -99.0   3.5   0.0
6   2003   157   26125.64   8.1   23.0   -99.0   2.9   0.0
6   2003   158   18480.01   13.9   25.5   -99.0   2.7   0.0
6   2003   159   14057.86   12.5   27.6   -99.0   3.5   5.8
6   2003   160   28356.49   11.1   20.5   -99.0   5.2   0.0
6   2003   161   10589.41   11.6   23.4   -99.0   3.3   0.5
6   2003   162   21792.55   9.5   20.0   -99.0   4.7   0.0
6   2003   163   22617.48   7.9   22.8   -99.0   2.8   0.0
6   2003   164   23440.94   6.9   22.2   -99.0   2.5   0.0
6   2003   165   14820.29   6.2   20.1   -99.0   2.5   0.0
6   2003   166   26432.24   6.3   21.7   -99.0   1.6   0.0
6   2003   167   23877.72   7.8   20.6   -99.0   2.5   0.0
6   2003   168   19026.92   9.0   25.0   -99.0   2.6   0.4
6   2003   169   19301.70   14.5   24.6   -99.0   3.6   3.9
6   2003   170   12152.90   14.8   20.7   -99.0   5.8   3.7
6   2003   171   17956.98   9.7   18.0   -99.0   5.7   0.0
6   2003   172   15932.89   8.3   19.2   -99.0   3.8   0.0
6   2003   173   13502.79   8.4   21.6   -99.0   2.4   0.0
6   2003   174   17681.77   12.7   27.8   -99.0   4.5   0.0
6   2003   175   18620.81   9.2   19.7   -99.0   4.5   0.0
6   2003   176   12006.34   9.5   18.4   -99.0   3.3   0.0
6   2003   177   18066.01   12.3   23.5   -99.0   3.1   0.0
6   2003   178   29242.52   12.5   26.6   -99.0   4.0   0.0
6   2003   179   13867.20   11.9   22.4   -99.0   2.6   1.8
6   2003   180   20724.41   9.2   22.1   -99.0   2.2   0.0
6   2003   181   16265.15   6.5   21.7   -99.0   2.1   4.6
6   2003   182   15037.85   13.1   19.8   -99.0   4.5   1.6
6   2003   183   11657.72   12.2   19.3   -99.0   5.0   11.1
6   2003   184   11506.29   12.7   18.6   -99.0   4.3   1.3
6   2003   185   9741.01   13.6   17.6   -99.0   5.0   0.5
6   2003   186   9453.71   13.7   18.2   -99.0   4.8   0.4
6   2003   187   9031.21   11.9   17.2   -99.0   2.6   0.6
6   2003   188   13168.50   10.4   21.2   -99.0   2.1   0.0
6   2003   189   17432.71   9.6   23.4   -99.0   3.2   0.2
6   2003   190   21956.91   9.7   20.7   -99.0   3.5   0.0
6   2003   191   27409.06   7.8   24.5   -99.0   1.7   0.0
6   2003   192   15867.78   10.8   24.2   -99.0   4.5   0.0
6   2003   193   16636.10   10.0   21.0   -99.0   3.8   0.0
6   2003   194   25009.34   8.4   21.9   -99.0   2.6   0.0
6   2003   195   29097.35   10.9   26.8   -99.0   4.3   0.0
6   2003   196   29045.44   15.7   29.8   -99.0   4.9   0.0
6   2003   197   27527.71   17.9   33.2   -99.0   5.2   1.8
6   2003   198   9930.41   16.0   23.2   -99.0   5.0   6.1
6   2003   199   18390.03   13.7   23.6   -99.0   5.1   2.0
6   2003   200   27224.43   12.7   31.1   -99.0   2.3   0.0
6   2003   201   20543.87   16.5   33.8   -99.0   3.3   8.9
6   2003   202   22737.26   14.5   27.8   -99.0   2.1   0.0
6   2003   203   24262.22   13.0   24.0   -99.0   3.5   0.0
6   2003   204   24462.30   12.1   25.9   -99.0   2.9   0.0
6   2003   205   11500.00   13.1   23.0   -99.0   2.4   7.2
6   2003   206   19073.23   12.6   25.0   -99.0   3.8   3.2
6   2003   207   16258.17   15.9   22.3   -99.0   3.8   0.0
6   2003   208   16200.47   13.5   23.9   -99.0   5.0   0.9
6   2003   209   19799.77   10.4   23.9   -99.0   2.4   0.0
6   2003   210   22991.99   10.2   26.1   -99.0   2.9   0.0
6   2003   211   10682.63   13.4   23.4   -99.0   2.8   12.0
6   2003   212   23746.41   13.2   25.7   -99.0   1.6   0.0
6   2003   213   14204.94   15.5   25.1   -99.0   2.5   0.0
6   2003   214   14788.56   16.5   25.8   -99.0   2.1   0.0
6   2003   215   20397.88   12.6   26.3   -99.0   2.3   0.0
6   2003   216   26364.03   10.7   26.9   -99.0   2.7   0.0
6   2003   217   24212.65   14.0   27.9   -99.0   3.9   0.0
6   2003   218   23221.74   16.0   29.5   -99.0   3.7   0.0
6   2003   219   21084.71   16.2   34.9   -99.0   3.1   0.0
6   2003   220   23921.55   15.5   34.5   -99.0   3.5   0.0
6   2003   221   23820.31   17.3   32.6   -99.0   2.9   0.0
6   2003   222   16124.20   18.5   28.3   -99.0   1.8   0.0
6   2003   223   19574.57   17.6   33.8   -99.0   2.3   0.0
6   2003   224   20737.49   16.3   35.4   -99.0   2.4   0.0
6   2003   225   19258.23   13.6   25.9   -99.0   4.8   0.0
6   2003   226   19785.21   12.1   22.5   -99.0   4.8   0.0
6   2003   227   22049.02   10.2   22.3   -99.0   4.2   0.8
6   2003   228   18712.29   8.8   23.0   -99.0   2.5   0.0
6   2003   229   17869.10   6.3   24.7   -99.0   2.1   0.0
6   2003   230   10750.84   16.0   27.3   -99.0   2.2   0.0
6   2003   231   13128.96   12.1   22.2   -99.0   4.0   6.6
6   2003   232   16341.69   10.2   22.1   -99.0   3.0   0.0
6   2003   233   12470.59   9.5   23.3   -99.0   3.8   0.0
6   2003   234   9962.40   13.2   23.5   -99.0   4.8   0.2
6   2003   235   18450.20   12.9   23.4   -99.0   4.2   0.0
6   2003   236   7168.02   11.5   21.3   -99.0   3.3   0.0
6   2003   237   16067.88   11.6   24.9   -99.0   1.9   0.0
6   2003   238   13104.80   10.4   21.8   -99.0   3.5   0.0
6   2003   239   12535.95   11.4   20.1   -99.0   4.0   0.0
6   2003   240   8435.71   9.7   18.2   -99.0   2.0   0.0
6   2003   241   8360.98   8.6   17.4   -99.0   3.1   2.3
6   2003   242   15751.06   7.6   19.5   -99.0   3.2   2.5
6   2003   243   12619.33   7.8   17.9   -99.0   4.1   8.1
6   2003   244   14366.13   7.9   17.8   -99.0   3.8   4.8
6   2003   245   16550.98   7.2   18.9   -99.0   1.4   0.0
6   2003   246   7181.03   7.0   18.5   -99.0   2.2   0.0
6   2003   247   13236.40   5.6   20.6   -99.0   1.5   0.0
6   2003   248   16963.37   8.6   24.5   -99.0   3.0   0.0
6   2003   249   6064.07   11.8   19.9   -99.0   2.3   1.6
6   2003   250   10008.56   11.9   21.2   -99.0   2.3   0.0
6   2003   251   5816.39   12.3   15.5   -99.0   2.6   38.3
6   2003   252   14003.87   9.4   19.5   -99.0   4.0   6.0
6   2003   253   7976.85   7.6   15.5   -99.0   2.3   4.2
6   2003   254   11152.67   7.5   19.5   -99.0   3.6   2.4
6   2003   255   9536.37   7.1   18.7   -99.0   2.5   0.0
6   2003   256   17156.84   5.9   19.5   -99.0   1.8   0.0
6   2003   257   16687.57   4.0   21.5   -99.0   1.1   0.0
6   2003   258   12629.29   6.6   22.0   -99.0   1.3   0.0
6   2003   259   13766.80   8.7   23.0   -99.0   2.0   0.0
6   2003   260   14156.31   11.8   25.0   -99.0   2.0   0.0
6   2003   261   15880.85   9.9   26.9   -99.0   3.3   0.0
6   2003   262   10295.02   11.7   21.8   -99.0   3.3   0.0
6   2003   263   15172.17   11.4   25.1   -99.0   2.7   0.0
6   2003   264   15124.49   13.4   22.5   -99.0   2.9   0.0
6   2003   265   13372.19   10.9   27.0   -99.0   6.0   6.6
6   2003   266   11645.52   5.5   14.6   -99.0   4.0   4.8
6   2003   267   12111.80   5.1   16.3   -99.0   2.4   0.3
6   2003   268   14032.84   3.3   18.0   -99.0   2.2   0.0
6   2003   269   11173.82   5.3   18.6   -99.0   3.5   0.0
6   2003   270   7977.72   6.0   15.7   -99.0   1.5   0.6
6   2003   271   6357.99   5.7   14.6   -99.0   3.4   21.2
6   2003   272   5991.34   4.7   14.8   -99.0   2.6   2.3
6   2003   273   10581.59   4.2   17.1   -99.0   1.9   0.0
6   2003   274   11152.67   7.5   19.5   -99.0   3.6   2.4
6   2003   275   9536.37   7.1   18.7   -99.0   2.5   0.0
6   2003   276   17156.84   5.9   19.5   -99.0   1.8   0.0
6   2003   277   16687.57   4.0   21.5   -99.0   1.1   0.0
6   2003   278   12629.29   6.6   22.0   -99.0   1.3   0.0
6   2003   279   13766.80   8.7   23.0   -99.0   2.0   0.0
6   2003   280   14156.31   11.8   25.0   -99.0   2.0   0.0
6   2003   281   15880.85   9.9   26.9   -99.0   3.3   0.0
6   2003   282   -99.0   -99.0   -99.0   -99.0   -99.0   -99.0
6   2003   283   -99.0   -99.0   -99.0   -99.0   -99.0   -99.0
6   2003   284   -99.0   -99.0   -99.0   -99.0   -99.0   -99.0
6   2003   285   -99.0   -99.0   -99.0   -99.0   -99.0   -99.0
6   2003   286   -99.0   -99.0   -99.0   -99.0   -99.0   -99.0
6   2003   287   -99.0   -99.0   -99.0   -99.0   -99.0   -99.0
6   2003   288   -99.0   -99.0   -99.0   -99.0   -99.0   -99.0
6   2003   289   -99.0   -99.0   -99.0   -99.0   -99.0   -99.0
6   2003   290   -99.0   -99.0   -99.0   -99.0   -99.0   -99.0
6   2003   291   -99.0   -99.0   -99.0   -99.0   -99.0   -99.0
6   2003   292   -99.0   -99.0   -99.0   -99.0   -99.0   -99.0
6   2003   293   -99.0   -99.0   -99.0   -99.0   -99.0   -99.0
6   2003   294   -99.0   -99.0   -99.0   -99.0   -99.0   -99.0
6   2003   295   -99.0   -99.0   -99.0   -99.0   -99.0   -99.0
6   2003   296   -99.0   -99.0   -99.0   -99.0   -99.0   -99.0
6   2003   297   -99.0   -99.0   -99.0   -99.0   -99.0   -99.0
6   2003   298   -99.0   -99.0   -99.0   -99.0   -99.0   -99.0
6   2003   299   -99.0   -99.0   -99.0   -99.0   -99.0   -99.0
6   2003   300   -99.0   -99.0   -99.0   -99.0   -99.0   -99.0
6   2003   301   -99.0   -99.0   -99.0   -99.0   -99.0   -99.0
6   2003   302   -99.0   -99.0   -99.0   -99.0   -99.0   -99.0
6   2003   303   -99.0   -99.0   -99.0   -99.0   -99.0   -99.0
6   2003   304   -99.0   -99.0   -99.0   -99.0   -99.0   -99.0
6   2003   305   -99.0   -99.0   -99.0   -99.0   -99.0   -99.0
6   2003   306   -99.0   -99.0   -99.0   -99.0   -99.0   -99.0
6   2003   307   -99.0   -99.0   -99.0   -99.0   -99.0   -99.0
6   2003   308   -99.0   -99.0   -99.0   -99.0   -99.0   -99.0
6   2003   309   -99.0   -99.0   -99.0   -99.0   -99.0   -99.0
6   2003   310   -99.0   -99.0   -99.0   -99.0   -99.0   -99.0
6   2003   311   -99.0   -99.0   -99.0   -99.0   -99.0   -99.0
6   2003   312   -99.0   -99.0   -99.0   -99.0   -99.0   -99.0
6   2003   313   -99.0   -99.0   -99.0   -99.0   -99.0   -99.0
6   2003   314   -99.0   -99.0   -99.0   -99.0   -99.0   -99.0
6   2003   315   -99.0   -99.0   -99.0   -99.0   -99.0   -99.0
6   2003   316   -99.0   -99.0   -99.0   -99.0   -99.0   -99.0
6   2003   317   -99.0   -99.0   -99.0   -99.0   -99.0   -99.0
6   2003   318   -99.0   -99.0   -99.0   -99.0   -99.0   -99.0
6   2003   319   -99.0   -99.0   -99.0   -99.0   -99.0   -99.0
6   2003   320   -99.0   -99.0   -99.0   -99.0   -99.0   -99.0
6   2003   321   -99.0   -99.0   -99.0   -99.0   -99.0   -99.0
6   2003   322   -99.0   -99.0   -99.0   -99.0   -99.0   -99.0
6   2003   323   -99.0   -99.0   -99.0   -99.0   -99.0   -99.0
6   2003   324   -99.0   -99.0   -99.0   -99.0   -99.0   -99.0
6   2003   325   -99.0   -99.0   -99.0   -99.0   -99.0   -99.0
6   2003   326   -99.0   -99.0   -99.0   -99.0   -99.0   -99.0
6   2003   327   -99.0   -99.0   -99.0   -99.0   -99.0   -99.0
6   2003   328   -99.0   -99.0   -99.0   -99.0   -99.0   -99.0
6   2003   329   -99.0   -99.0   -99.0   -99.0   -99.0   -99.0
6   2003   330   -99.0   -99.0   -99.0   -99.0   -99.0   -99.0
6   2003   331   -99.0   -99.0   -99.0   -99.0   -99.0   -99.0
6   2003   332   -99.0   -99.0   -99.0   -99.0   -99.0   -99.0
6   2003   333   -99.0   -99.0   -99.0   -99.0   -99.0   -99.0
6   2003   334   -99.0   -99.0   -99.0   -99.0   -99.0   -99.0
6   2003   335   -99.0   -99.0   -99.0   -99.0   -99.0   -99.0
6   2003   336   -99.0   -99.0   -99.0   -99.0   -99.0   -99.0
6   2003   337   -99.0   -99.0   -99.0   -99.0   -99.0   -99.0
6   2003   338   -99.0   -99.0   -99.0   -99.0   -99.0   -99.0
6   2003   339   -99.0   -99.0   -99.0   -99.0   -99.0   -99.0
6   2003   340   -99.0   -99.0   -99.0   -99.0   -99.0   -99.0
6   2003   341   -99.0   -99.0   -99.0   -99.0   -99.0   -99.0
6   2003   342   -99.0   -99.0   -99.0   -99.0   -99.0   -99.0
6   2003   343   -99.0   -99.0   -99.0   -99.0   -99.0   -99.0
6   2003   344   -99.0   -99.0   -99.0   -99.0   -99.0   -99.0
6   2003   345   -99.0   -99.0   -99.0   -99.0   -99.0   -99.0
6   2003   346   -99.0   -99.0   -99.0   -99.0   -99.0   -99.0
6   2003   347   -99.0   -99.0   -99.0   -99.0   -99.0   -99.0
6   2003   348   -99.0   -99.0   -99.0   -99.0   -99.0   -99.0
6   2003   349   -99.0   -99.0   -99.0   -99.0   -99.0   -99.0
6   2003   350   -99.0   -99.0   -99.0   -99.0   -99.0   -99.0
6   2003   351   -99.0   -99.0   -99.0   -99.0   -99.0   -99.0
6   2003   352   -99.0   -99.0   -99.0   -99.0   -99.0   -99.0
6   2003   353   -99.0   -99.0   -99.0   -99.0   -99.0   -99.0
6   2003   354   -99.0   -99.0   -99.0   -99.0   -99.0   -99.0
6   2003   355   -99.0   -99.0   -99.0   -99.0   -99.0   -99.0
6   2003   356   -99.0   -99.0   -99.0   -99.0   -99.0   -99.0
6   2003   357   -99.0   -99.0   -99.0   -99.0   -99.0   -99.0
6   2003   358   -99.0   -99.0   -99.0   -99.0   -99.0   -99.0
6   2003   359   -99.0   -99.0   -99.0   -99.0   -99.0   -99.0
6   2003   360   -99.0   -99.0   -99.0   -99.0   -99.0   -99.0
6   2003   361   -99.0   -99.0   -99.0   -99.0   -99.0   -99.0
6   2003   362   -99.0   -99.0   -99.0   -99.0   -99.0   -99.0
6   2003   363   -99.0   -99.0   -99.0   -99.0   -99.0   -99.0
6   2003   364   -99.0   -99.0   -99.0   -99.0   -99.0   -99.0
6   2003   365   -99.0   -99.0   -99.0   -99.0   -99.0   -99.0

