* Country: Netherlands
* Station: Eelde
* Year: 1968
*  Source: Weather data and coordinates from
*  Eelde (KNMI)
*  Author: J. W. Steenhuizen PRI Wageningen
*  Longitude: 235.030 Amersfoortse coordinates
*  Latitude: 571.460
*  Elevation: 4.0 m.
*  Comments: For internal use only
*  Columns:
*  ========
*  station number
*  year
*  day
*  irradiation (kJ m-2 d-1)
*  minimum temperature (degrees Celsius)
*  maximum temperature (degrees Celsius)
*  vapour pressure (kPa)
*  mean wind speed (m s-1)
*  precipitation (mm d-1)
*--------------------------------------------------------------------------*
   6.35 53.08 4.0 0.00 0.00
       6       1968          1         3768        -2.4        1.9        0.570       3.6      0.3
       6       1968          2         1800        -2.6        1.9        0.580       1.9      0.5
       6       1968          3          586        -4.6        0.5        0.550       3.6      4.0
       6       1968          4         3098        -0.9        2.3        0.550       7.0      3.7
       6       1968          5         1465        -1.3        1.0        0.550       4.7      6.1
       6       1968          6         3140        -7.5       -1.1        0.470       4.0      7.3
       6       1968          7         3726       -10.8       -2.8        0.390       4.3      1.4
       6       1968          8         4103       -17.4        1.0        0.370       2.8      1.3
       6       1968          9         3936       -21.1       -8.8        0.220       3.1      0.0
       6       1968         10         2470       -18.4        2.1        0.450       5.5      3.4
       6       1968         11         1549       -11.9        1.9        0.440       4.9      6.1
       6       1968         12         2010       -19.6       -4.0        0.230       2.8      0.3
       6       1968         13         2847       -20.2       -6.5        0.190       4.9      0.0
       6       1968         14         1842        -6.5        5.7        0.710       8.1     14.3
       6       1968         15         3601         5.1        9.1        0.810      15.3      0.4
       6       1968         16         1089         1.6        8.7        0.850       6.8      0.9
       6       1968         17         2052         5.6        9.1        0.860      10.0      1.5
       6       1968         18         3433         2.8        6.6        0.760       5.7      0.6
       6       1968         19         1340         4.9        6.5        0.870       2.3      0.3
       6       1968         20         1675         1.0        7.1        0.780       2.5      0.0
       6       1968         21         4145        -2.0        4.4        0.610       1.5      0.0
       6       1968         22         1172        -0.4        4.1        0.690       1.6      0.1
       6       1968         23          921        -0.9        4.0        0.630       4.9      1.2
       6       1968         24         3349         0.5        4.2        0.630       8.5      3.5
       6       1968         25         1465         2.4        6.9        0.750       6.9      2.4
       6       1968         26         3475         1.9        5.8        0.610       7.1      2.1
       6       1968         27         1340         2.5        6.2        0.800       5.2      3.2
       6       1968         28         4103         0.5        6.1        0.690       5.1      1.8
       6       1968         29         2386         1.0        5.8        0.700       7.2      0.0
       6       1968         30         1382         5.3        7.5        0.840      10.1      1.9
       6       1968         31          795         6.7        7.9        0.930       7.9      0.4
       6       1968         32         4103         2.1        6.8        0.710       7.5      0.9
       6       1968         33         5610        -1.1        6.3        0.660       6.5      1.9
       6       1968         34          712        -1.2        1.5        0.630       2.9     10.9
       6       1968         35         4982        -1.3        3.9        0.610       3.1      0.0
       6       1968         36         1549        -0.6        1.1        0.550       6.6      3.3
       6       1968         37         7159        -0.4        6.4        0.590       6.4      0.6
       6       1968         38         3014        -0.9        6.9        0.640       5.2      2.2
       6       1968         39         4103         0.7        6.9        0.640       4.4      0.0
       6       1968         40         1926        -1.4        3.4        0.640       3.7      0.6
       6       1968         41         1214        -0.1        3.3        0.630       3.6      0.2
       6       1968         42          837         0.9        3.0        0.640       2.5      0.0
       6       1968         43         6322         0.5        5.6        0.610       3.1      0.0
       6       1968         44         1005         1.3        5.9        0.760       4.4      0.1
       6       1968         45         5610        -0.8        2.2        0.480       4.2      0.0
       6       1968         46         6155        -0.4        3.1        0.520       4.3      0.7
       6       1968         47         6866        -2.0        3.7        0.520       4.1      0.5
       6       1968         48         7829        -5.6        3.4        0.560       4.1      0.3
       6       1968         49         8248        -1.5        6.2        0.560       4.3      0.0
       6       1968         50         6029        -2.1        5.1        0.560       2.9      0.1
       6       1968         51         4647        -2.1        3.5        0.550       2.3      0.0
       6       1968         52         2889        -1.0        2.1        0.570       4.4      3.3
       6       1968         53         3684        -1.0        0.5        0.530       6.6      0.0
       6       1968         54         5652        -1.8        0.9        0.470       7.9      0.0
       6       1968         55         6238        -3.2        0.5        0.440       7.0      0.0
       6       1968         56        10886        -4.7        0.8        0.420       4.3      0.0
       6       1968         57        10467        -6.6        3.0        0.470       1.3      0.0
       6       1968         58         3517        -1.8        3.8        0.650       1.2      0.1
       6       1968         59         1968        -1.4        2.7        0.600       1.9      0.0
       6       1968         60         1800        -1.3        1.4        0.570       3.4      0.2
       6       1968         61         5317        -1.7        3.4        0.530       6.6      0.0
       6       1968         62        11681        -2.6        4.7        0.460       4.4      0.0
       6       1968         63         9169        -5.1        2.6        0.500       2.4      0.0
       6       1968         64         3726        -1.1        7.0        0.720       4.3      0.8
       6       1968         65         4103         3.6        7.4        0.800       6.9      2.6
       6       1968         66         6029         0.4        6.4        0.620      10.2      5.9
       6       1968         67         4103         1.8        3.9        0.610       7.2      0.0
       6       1968         68         4857        -1.6        5.6        0.690       5.4      2.0
       6       1968         69        10928         2.9        7.1        0.670       6.4      0.0
       6       1968         70         3140         0.6        5.6        0.710       7.0      4.1
       6       1968         71         7829        -0.6        4.1        0.530       6.1      1.9
       6       1968         72        11597        -5.9        5.8        0.500       3.9      0.0
       6       1968         73         3224         2.7        7.0        0.720       8.6      3.0
       6       1968         74        11723         2.5        6.9        0.620       7.8      0.7
       6       1968         75         7955        -0.2        6.3        0.650       7.3      6.1
       6       1968         76         9253         0.3        7.3        0.590       8.5      1.5
       6       1968         77         9085         3.7        7.7        0.670      13.7      9.2
       6       1968         78         5945         4.4        8.4        0.630      14.0      0.2
       6       1968         79        10718         2.6        9.6        0.700      10.0      0.5
       6       1968         80         9839         4.1       11.7        0.750       9.7      0.0
       6       1968         81         3810         1.0        9.1        0.740       6.7      3.0
       6       1968         82         8541         1.1        8.0        0.660       7.3      0.5
       6       1968         83         3433         1.2       12.0        0.930       8.2      2.5
       6       1968         84        17333         7.9       19.2        0.900       7.9      0.0
       6       1968         85         8499         5.2       13.4        0.880       5.0      0.0
       6       1968         86        13481         5.2       12.5        0.790       5.6      0.0
       6       1968         87        14779         2.5       14.0        0.750       6.7      0.0
       6       1968         88        15617         1.0       19.6        0.680       2.6      0.0
       6       1968         89         8625         3.6       24.0        0.830       3.1      0.0
       6       1968         90        13440         4.3       17.4        0.870       3.6      0.0
       6       1968         91        10634         4.6       10.1        0.780       5.5      0.8
       6       1968         92         6783         7.4       11.4        0.870       9.0      1.3
       6       1968         93         3894         1.7       10.5        0.930       7.7      4.8
       6       1968         94         8918        -0.8        5.8        0.590       9.0      3.4
       6       1968         95         7913         0.1        6.5        0.680       5.6      3.2
       6       1968         96        12100        -1.9        7.2        0.590       3.6      1.4
       6       1968         97        15072        -2.8        7.5        0.550       4.6      0.2
       6       1968         98        17920        -2.4        7.2        0.470       4.9      0.4
       6       1968         99        16077        -4.1        7.0        0.450       2.7      0.0
       6       1968        100        14068        -5.8        8.8        0.560       3.7      0.0
       6       1968        101        21562        -1.6        8.6        0.530       3.7      0.0
       6       1968        102        12770         0.3        7.8        0.550       3.6      0.0
       6       1968        103        17543        -3.1        8.8        0.590       3.0      0.0
       6       1968        104        12351         2.6       11.5        0.680       4.0      0.0
       6       1968        105        20180         1.1       14.7        0.680       4.5      0.0
       6       1968        106        22358         3.4       16.2        0.590       6.0      0.0
       6       1968        107        20264         3.9       19.1        0.680       6.4      0.0
       6       1968        108        17878         8.1       22.0        0.960       3.1      0.1
       6       1968        109        18757         7.2       25.1        1.060       3.7      0.0
       6       1968        110        19510         7.8       16.4        1.020       5.6      0.0
       6       1968        111        16831         6.7       25.4        1.120       3.3      0.0
       6       1968        112        18254        10.5       28.0        1.250       2.9      0.0
       6       1968        113        16580        12.0       20.8        1.310       3.2      8.4
       6       1968        114        10258         7.6       16.7        1.290       4.1      3.3
       6       1968        115        14821         4.4       15.1        1.030       2.2      0.0
       6       1968        116        23655         0.7       15.9        0.870       2.6      0.1
       6       1968        117        22023         3.1       15.9        0.870       1.9      0.2
       6       1968        118        24283        -0.4       18.7        0.850       2.8      0.0
       6       1968        119         8248         7.0       15.7        1.110       4.2      2.8
       6       1968        120        14654         5.2       17.8        1.090       3.3      2.0
       6       1968        121        12602         8.3       14.4        1.040       3.8      3.0
       6       1968        122        11221         6.2       12.8        0.980       6.4      2.2
       6       1968        123        19176         3.6       14.9        0.950       5.1      0.1
       6       1968        124         9672         5.1       11.6        0.920       1.8      0.1
       6       1968        125         7662         7.1       15.7        1.130       4.2     12.4
       6       1968        126        11346         9.2       13.8        1.090       5.4     10.1
       6       1968        127        10300         5.5       13.1        0.950       1.8      0.0
       6       1968        128        11137         5.1       12.2        0.930       2.7     17.7
       6       1968        129         9965         5.2       10.3        0.870       2.8      0.8
       6       1968        130        14738         4.1       14.8        0.960       3.9      0.1
       6       1968        131        13230         8.7       13.3        1.050       7.4      3.5
       6       1968        132         9378         8.5       14.3        1.030       6.4      2.0
       6       1968        133        10634         1.6       11.6        0.870       3.6      4.1
       6       1968        134         9672         1.2       11.0        0.950       6.8      5.5
       6       1968        135        24200         0.6       12.8        0.810       4.2      0.1
       6       1968        136         4438         2.9       12.5        1.140       4.6     12.7
       6       1968        137         8876         4.7       13.6        1.040       5.2      1.5
       6       1968        138        22190         4.1       11.1        0.750       6.3      1.9
       6       1968        139        18003         4.2       11.4        0.820       3.6      3.8
       6       1968        140        22232         2.5       11.4        0.730       4.1      5.6
       6       1968        141        14026         1.6       11.5        0.770       2.9      0.4
       6       1968        142        18464        -0.2       12.6        0.790       1.8      0.0
       6       1968        143        15784         8.3       16.8        0.940       3.4      0.0
       6       1968        144        23111         5.8       15.9        0.870       4.5      0.0
       6       1968        145        25121         8.3       17.0        0.870       4.6      0.0
       6       1968        146        27382         6.1       18.2        0.890       6.0      0.0
       6       1968        147         6783         7.6       14.3        1.180       3.9      3.4
       6       1968        148        14110        11.4       20.6        1.440       2.3      2.6
       6       1968        149        21520        11.4       21.0        1.430       2.8      0.0
       6       1968        150        13230        10.2       16.8        1.280       4.2      0.0
       6       1968        151        27884         8.7       19.6        1.060       4.8      0.0
       6       1968        152        28093         7.2       21.4        1.090       3.7      0.0
       6       1968        153        28721         9.8       22.1        1.130       3.8      0.0
       6       1968        154        15156         8.8       21.0        1.340       4.0      0.5
       6       1968        155        10928        13.4       18.6        1.520       2.5      0.5
       6       1968        156        22525        12.4       21.4        1.390       3.3      1.3
       6       1968        157         5568        11.5       16.6        1.440       3.3     21.1
       6       1968        158        12267         9.4       16.3        1.300       4.1      2.9
       6       1968        159        15198         5.6       16.8        1.170       3.1      0.6
       6       1968        160         9043         5.8       14.2        1.180       2.3     14.3
       6       1968        161        22023         7.0       15.7        1.030       4.6      0.2
       6       1968        162        23655         7.0       15.4        1.030       4.2      0.0
       6       1968        163        22609         7.4       18.8        1.210       4.0      0.0
       6       1968        164        31401         9.2       19.3        1.070       5.4      0.0
       6       1968        165        30019        11.5       22.4        1.200       5.7      0.0
       6       1968        166        29684        11.7       25.2        1.390       4.2      0.0
       6       1968        167        24032        13.8       26.3        1.730       2.8      0.0
       6       1968        168        24828        15.8       27.4        1.940       3.6      0.0
       6       1968        169        19092        12.7       24.5        1.830       3.1      0.0
       6       1968        170        19678        10.5       21.8        1.560       3.0      0.3
       6       1968        171        21604        11.7       25.1        1.630       2.3      2.8
       6       1968        172        16705        11.8       18.8        1.410       4.8      2.9
       6       1968        173        13481         7.7       15.7        1.220       4.9     10.1
       6       1968        174        13398         7.3       16.9        1.290       4.8      1.0
       6       1968        175        20557        11.6       22.1        1.390       4.7      6.0
       6       1968        176        19092         9.9       17.9        1.220       5.8      0.8
       6       1968        177         9672        12.8       20.6        1.570       7.4      2.9
       6       1968        178        19092        12.6       18.7        1.350       7.0      0.5
       6       1968        179         5652        11.3       17.8        1.570       7.5     15.1
       6       1968        180         6866         7.6       18.1        1.480       5.6     16.6
       6       1968        181        18924        10.4       18.6        1.190       2.1      0.0
       6       1968        182        26126         9.6       24.1        1.630       1.9      0.0
       6       1968        183        25623        14.5       28.3        2.010       3.2      0.0
       6       1968        184        27758        15.5       29.5        1.740       5.7      0.0
       6       1968        185        22148         9.1       19.7        1.290       4.7      0.0
       6       1968        186        28303         7.0       21.7        1.200       2.3      0.0
       6       1968        187        22316        12.2       22.4        1.580       3.0      0.0
       6       1968        188         5485        11.9       19.0        1.590       4.7      8.1
       6       1968        189        20180        10.8       20.1        1.290       5.8      1.2
       6       1968        190        13565        11.8       19.0        1.410       1.5      0.5
       6       1968        191        15826        10.7       18.4        1.310       3.2      0.0
       6       1968        192         7076         9.6       14.4        1.270       4.6      3.2
       6       1968        193         9755        11.0       21.0        1.380       7.1     21.5
       6       1968        194        21227        10.1       17.7        1.120       4.0      0.0
       6       1968        195        17291        10.0       21.1        1.340       3.1      6.0
       6       1968        196        12477        10.6       20.7        1.540       2.7     30.1
       6       1968        197        16663        12.3       20.3        1.450       3.7     13.2
       6       1968        198         9462         9.4       16.3        1.380       4.5      0.7
       6       1968        199        23572         8.9       20.9        1.270       2.7      0.0
       6       1968        200        22525         9.9       20.5        1.360       3.6      0.0
       6       1968        201        12602        11.8       16.8        1.240       4.2      1.1
       6       1968        202        14989         9.5       17.6        1.150       6.1      3.1
       6       1968        203        21227        13.0       19.2        1.400       5.5      1.4
       6       1968        204        11137        12.6       16.1        1.340       3.1      9.7
       6       1968        205        16119        13.3       19.0        1.490       3.8      3.8
       6       1968        206        22567        13.1       19.9        1.450       4.6      0.0
       6       1968        207        14696        12.0       17.4        1.260       5.8      1.2
       6       1968        208        23362        13.1       20.3        1.510       4.5      0.0
       6       1968        209        24242        10.9       22.3        1.510       3.7      0.1
       6       1968        210        15114        12.3       18.1        1.320       3.7      0.0
       6       1968        211        20013         9.5       20.6        1.320       2.0      0.0
       6       1968        212        24660        11.5       24.2        1.510       3.9      0.0
       6       1968        213        23865        14.7       27.5        1.550       3.7      0.0
       6       1968        214        10969        13.8       23.3        1.690       1.8      0.8
       6       1968        215         7285        15.2       21.2        1.830       2.7      0.0
       6       1968        216        11514        14.6       23.7        1.710       4.0      2.4
       6       1968        217        21729        12.5       22.7        1.510       3.8      0.0
       6       1968        218        13942        15.2       26.2        1.560       4.0      0.0
       6       1968        219        12309        14.7       23.8        1.650       2.8      6.0
       6       1968        220         9002        15.1       21.1        1.770       2.3      2.1
       6       1968        221        13021        11.7       22.7        1.760       1.6      0.1
       6       1968        222        23111        15.8       25.8        1.740       4.3      0.0
       6       1968        223        22902        11.5       21.8        1.630       4.2      0.0
       6       1968        224        13733        11.0       17.9        1.340       3.6      0.0
       6       1968        225        20306         9.4       18.7        1.240       4.1      0.1
       6       1968        226        13649         9.5       21.2        1.520       4.3      0.3
       6       1968        227         7453        11.6       16.7        1.400       6.9      6.9
       6       1968        228        16873         9.9       17.0        1.110       4.8      0.2
       6       1968        229        14654         8.3       17.4        1.280       6.4      2.6
       6       1968        230        13942         9.3       17.6        1.310       5.8      4.2
       6       1968        231        12644         6.6       17.1        1.200       5.1     15.4
       6       1968        232        17794         7.0       17.8        1.080       4.8      0.0
       6       1968        233         9295        10.6       19.8        1.400       4.1      2.2
       6       1968        234        17710        14.1       23.4        1.700       3.1      0.0
       6       1968        235        18380        12.9       24.2        1.650       2.4      0.2
       6       1968        236        21604        11.0       20.1        1.450       3.5      0.0
       6       1968        237        20264        11.6       24.1        1.690       4.3      0.0
       6       1968        238        20348        15.9       23.0        1.820       4.8      0.0
       6       1968        239        20222        15.8       24.7        1.810       5.0      0.4
       6       1968        240        14821        15.2       22.1        1.740       4.3      0.0
       6       1968        241         7118        15.8       20.9        1.820       2.7      3.6
       6       1968        242         3810        15.7       19.4        1.850       2.5     14.5
       6       1968        243        11095        16.5       23.9        1.930       2.9      0.9
       6       1968        244         3517        10.7       17.0        1.550       4.5      1.4
       6       1968        245        14068        11.2       19.8        1.460       3.6      0.0
       6       1968        246         7327        12.4       20.2        1.610       3.7      2.0
       6       1968        247        10634        14.2       21.6        1.710       2.3     21.3
       6       1968        248         9965        13.0       18.9        1.580       2.4      2.4
       6       1968        249        16580        10.6       19.4        1.400       2.3      0.0
       6       1968        250        15282         8.5       21.5        1.260       1.4      0.2
       6       1968        251         2805         8.5       16.8        1.530       3.0      0.0
       6       1968        252         9378        12.9       19.7        1.610       2.1      0.0
       6       1968        253        13272        10.4       22.2        1.720       1.9      0.1
       6       1968        254        17250        13.5       24.9        1.610       3.4      0.0
       6       1968        255        17124        12.9       23.4        1.510       3.7      0.0
       6       1968        256         6741        10.7       18.1        1.480       3.1      8.3
       6       1968        257         8415         9.4       18.7        1.430       2.4      5.0
       6       1968        258         9923         7.4       18.4        1.330       1.3      0.2
       6       1968        259         4354        11.9       15.6        1.450       4.8     15.9
       6       1968        260         2261        10.0       13.9        1.300       5.3     34.3
       6       1968        261         6573         8.9       13.7        1.250       1.8      5.2
       6       1968        262         9002        10.6       16.3        1.270       3.2      0.0
       6       1968        263        10383         7.6       17.0        1.120       1.2      0.0
       6       1968        264         5862         7.1       17.0        1.280       4.8      0.6
       6       1968        265        11262        11.4       17.2        1.280       9.1      9.3
       6       1968        266         6196        10.9       16.3        1.380       7.1      9.1
       6       1968        267         6490         9.5       16.4        1.290       5.3     24.2
       6       1968        268        10886        11.1       16.3        1.280       6.0     10.3
       6       1968        269         7201         7.5       14.9        1.060       2.8      0.1
       6       1968        270         5443         9.1       15.3        1.350       4.6     12.0
       6       1968        271         7620        13.5       20.6        1.710       4.5      7.1
       6       1968        272         6950        10.6       16.1        1.320       5.3      0.0
       6       1968        273         7913        10.1       15.9        1.240       6.0      4.5
       6       1968        274         7787         8.4       14.5        1.180       5.9      8.9
       6       1968        275         6657         7.4       14.4        1.150       4.8      1.4
       6       1968        276         2721        11.2       15.2        1.540       4.8     12.9
       6       1968        277         3014        13.1       16.2        1.600       3.7      1.8
       6       1968        278         3977        13.3       17.8        1.690       3.6      0.3
       6       1968        279         7118        12.3       16.9        1.450       2.1      0.7
       6       1968        280         5820        12.0       17.8        1.510       5.2      2.9
       6       1968        281         6406         6.7       14.2        1.140       3.3      3.9
       6       1968        282         2470         5.6       13.6        1.190       3.1      6.7
       6       1968        283         6364         9.7       16.2        1.380       4.2      0.1
       6       1968        284         2596         6.6       16.3        1.390       4.8      4.6
       6       1968        285         5778        10.4       16.5        1.430       6.4      8.9
       6       1968        286         2512        12.7       16.8        1.520       7.6     17.7
       6       1968        287         8248        11.0       15.8        1.250       8.7      0.0
       6       1968        288         9923         5.1       15.1        1.090       5.9      0.0
       6       1968        289         6824         5.1       13.8        1.040       4.5      5.5
       6       1968        290         6406         5.9       13.3        0.980       6.7      5.3
       6       1968        291         3391         5.6       12.1        0.990       5.5      8.3
       6       1968        292         6657         2.6       12.9        0.900       3.0      0.5
       6       1968        293         9462         2.9       11.9        0.850       3.3      0.0
       6       1968        294         9043         1.6       13.5        0.920       4.7      0.1
       6       1968        295         5820         6.3       15.4        1.130       3.0      0.0
       6       1968        296         8834         2.0       16.2        0.910       0.9      0.0
       6       1968        297         2303         1.8       10.1        0.970       1.0      0.4
       6       1968        298         6406         6.1       13.2        1.020       1.3      0.0
       6       1968        299         1926         5.3       12.0        1.100       2.7      0.0
       6       1968        300         1298         4.4        9.8        0.990       2.3      0.0
       6       1968        301         1800         5.2       10.0        1.030       4.0      0.2
       6       1968        302         4689         3.5       13.6        1.000       4.2      0.0
       6       1968        303         4145         9.1       13.9        1.210       7.1      6.3
       6       1968        304         3768         9.4       14.5        1.310       4.6      0.0
       6       1968        305         5024        12.5       18.7        1.390       5.6      0.0
       6       1968        306         2345        12.8       15.3        1.460       3.4      4.8
       6       1968        307         4647         8.9       17.0        1.300       3.2      2.6
       6       1968        308          670         8.5       12.4        1.240       4.4     34.2
       6       1968        309         4731         6.3        9.9        0.760       4.5      0.6
       6       1968        310         4312         3.5        8.1        0.680       3.6      0.6
       6       1968        311         1256         2.2        5.3        0.680       7.6      7.1
       6       1968        312         1675         2.1        3.1        0.650       6.1      2.0
       6       1968        313         1591         1.8        3.6        0.690       1.6      1.6
       6       1968        314         4480        -0.3        8.2        0.720       1.5      0.1
       6       1968        315         1884         0.9        3.8        0.710       1.6      0.2
       6       1968        316         1968         0.5        5.7        0.770       1.1      0.0
       6       1968        317         3894         3.1        8.2        0.840       2.5      0.0
       6       1968        318         5150         2.4        7.0        0.690       5.9      0.0
       6       1968        319         4857        -3.9        3.8        0.490       6.7      0.0
       6       1968        320         3182        -6.1       -2.1        0.370       5.9      0.0
       6       1968        321         4019        -4.3        0.3        0.440       5.6      0.4
       6       1968        322          879         0.2        3.8        0.710       5.2      0.0
       6       1968        323         1214         3.5        6.3        0.860       3.1      1.4
       6       1968        324          837         4.4        6.1        0.880       1.8      1.2
       6       1968        325          921         3.9        5.3        0.810       1.6      0.0
       6       1968        326         1842         4.3        7.2        0.840       1.4      0.0
       6       1968        327          921         1.7        5.3        0.690       4.4      1.1
       6       1968        328          628         2.9       10.2        0.890       5.8      7.4
       6       1968        329         4103         4.2       10.6        0.960       6.9      1.2
       6       1968        330         2219         1.5        8.2        0.880       4.5      0.0
       6       1968        331         1382         7.9       10.7        1.050       5.2      0.2
       6       1968        332         2805         5.5       11.8        0.920       2.8      0.2
       6       1968        333         3810        -0.8       10.3        0.750       1.9      0.0
       6       1968        334          837        -1.4        6.8        0.820       1.8      2.1
       6       1968        335         1047         3.8        6.4        0.860       2.4      0.2
       6       1968        336          670         3.9        5.1        0.800       3.5      0.0
       6       1968        337         1130         1.0        4.4        0.660       4.2      0.0
       6       1968        338          461        -0.7        1.4        0.560       2.9      0.0
       6       1968        339          461        -0.9       -0.3        0.520       1.8      0.0
       6       1968        340          712        -0.7        1.4        0.600       3.4      0.0
       6       1968        341          502        -1.6        0.1        0.520       4.2      0.0
       6       1968        342          628        -3.0       -1.4        0.470       4.0      0.0
       6       1968        343          879        -2.8        0.5        0.500       5.4      0.0
       6       1968        344         2093        -2.6        0.7        0.470       5.5      0.0
       6       1968        345          795        -5.4       -0.2        0.430       4.9      0.0
       6       1968        346         3768        -8.7       -4.2        0.310       3.2      0.0
       6       1968        347         3601       -10.3       -4.8        0.290       1.7      0.0
       6       1968        348         4438       -10.4       -1.4        0.320       2.6      0.0
       6       1968        349         2596        -9.1       -1.5        0.320       3.4      0.0
       6       1968        350         1884        -9.0        0.5        0.440       4.6      0.1
       6       1968        351         1172        -0.1        3.2        0.600       4.8      0.1
       6       1968        352         2763        -1.4        4.0        0.600       3.4      0.4
       6       1968        353         2261        -2.9        0.2        0.530       2.4      0.0
       6       1968        354         1675        -4.1        3.6        0.560       1.0      0.0
       6       1968        355         1549        -4.6        3.5        0.560       6.4      2.1
       6       1968        356         1047        -3.3        6.4        0.740       3.7      4.8
       6       1968        357          670        -3.6        7.0        0.770       5.4      3.1
       6       1968        358          921         1.7        7.6        0.780       7.2      7.0
       6       1968        359          879         0.6        5.7        0.710       5.6      0.9
       6       1968        360         1047         0.7        4.4        0.600       4.3      0.8
       6       1968        361         2931        -3.6        1.8        0.520       4.0      1.2
       6       1968        362         2847        -5.6        1.4        0.490       3.8      2.1
       6       1968        363          754        -6.6       -1.7        0.450       2.1      1.8
       6       1968        364          586        -4.1       -2.5        0.430       2.1      0.8
       6       1968        365         1172        -7.7       -4.1        0.340       2.3      0.0
       6       1968        366         1842        -7.6        2.6        0.450       4.7      1.6
