* Country: Netherlands
* Station: Eelde
* Year: 1971
*  Source: Weather data and coordinates from
*  Eelde (KNMI)
*  Author: J. W. Steenhuizen PRI Wageningen
*  Longitude: 235.030 Amersfoortse coordinates
*  Latitude: 571.460
*  Elevation: 4.0 m.
*  Comments: For internal use only
*  Columns:
*  ========
*  station number
*  year
*  day
*  irradiation (kJ m-2 d-1)
*  minimum temperature (degrees Celsius)
*  maximum temperature (degrees Celsius)
*  vapour pressure (kPa)
*  mean wind speed (m s-1)
*  precipitation (mm d-1)
*--------------------------------------------------------------------------*
   6.35 53.08 4.0 0.00 0.00
        6      1971         1      1340       -21      -3.7      0.300       4.5         2.8
        6      1971         2      1420      -3.9       1.3      0.560         3         1.9
        6      1971         3      1050      -7.4      -3.2      0.400       2.5         0.3
        6      1971         4      1370      -9.3      -5.5      0.330       2.5           0
        6      1971         5      2790     -13.9      -5.6      0.300       2.5           0
        6      1971         6      1430     -16.2      -7.5      0.220       1.5           0
        6      1971         7      1800     -11.9       3.5      0.590       6.5         1.4
        6      1971         8       630       1.6       4.4      0.750         5         0.9
        6      1971         9      1720      -0.3       4.5      0.700       4.5           0
        6      1971        10      3070      -0.4       8.8      0.670         3           0
        6      1971        11      3470      -1.2       2.3      0.510       4.5           0
        6      1971        12      3590      -2.9       4.3      0.490       2.5           0
        6      1971        13       710      -2.7       2.7      0.610         2           0
        6      1971        14      3230      -4.4       2.7      0.490       2.5           0
        6      1971        15      1920      -3.5       2.8      0.610       2.5           0
        6      1971        16       290       1.7         4      0.750       3.5         1.2
        6      1971        17      1940       1.1       4.5      0.750       3.5         0.1
        6      1971        18      3310       0.3       3.5      0.660       4.5           0
        6      1971        19      1260       3.1       8.3      0.840         8         2.9
        6      1971        20      2060       3.7         7      0.810         7         2.4
        6      1971        21      1620       0.7       4.4      0.690         5         0.4
        6      1971        22      1270       0.1       5.4      0.730       3.5         1.3
        6      1971        23       920       4.2      11.5      0.890       8.5        10.3
        6      1971        24      2110       4.7      11.8      0.810      12.5           2
        6      1971        25      1430         5       8.3      0.880         8         3.5
        6      1971        26      2390       5.2       8.2      0.870       7.5         7.9
        6      1971        27       240       3.8       8.4      0.910       3.5         6.7
        6      1971        28      2090       3.1       6.8      0.810         4         3.6
        6      1971        29      1760       0.7       6.4      0.780       4.5         1.1
        6      1971        30      1260      -0.2       5.7      0.690         4         1.5
        6      1971        31      1550       1.3       7.6      0.800       4.5         0.4
        6      1971        32      4990      -3.5         4      0.440       6.5           0
        6      1971        33      2840      -5.8       3.4      0.520       5.5         0.3
        6      1971        34      1390       0.7       7.9      0.910       7.5         4.2
        6      1971        35      1750       5.9       8.5      0.910       5.5         0.7
        6      1971        36      1590       4.2       6.3      0.850         4         0.5
        6      1971        37      1540       3.5       6.7      0.780       3.5           0
        6      1971        38      1170       2.9         7      0.830       4.5         2.3
        6      1971        39      5030       4.3       9.6      0.880       4.5         0.3
        6      1971        40      1430       3.5       6.4      0.850       2.5           0
        6      1971        41      3350      -0.5       8.3      0.720       2.5           0
        6      1971        42      3600        -2         3      0.640       2.5           0
        6      1971        43      1340       1.5       7.7      0.800       7.5           6
        6      1971        44      6400       1.4       8.3      0.780        11         2.2
        6      1971        45      6630       1.6       7.2      0.660       7.5         0.2
        6      1971        46      2440       2.8       6.7      0.710         9         7.3
        6      1971        47      4480       0.5       6.6      0.700         4           0
        6      1971        48      5910        -3       7.3      0.620         2           0
        6      1971        49      2640       0.1       3.3      0.660       2.5         3.6
        6      1971        50      3820      -0.9         6      0.670       3.5         1.3
        6      1971        51      7280       1.7       5.6      0.700         4           0
        6      1971        52      3770       4.4       8.5      0.880         5         1.9
        6      1971        53      6960       3.7       7.5      0.720         7         2.6
        6      1971        54      7170      -1.2       7.5      0.630         4           0
        6      1971        55      2900      -0.9       7.3      0.810         5         0.4
        6      1971        56      4940      -0.1       7.4      0.700       6.5         1.7
        6      1971        57      8040      -2.8         3      0.490       4.5         0.9
        6      1971        58      6540      -3.5      -0.8      0.400       3.5         0.3
        6      1971        59      5480      -6.8      -0.1      0.430         4           0
        6      1971        60      6750      -3.6      -0.3      0.420         3         0.1
        6      1971        61      4970      -5.3      -0.7      0.420         4         1.1
        6      1971        62     10190      -6.3      -0.8      0.370         5           0
        6      1971        63     10390      -8.4      -3.1      0.320         4           0
        6      1971        64      6490     -11.4      -2.4      0.330       2.5           2
        6      1971        65     12640     -12.5      -3.4      0.290       2.5           0
        6      1971        66     13160     -13.2       0.9      0.410       2.5           0
        6      1971        67      7150      -0.7       6.6      0.700         4         0.8
        6      1971        68      4600       0.6       7.3      0.730         4         0.4
        6      1971        69      8960      -0.4         5      0.540         7         0.4
        6      1971        70     10060      -1.9       4.6      0.480         5         0.2
        6      1971        71      3280      -0.9       6.8      0.700       5.5         1.6
        6      1971        72      4990       0.3       8.7      0.790         5           0
        6      1971        73      9420      -0.9        10      0.750         3         0.1
        6      1971        74      9050       3.4      10.2      0.750         6           1
        6      1971        75      8830       1.6      10.6      0.700       4.5         2.4
        6      1971        76      7910      -0.3       8.5      0.690       5.5         3.6
        6      1971        77      7250       0.7        12      0.880         5         3.9
        6      1971        78      7590       2.8      11.3      0.780       4.5           0
        6      1971        79      6200       0.7       9.5      0.790       2.5         0.7
        6      1971        80      4650       1.3       8.5      0.820       4.5           0
        6      1971        81      4070       0.8       5.1      0.650         8           0
        6      1971        82     13260      -0.2       8.8      0.600       4.5           0
        6      1971        83      2230       2.8       9.2      0.920       6.5         1.4
        6      1971        84      4280       1.5       8.5      0.880       7.5         3.2
        6      1971        85     11720         0       8.9      0.720       4.5         0.5
        6      1971        86     10030      -1.8       7.2      0.610       3.5         1.2
        6      1971        87      5710       1.4       5.9      0.640       1.5           0
        6      1971        88     16470      -0.7      11.3      0.570       3.5           0
        6      1971        89     10090       0.2         7      0.630         5           0
        6      1971        90      4600       3.2       6.1      0.740         3           0
        6      1971        91      5630       3.4       7.7      0.750         1           0
        6      1971        92     14130       3.1      12.2      0.840       4.5           0
        6      1971        93      4180       4.2       7.3      0.900       4.5           0
        6      1971        94      5050       5.4       9.6      0.970         3           0
        6      1971        95      5370       5.3      10.6      0.960         3         0.4
        6      1971        96      4410       5.1       8.1      0.870         2         0.1
        6      1971        97      5080       4.7       8.4      0.820       1.5           0
        6      1971        98      9100         4        12      0.830         5           0
        6      1971        99     14920       3.8      10.2      0.790         6           0
        6      1971       100     20900       3.7      10.2      0.720         6           0
        6      1971       101      5980      -1.8       8.7      0.760         3           0
        6      1971       102     13470      -3.1      11.1      0.800         4           0
        6      1971       103      5650       4.2       7.7      0.840       3.5           0
        6      1971       104     19600       3.6      17.5      0.820       2.5           0
        6      1971       105     22020         2      18.9      0.760         2           0
        6      1971       106      2370       2.6       8.8      0.920       5.5         4.3
        6      1971       107     16320        -1       7.4      0.630         6         1.2
        6      1971       108     16370         1        13      0.750         7           0
        6      1971       109     11310       1.2      13.3      0.830       3.5           0
        6      1971       110     10840       0.6        14      0.880       2.5           0
        6      1971       111     21660       0.6      16.3      0.830       3.5           0
        6      1971       112     19820       5.6      21.6      1.000       3.5           0
        6      1971       113     16310      10.2      21.9      1.000       6.5           0
        6      1971       114      4240       3.6        13      0.830       5.5         5.9
        6      1971       115     24620       0.1       7.7      0.520         6           0
        6      1971       116     21120      -3.1       9.9      0.510         3           0
        6      1971       117     21700       0.4       9.8      0.430         3           0
        6      1971       118     21310      -0.4      10.2      0.560       4.5           0
        6      1971       119     23440      -0.7       9.8      0.610         7         0.2
        6      1971       120     20720      -3.3        11      0.570       3.5           0
        6      1971       121     26490         1      12.5      0.500         6           0
        6      1971       122     26590       0.6      13.8      0.590         5           0
        6      1971       123     26090       1.6      16.9      0.580       3.5           0
        6      1971       124     21440       2.8      18.7      0.730         3           0
        6      1971       125     21450       4.6      19.5      0.760       3.5           0
        6      1971       126     21880         7      20.9      0.910         4           0
        6      1971       127     20100       8.1      22.6      0.890       5.5           0
        6      1971       128     10810       6.3        19      1.120       2.5           0
        6      1971       129      7830         5      18.6      1.250       3.5         8.7
        6      1971       130     24720       5.3      21.3      1.220       2.5           0
        6      1971       131     25500       8.3      24.5      1.340         3           0
        6      1971       132     21290      11.1      26.4      1.420       3.5           0
        6      1971       133     19400       9.6      17.1      1.150         6           0
        6      1971       134     17490       9.2        21      1.260       4.5         0.1
        6      1971       135     18500       7.9      19.4      1.250         3           0
        6      1971       136     12160       8.6      20.1      1.370         3        11.1
        6      1971       137     15200        11      20.4      1.510         3         9.8
        6      1971       138     21620       8.7      18.9      1.150         3         7.3
        6      1971       139     25390       8.4      17.9      1.000         3         0.3
        6      1971       140     27880       3.9        16      0.970         3           0
        6      1971       141     26750       6.9      16.2      1.010         4           0
        6      1971       142     20810       8.2      21.2      1.140         4           0
        6      1971       143     14070       9.9      19.2      1.140         5           0
        6      1971       144      6460       7.4        12      0.990         5         0.7
        6      1971       145      4100       6.8       9.7      1.010         4         0.5
        6      1971       146      8500       7.2      12.7      1.040         2           0
        6      1971       147     16240       7.6      20.6      1.250       2.5         0.2
        6      1971       148     11580      10.4      16.5      1.260       2.5           3
        6      1971       149     18290         9        18      1.090       2.5           0
        6      1971       150     26850       5.8      22.3      1.040         3           0
        6      1971       151     25850       9.4      21.8      1.130       2.5           0
        6      1971       152     26770       5.2      20.9      1.300       3.5           0
        6      1971       153     23140      11.9      27.4      1.560         4         6.2
        6      1971       154     28430      13.2      24.5      1.660         4           0
        6      1971       155     29910      11.7      22.5      1.500         4           0
        6      1971       156     28910      10.6      18.6      1.240       4.5           0
        6      1971       157     17290      10.5      22.3      1.340         3           0
        6      1971       158     27260      10.8      23.2      1.240         3           0
        6      1971       159     13440      10.2      18.1      1.250         3         0.2
        6      1971       160     15700       9.9      17.5      1.120         3           0
        6      1971       161     16500      11.9      19.6      1.480         5         0.4
        6      1971       162      4750      11.8      16.5      1.420       2.5        16.6
        6      1971       163     11140      10.2      15.3      1.260       2.5         2.2
        6      1971       164     18440       8.6      17.2      1.200       3.5         1.2
        6      1971       165     14630         9        16      1.090         4        12.9
        6      1971       166      3810       8.2      10.2      1.050       5.5         8.1
        6      1971       167     16360       6.2      15.5      0.980       4.5         1.8
        6      1971       168     16210       3.8        16      1.000       3.5         2.8
        6      1971       169     14460         4      13.8      1.040       3.5           7
        6      1971       170      9770       6.2      14.9      1.100       3.5         5.1
        6      1971       171      4980       6.3        14      1.290       3.5         5.8
        6      1971       172     12340      11.4        16      1.190         5         0.1
        6      1971       173     15150      10.2      14.8      1.210       6.5         3.8
        6      1971       174     16210       5.9      16.2      1.070         3           0
        6      1971       175     26490       3.8      21.1      1.120         1           0
        6      1971       176     21990       9.2        22      1.390       3.5           0
        6      1971       177     14310      12.2        22      1.480       3.5         4.2
        6      1971       178     17160       8.1      18.9      1.250         5           0
        6      1971       179      8920       8.4      13.5      1.180         4         7.1
        6      1971       180     22840       7.7      17.9      1.050       4.5         1.5
        6      1971       181     26440       7.2      17.1      1.070       3.5         1.5
        6      1971       182     31910       4.2      19.7      1.040         3           0
        6      1971       183     11950      11.2      21.7      1.430         2           0
        6      1971       184     21370      12.4      22.1      1.510         2           0
        6      1971       185     26220      11.6      25.4      1.620         2         0.1
        6      1971       186     26660      14.2      26.8      1.590       2.5           0
        6      1971       187     25360      12.7      20.3      1.540         4           0
        6      1971       188     30980      10.9      22.1      1.590       4.5           0
        6      1971       189     28770      13.3      27.8      1.780         3           0
        6      1971       190     25990      15.1      28.3      1.780       3.5           0
        6      1971       191     27240      13.4      22.2      1.500         4           0
        6      1971       192     26780       9.4      26.4      1.520         2           0
        6      1971       193     17700      10.6        22      1.440       3.5         0.1
        6      1971       194     25170        10      19.2      1.090         4           0
        6      1971       195     13340      13.1      19.6      1.370         5         0.4
        6      1971       196     20980      13.7      21.4      1.360       7.5           0
        6      1971       197     16840       7.1      16.8      1.030         7         0.3
        6      1971       198     24720         7      17.4      1.000         3         0.9
        6      1971       199     16880       5.6      17.9      1.070       3.5         0.3
        6      1971       200     16920       4.7      18.6      1.020         2         0.2
        6      1971       201     20960       8.2      20.4      1.180       3.5         0.2
        6      1971       202     13060       8.8      21.7      1.320       3.5         0.6
        6      1971       203     17860       9.2      22.4      1.400         3         2.5
        6      1971       204     17730      13.3      23.6      1.630       2.5         2.4
        6      1971       205     15530        16      25.1      1.890         4         7.6
        6      1971       206     17190      14.7      24.6      1.830         3         5.3
        6      1971       207     19100      12.6      23.8      1.730         3         1.9
        6      1971       208     16000      14.7      25.4      1.870         2         1.5
        6      1971       209     10200      13.3      20.9      1.840         3           1
        6      1971       210      9770      13.3      19.6      1.690       4.5         6.8
        6      1971       211     19260        13      22.1      1.620         3         0.2
        6      1971       212     20650      12.1      25.1      1.610       4.5           0
        6      1971       213     26260      10.7      24.5      1.510       3.5           0
        6      1971       214     23260      14.1      23.4      1.530         4           0
        6      1971       215     22230        14      28.9      1.690         4           2
        6      1971       216     12250      14.4      20.3      1.560         6         1.1
        6      1971       217     16910      14.8      22.8      1.610       4.5         2.5
        6      1971       218     20050      14.3      23.4      1.560       3.5         0.1
        6      1971       219      7240      11.7      19.5      1.570       3.5        12.2
        6      1971       220     12080       9.1      18.9      1.400         4         1.5
        6      1971       221      5450         9      18.9      1.640       5.5         0.3
        6      1971       222     14700      15.5      22.5      1.800       3.5         4.3
        6      1971       223      7020      14.1      17.5      1.630       5.5         7.9
        6      1971       224      9870      13.6      18.5      1.480         4         1.4
        6      1971       225      8940        14      19.2      1.640       4.5         3.6
        6      1971       226     11040      13.5      21.5      1.680         5         0.1
        6      1971       227     12710      12.4      19.9      1.490       5.5         2.1
        6      1971       228     19910       7.7      18.9      1.130       3.5           0
        6      1971       229     24200       4.7      21.6      1.200         2           0
        6      1971       230     20440      11.6      25.1      1.480       3.5           0
        6      1971       231     20440      14.5      29.7      1.660       2.5           0
        6      1971       232     14700      18.1      26.9      2.020         2           0
        6      1971       233     10580      13.8      23.7      1.820       1.5         0.3
        6      1971       234      4500      12.9      18.8      1.850       1.5         5.7
        6      1971       235      8000      12.5      19.5      1.580         4         4.2
        6      1971       236     23090       9.7      20.9      1.120         3           0
        6      1971       237     22060       8.7      22.5      1.060       2.5           0
        6      1971       238     19760       8.4      23.9      1.140         2           0
        6      1971       239      9630       9.9      19.7      1.430       4.5         1.2
        6      1971       240     10460      10.4      20.2      1.570       7.5         4.8
        6      1971       241     11930      14.4      20.7      1.710         5         0.6
        6      1971       242     18200      11.3      19.1      1.350       4.5         3.2
        6      1971       243     17480       9.4      18.6      1.260       4.5         6.8
        6      1971       244      9310      11.5      19.1      1.490         7         3.4
        6      1971       245     16240      10.1      18.6      1.270         5           0
        6      1971       246      6080        13      19.7      1.710         4           0
        6      1971       247     12750       7.8      20.2      1.510         4         0.3
        6      1971       248     17810       5.8      19.3      1.170       2.5           0
        6      1971       249     17550       8.8      19.4      1.220       2.5           0
        6      1971       250     19200       6.9      21.2      1.180         2           0
        6      1971       251     18860       9.4      21.4      1.290         3           0
        6      1971       252     17600        10      17.9      1.150       3.5           0
        6      1971       253      4950       8.7      15.5      1.220         2         0.9
        6      1971       254     17020       3.2      17.7      1.080       2.5         0.1
        6      1971       255      4760       9.6        17      1.280       3.5         0.5
        6      1971       256     10980       9.9      17.4      1.030       3.5           0
        6      1971       257     13970       6.2      16.9      1.000       3.5         1.5
        6      1971       258     19000       2.1      15.3      0.800         2           0
        6      1971       259     13630       1.3      15.8      0.890         2           0
        6      1971       260     11390       5.4      17.4      1.140       3.5           0
        6      1971       261      9210        10      18.4      1.310       4.5           0
        6      1971       262     10220       8.8      19.8      1.350       2.5         0.1
        6      1971       263     12870       7.6      20.6      1.260         2           0
        6      1971       264     13480       8.2      21.2      1.270       1.5           0
        6      1971       265     12830       5.7      22.4      1.310       1.5           0
        6      1971       266     11450      11.6      24.7      1.450       2.5           0
        6      1971       267     10490       5.2      17.4      1.190       4.5         3.4
        6      1971       268      5820       5.8        15      1.070       2.5         5.7
        6      1971       269     10690       8.5      16.3      0.910       2.5           0
        6      1971       270      4920       7.5      16.6      1.230         3        14.2
        6      1971       271      7670         9      17.6      1.290       1.5         0.1
        6      1971       272      7800       7.2      16.1      1.210       1.5           0
        6      1971       273      6570       7.7      17.4      1.490       3.5           0
        6      1971       274     10160         9      21.3      1.570       2.5           0
        6      1971       275     10110       7.7      20.9      1.370         1           0
        6      1971       276      7450         8      18.9      1.370         1           0
        6      1971       277     13150       1.8      14.7      0.970       3.5           0
        6      1971       278     13540       0.8        14      0.700       1.5           0
        6      1971       279     13120       0.5      14.6      0.650         3           0
        6      1971       280     11720       1.2      18.7      1.130       5.5           0
        6      1971       281      4000       5.5      15.5      1.320       4.5           0
        6      1971       282      5090       8.4      16.4      1.320       3.5           0
        6      1971       283      7210      11.4      17.3      1.350       5.5           0
        6      1971       284      6140      12.8      18.4      1.400         7           0
        6      1971       285      6100         8      17.6      1.350         4         8.7
        6      1971       286      2840       6.3      11.5      1.020         3         8.5
        6      1971       287      7580         2       9.4      0.770       2.5         1.1
        6      1971       288     12630      -2.6       9.7      0.560         2           0
        6      1971       289      7410       1.1       9.8      0.600       4.5           0
        6      1971       290      3490       3.5       9.4      0.750       5.5         1.4
        6      1971       291      5430       8.1      15.2      1.190       8.5        25.1
        6      1971       292      4640        11      17.4      1.320      10.5         2.1
        6      1971       293      7540       6.7      13.7      0.990         9         8.2
        6      1971       294      8000       7.5        14      1.060       7.5         0.1
        6      1971       295      6980      12.7      17.7      1.410        11           0
        6      1971       296      5150       8.2        17      1.360       4.5           0
        6      1971       297      7690       8.3      17.5      1.200         4           0
        6      1971       298      3530       7.7      13.3      1.030         3           0
        6      1971       299      8580       3.3      12.2      0.840         3           0
        6      1971       300      8950         1      11.6      0.730       2.5           0
        6      1971       301      7850      -0.1      11.7      0.750         2         0.1
        6      1971       302      8160      -0.2      12.4      0.710         2           0
        6      1971       303      7100      -0.4      10.3      0.700         2           0
        6      1971       304      2030      -0.9       9.8      1.020       3.5           0
        6      1971       305      2300         8      11.7      1.200         4           0
        6      1971       306      2910      10.5        13      1.270       6.5           0
        6      1971       307      1130       9.8      13.2      1.310       6.5           0
        6      1971       308      3120       9.8      12.9      1.170         9           0
        6      1971       309      5930       8.7      13.2      1.040       6.5           0
        6      1971       310      4830         5      12.4      0.920         6         0.5
        6      1971       311      5190       3.3       9.7      0.750       7.5         1.6
        6      1971       312      5980       2.7       9.4      0.820       6.5         3.5
        6      1971       313      5060       2.2       9.5      0.710       6.5           4
        6      1971       314      6690        -3       6.1      0.540         2           0
        6      1971       315      7580      -5.9       5.2      0.480       1.5           0
        6      1971       316      1890       1.1       8.7      0.770         2         0.8
        6      1971       317       670       2.4       7.2      0.830         4         0.9
        6      1971       318      3480       2.6      11.3      0.860         4         0.4
        6      1971       319      1140       6.2       9.8      1.020         6         0.2
        6      1971       320       820       5.2      10.5      0.960        10         1.7
        6      1971       321      3170       1.3         6      0.650       7.5           4
        6      1971       322      2740       0.6      10.4      0.790         6         5.1
        6      1971       323      3710      -7.6       1.1      0.480         3           0
        6      1971       324      2650      -8.1       3.8      0.560         5         0.8
        6      1971       325       560      -1.2       6.2      0.670      10.5         7.2
        6      1971       326       650       0.6       3.3      0.670       9.5        13.9
        6      1971       327      2270       0.7       4.5      0.650         4         1.1
        6      1971       328      2080      -2.8       3.2      0.570       4.5         0.3
        6      1971       329       510      -0.4       9.1      0.840         6         2.3
        6      1971       330      1590       8.3      10.6      1.140       4.5         0.7
        6      1971       331       840       6.9         9      1.030         5         0.9
        6      1971       332      1110       4.8       7.7      0.840         3           0
        6      1971       333       680       0.3       7.6      0.850       2.5         7.4
        6      1971       334      2180      -3.3       5.2      0.700       2.5         1.5
        6      1971       335       570       1.9       4.7      0.760         3         0.1
        6      1971       336      1150       0.3       4.2      0.700       2.5           0
        6      1971       337      1670       1.6         5      0.730         2           0
        6      1971       338       870       2.6         8      0.810         6           0
        6      1971       339       920       5.8       9.4      1.020       5.5           0
        6      1971       340       970       4.6       6.7      0.920         2           0
        6      1971       341      2270       2.3       8.3      0.890       4.5           0
        6      1971       342      1480       0.6       8.3      0.610       5.5           0
        6      1971       343       360       0.6       9.4      0.860         6         2.1
        6      1971       344       820       7.9       9.9      1.040       6.5         0.6
        6      1971       345      1730         7       9.4      0.990       7.5         0.2
        6      1971       346       530       6.4       8.2      0.980       5.5         1.7
        6      1971       347       660       6.5       8.8      1.000       7.5         0.5
        6      1971       348      1590       0.4       8.6      0.890         5           0
        6      1971       349       880         6      10.2      1.050       7.5           0
        6      1971       350      1970         7        10      1.070       7.5           0
        6      1971       351      1080      -0.4       7.4      0.750       4.5           0
        6      1971       352       560       1.2       3.3      0.740       6.5           0
        6      1971       353       870       3.2       9.5      0.880       9.5         3.7
        6      1971       354      1870       5.7      11.9      1.000         8         1.9
        6      1971       355      1940       6.9      12.1      1.130         8           0
        6      1971       356      1120       6.4       8.1      0.970         3           2
        6      1971       357      1250       3.4       7.1      0.810       3.5        10.6
        6      1971       358      1740       2.7         8      0.880       6.5           0
        6      1971       359      1080       5.4       8.2      0.890         5           0
        6      1971       360      2450       0.9         6      0.700         3           0
        6      1971       361       720       3.4       7.2      0.870         4         6.4
        6      1971       362      2330      -2.6       5.1      0.630       3.5         4.5
        6      1971       363      2330      -3.1       2.1      0.560       4.5         0.1
        6      1971       364      1580       0.6       2.2      0.600       7.5           0
        6      1971       365       420       0.6       2.3      0.620         8           0
